1.738211176698623711e-02 2.773890099846399587e-02 1.300000000000000000e+01
2.945141047864370532e-02 4.036298741332509064e-03 3.300000000000000000e+01
4.189043332923508833e-02 9.067751647008558905e-04 7.900000000000000000e+01
5.436837454080618165e-02 2.841232463908501091e-04 1.170000000000000000e+02
6.709179269147286240e-02 1.159569608450799046e-04 2.050000000000000000e+02
7.906028830909658800e-02 5.284139850583085743e-05 2.350000000000000000e+02
9.134212272608749350e-02 2.438345650372822457e-05 3.690000000000000000e+02
1.036762715188662420e-01 1.208156067041188706e-05 4.330000000000000000e+02
1.161203601746208930e-01 6.885494892627227978e-06 5.850000000000000000e+02
1.284418909099373229e-01 4.276829341789153380e-06 6.790000000000000000e+02
1.405592364589596799e-01 2.665630312535758710e-06 8.130000000000000000e+02
1.528879085095380397e-01 1.620154918856513481e-06 9.850000000000000000e+02
1.654374794108308400e-01 1.013841118953462224e-06 1.183000000000000000e+03
1.776729418071751887e-01 6.921358694541786420e-07 1.269000000000000000e+03
1.898591753287150741e-01 4.972974320507344030e-07 1.537000000000000000e+03
2.021021560467512468e-01 3.548689958077081270e-07 1.653000000000000000e+03
2.143703992684685700e-01 2.488935083549803583e-07 1.963000000000000000e+03
2.266685712461119495e-01 1.767927245404295643e-07 2.121000000000000000e+03
2.389979817456025779e-01 1.307735154376530477e-07 2.413000000000000000e+03
2.513314966973230202e-01 9.998022142509092944e-08 2.635000000000000000e+03
2.635743753250157639e-01 7.697273269192233277e-08 2.877000000000000000e+03
2.757713982113569329e-01 5.881871478048710107e-08 3.169000000000000000e+03
2.881120265131774105e-01 4.493858843301253745e-08 3.507000000000000000e+03
3.003642723148961524e-01 3.509574698217390127e-08 3.685000000000000000e+03
3.126284265724824651e-01 2.800546622232886517e-08 4.165000000000000000e+03
3.249982751341953802e-01 2.248348013227735453e-08 4.377000000000000000e+03
3.373428995657114515e-01 1.804882200148644143e-08 4.855000000000000000e+03
3.495635182377118122e-01 1.453469972606255463e-08 4.929000000000000000e+03
3.617878302046586003e-01 1.181109539089899460e-08 5.581000000000000000e+03
3.739857006525697525e-01 9.717017120618686850e-09 5.679000000000000000e+03
3.863066149710030484e-01 8.047848036223661630e-09 6.385000000000000000e+03
3.986206514546336566e-01 6.683662354022090849e-09 6.553000000000000000e+03
4.109256450409854988e-01 5.563654437461190218e-09 7.125000000000000000e+03
4.232245526996682439e-01 4.651827892226951323e-09 7.447000000000000000e+03
4.354883361750296888e-01 3.917345719005259357e-09 7.929000000000000000e+03
4.477773490403011425e-01 3.319085672305779924e-09 8.353000000000000000e+03
4.599885758528930446e-01 2.826594527669193190e-09 8.775000000000000000e+03
4.722481609019255622e-01 2.411433512755141273e-09 9.313000000000000000e+03
4.845422928593006162e-01 2.062395549511261224e-09 9.841000000000000000e+03
4.967758314204989145e-01 1.772498997868985172e-09 1.019100000000000000e+04
5.090496585712509514e-01 1.529355910436813567e-09 1.089700000000000000e+04
5.213393302533125828e-01 1.324228750045047120e-09 1.130100000000000000e+04
5.336764342072569667e-01 1.149064818070419165e-09 1.202500000000000000e+04
5.460018906414875195e-01 9.996722850624538597e-10 1.242300000000000000e+04
5.582746664676744297e-01 8.727865693649943969e-10 1.302100000000000000e+04
5.704836467567014902e-01 7.648276579596613635e-10 1.340500000000000000e+04
5.827050477421528152e-01 6.721422167703070903e-10 1.424700000000000000e+04
5.949966092592182676e-01 5.916953925244037237e-10 1.471300000000000000e+04
6.072810794928119593e-01 5.221402518929349981e-10 1.548900000000000000e+04
6.195640960192183577e-01 4.618113756218657038e-10 1.591300000000000000e+04
6.318725718641450273e-01 4.093966610429980966e-10 1.687900000000000000e+04
6.441734799903116038e-01 3.638724434211735889e-10 1.719300000000000000e+04
6.564797713783508959e-01 3.241206638432111556e-10 1.815700000000000000e+04
6.686914796307175113e-01 2.894516494230439288e-10 1.833900000000000000e+04
6.809527720051307131e-01 2.586713936623192447e-10 1.957300000000000000e+04
6.932444559397105133e-01 2.316094874561277429e-10 1.994100000000000000e+04
7.054525264494219128e-01 2.081827034283942171e-10 2.062900000000000000e+04
7.177279471803852395e-01 1.879666822117926251e-10 2.165500000000000000e+04
7.300093350151545257e-01 1.697769627706161136e-10 2.211300000000000000e+04
7.423152405224867634e-01 1.530071671907189202e-10 2.318500000000000000e+04
7.545976291523092128e-01 1.375225927628655661e-10 2.366700000000000000e+04
7.668242541727441353e-01 1.239089171771470905e-10 2.438500000000000000e+04
7.791532227191277915e-01 1.121523337243562894e-10 2.574900000000000000e+04
7.914205555814117776e-01 1.029527764660065869e-10 2.567500000000000000e+04
8.036946245254837917e-01 9.480124765123392045e-11 2.740900000000000000e+04
8.159793500227521257e-01 8.637592161163949213e-11 2.740500000000000000e+04
8.282032517041271191e-01 7.736181758253019816e-11 2.871700000000000000e+04
8.405128301308969485e-01 6.836855223634052907e-11 2.959500000000000000e+04
8.528044062999269315e-01 6.199817456161819151e-11 3.030100000000000000e+04
8.650383170353053153e-01 5.719541366919853953e-11 3.110100000000000000e+04
8.772723473691131924e-01 5.420616931585278865e-11 3.202300000000000000e+04
8.895340129403773721e-01 5.029357753858722798e-11 3.297700000000000000e+04
9.018817324806753799e-01 4.560209133586234918e-11 3.444900000000000000e+04
9.141883285202558884e-01 4.133939504865444301e-11 3.454900000000000000e+04
9.264619614774151080e-01 3.767053832298727307e-11 3.611100000000000000e+04
9.387414329717578276e-01 3.521462248188182025e-11 3.654100000000000000e+04
9.509803239040424128e-01 3.285226337929224700e-11 3.771700000000000000e+04
9.632220897656164071e-01 3.007841741375227057e-11 3.861900000000000000e+04
9.754895990516671000e-01 2.750770885965478857e-11 3.966100000000000000e+04
9.877263772139494025e-01 2.515337813713750479e-11 4.054500000000000000e+04
9.999851555211123344e-01 2.354167219738168523e-11 4.181500000000000000e+04
1.012329315970391885e+00 2.253704378155206615e-11 4.312500000000000000e+04
1.024626882427558394e+00 2.106115370727478842e-11 4.368100000000000000e+04
1.036866661813151680e+00 1.936566242783490900e-11 4.462900000000000000e+04
1.049135454677095014e+00 1.771483503142328165e-11 4.622700000000000000e+04
1.061441321051521669e+00 1.616169019436102140e-11 4.690900000000000000e+04
1.073716924295355035e+00 1.486743188893545449e-11 4.823700000000000000e+04
1.085925278808941075e+00 1.375063749336658566e-11 4.858300000000000000e+04
1.098213804025323759e+00 1.276171994082774542e-11 5.099700000000000000e+04
1.110549128364700433e+00 1.187395504100068246e-11 5.139700000000000000e+04
1.122813396371499683e+00 1.109715244321915949e-11 5.248900000000000000e+04
1.135068400457140525e+00 1.040791920349805663e-11 5.378700000000000000e+04
1.147342675129095380e+00 9.803095611953764329e-12 5.491300000000000000e+04
1.159604730526738070e+00 9.286843092645680366e-12 5.597700000000000000e+04
1.171869522420641019e+00 8.796307126999886506e-12 5.741500000000000000e+04
1.184117014672710466e+00 8.321047046630205412e-12 5.810500000000000000e+04
1.196380776649323074e+00 7.851906996999802688e-12 6.003300000000000000e+04
1.208687057234670847e+00 7.291199497779179176e-12 6.094900000000000000e+04
1.220959095202714728e+00 6.760637575376743583e-12 6.223500000000000000e+04
1.233208486402970872e+00 6.303579856122250884e-12 6.322900000000000000e+04
1.245508508346104382e+00 5.891551069541697355e-12 6.513300000000000000e+04
1.257784723303624341e+00 5.550762634658872871e-12 6.570700000000000000e+04
1.270055745540256131e+00 5.285196386522518965e-12 6.756100000000000000e+04
1.282341038613093342e+00 5.017557476066607834e-12 6.850500000000000000e+04
1.294603375460791739e+00 4.683276918091267218e-12 6.994300000000000000e+04
1.306872157219178376e+00 4.363163925879068428e-12 7.109700000000000000e+04
1.319154335659298072e+00 4.087550576729612259e-12 7.302100000000000000e+04
1.331413186443985319e+00 3.845070459879031132e-12 7.331700000000000000e+04
1.343670416769862985e+00 3.616613312038277485e-12 7.579900000000000000e+04
1.355926624421783355e+00 3.394494639319973305e-12 7.602100000000000000e+04
1.368198320788034605e+00 3.186669944371503809e-12 7.875300000000000000e+04
1.380493155587640075e+00 2.979485572863788024e-12 7.929100000000000000e+04
1.392777150327133118e+00 2.777707605553666917e-12 8.112900000000000000e+04
1.405062158431919173e+00 2.591084126826356086e-12 8.244100000000000000e+04
1.417350353046506362e+00 2.417839301608764231e-12 8.394900000000000000e+04
1.429619664591669892e+00 2.257650250668899442e-12 8.512300000000000000e+04
1.441896091891586407e+00 2.122201490718869588e-12 8.692900000000000000e+04
1.454153484788269113e+00 2.022418335856683766e-12 8.778900000000000000e+04
1.466381074598185785e+00 1.929131438626853348e-12 8.962300000000000000e+04
1.478663762757040256e+00 1.833532590786791302e-12 9.134100000000000000e+04
1.490945553437686755e+00 1.738100725774179711e-12 9.284500000000000000e+04
1.503215421848099087e+00 1.648342006465946413e-12 9.408700000000000000e+04
1.515506809604572958e+00 1.561864345861828711e-12 9.633300000000000000e+04
1.527798660544841036e+00 1.479859261679287285e-12 9.724900000000000000e+04
1.540100573539109341e+00 1.400268894753835592e-12 9.950100000000000000e+04
1.552323548238187856e+00 1.306125132562948310e-12 9.928300000000000000e+04
1.564549042303194248e+00 1.214589973603318423e-12 1.025370000000000000e+05
1.576828918306125260e+00 1.136942545276297121e-12 1.034770000000000000e+05
1.589107321948020513e+00 1.110464104957143606e-12 1.057510000000000000e+05
1.601397070109577214e+00 1.093024377230245360e-12 1.068690000000000000e+05
1.613662624295466586e+00 1.072985927408327392e-12 1.086970000000000000e+05
1.625956459000079013e+00 1.034813894647891566e-12 1.105770000000000000e+05
1.638273302580230073e+00 9.950932529660913681e-13 1.125550000000000000e+05
1.650514578067000970e+00 9.610246961197718463e-13 1.125930000000000000e+05
1.662750560070829442e+00 9.577755649700792948e-13 1.155730000000000000e+05
1.675038723418361242e+00 9.610621131790657592e-13 1.172830000000000000e+05
1.687316108801252934e+00 9.573839466876493088e-13 1.185810000000000000e+05
1.699577879978046324e+00 8.470625613380459967e-13 1.206250000000000000e+05
1.711843964077200742e+00 7.183502336090628602e-13 1.219350000000000000e+05
1.724121850273385714e+00 6.102320160196243919e-13 1.244410000000000000e+05
1.736393118826927484e+00 5.770155832235702163e-13 1.255170000000000000e+05
1.748649267014282582e+00 5.902596608666644885e-13 1.273570000000000000e+05
1.760929008138104601e+00 6.037382588236696977e-13 1.298950000000000000e+05
1.773209634393521306e+00 6.100996137937809317e-13 1.307010000000000000e+05
1.785496895765598335e+00 6.016469563397659854e-13 1.339210000000000000e+05
1.797779456585471447e+00 5.929551418264658565e-13 1.341870000000000000e+05
1.810045784231388843e+00 5.825957845534878970e-13 1.371250000000000000e+05
1.822328944795884365e+00 5.589243229117659616e-13 1.384570000000000000e+05
1.834622223744897918e+00 5.336784843599854778e-13 1.409370000000000000e+05
1.846870080155897709e+00 5.098140519242361105e-13 1.413670000000000000e+05
1.859113284872103700e+00 4.726519529870668524e-13 1.443810000000000000e+05
1.871369776471062174e+00 4.254525372960417374e-13 1.455490000000000000e+05
1.883662293966622325e+00 3.831184485151661710e-13 1.491390000000000000e+05
1.895967897181298545e+00 3.502899061597661882e-13 1.496410000000000000e+05
1.908218900087896186e+00 3.516189897388450480e-13 1.518250000000000000e+05
1.920473305735041603e+00 3.585615933365798353e-13 1.534530000000000000e+05
1.932728455462241035e+00 3.655962749191588952e-13 1.558870000000000000e+05
1.945010996468966136e+00 3.613598116297330719e-13 1.581210000000000000e+05
1.957297286609057219e+00 3.408652516404577094e-13 1.598410000000000000e+05
1.969540674482686216e+00 3.215616301675628581e-13 1.611750000000000000e+05
1.981824511398913025e+00 3.033508176728313941e-13 1.646770000000000000e+05
1.994126084838471202e+00 2.847217244337522179e-13 1.660570000000000000e+05
2.006394493041785854e+00 2.667024588403617475e-13 1.677030000000000000e+05
2.018670277140658609e+00 2.499140464266037430e-13 1.702690000000000000e+05
2.030952260532412179e+00 2.356529574256012647e-13 1.722570000000000000e+05
2.043216747936142497e+00 2.326332985695160114e-13 1.736530000000000000e+05
2.055475462521540120e+00 2.318580277815811116e-13 1.766190000000000000e+05
2.067735751272673284e+00 2.310898220029720463e-13 1.775650000000000000e+05
2.080008463019119347e+00 2.283622947826485201e-13 1.812850000000000000e+05
2.092298393439131488e+00 2.174199124218056549e-13 1.825470000000000000e+05
2.104578220314605286e+00 2.061587742008394256e-13 1.849930000000000000e+05
2.116845351929772523e+00 1.955518677607126398e-13 1.867770000000000000e+05
2.129117234263313563e+00 1.863919435003470438e-13 1.890730000000000000e+05
2.141386066321568471e+00 1.806636825673974231e-13 1.914910000000000000e+05
2.153674086052424830e+00 1.753918881904554444e-13 1.938450000000000000e+05
2.165943452333749963e+00 1.703101518451065995e-13 1.951810000000000000e+05
2.178174664968279828e+00 1.653677614291067829e-13 1.973190000000000000e+05
2.190433842997593139e+00 1.603816102089088153e-13 2.002330000000000000e+05
2.202719870751546960e+00 1.555405961479693086e-13 2.030370000000000000e+05
2.215018657555435588e+00 1.508665886303210433e-13 2.048710000000000000e+05
2.227273534473448890e+00 1.464319066610978621e-13 2.062210000000000000e+05
2.239529649064412986e+00 1.425411120278492822e-13 2.095290000000000000e+05
2.251840650374316244e+00 1.388299228857737438e-13 2.125450000000000000e+05
2.264118958498200662e+00 1.352441023972812504e-13 2.132070000000000000e+05
2.276384222436070193e+00 1.317276545215695778e-13 2.165770000000000000e+05
2.288658352062910684e+00 1.272883264876333884e-13 2.181930000000000000e+05
2.300952024159490072e+00 1.225944833728299694e-13 2.221510000000000000e+05
2.313218074710013283e+00 1.181069410160427578e-13 2.216410000000000000e+05
2.325458285740755304e+00 1.138153240810076063e-13 2.261730000000000000e+05
2.337719157879688758e+00 1.081345264652842051e-13 2.269810000000000000e+05
2.350003080769816677e+00 1.006994423252933597e-13 2.319030000000000000e+05
2.362278993050206388e+00 9.380225729144960209e-14 2.314930000000000000e+05
2.374538871239863180e+00 8.741848132842813653e-14 2.360410000000000000e+05
2.386815928068645842e+00 8.227452983645938187e-14 2.372310000000000000e+05
2.399102766838841827e+00 8.239266006942649063e-14 2.409250000000000000e+05
2.411392551908071891e+00 8.340741048371840681e-14 2.427690000000000000e+05
2.423637201517297779e+00 8.442563481760466480e-14 2.437570000000000000e+05
2.435888357704467655e+00 8.545161940968241252e-14 2.479830000000000000e+05
2.448174726432504222e+00 8.429048312922322404e-14 2.502730000000000000e+05
2.460449124789410913e+00 8.064238270156207180e-14 2.523730000000000000e+05
2.472719029545417779e+00 7.716613948327056223e-14 2.554470000000000000e+05
2.484992750921887428e+00 7.385478392741387167e-14 2.570890000000000000e+05
2.497273740348870064e+00 7.074112302085488527e-14 2.612370000000000000e+05
2.509544119010925556e+00 6.833945550967504687e-14 2.616670000000000000e+05
2.521826992317544924e+00 6.620690013245582245e-14 2.668890000000000000e+05
2.534112746823773854e+00 6.415018134360467033e-14 2.670490000000000000e+05
2.546370755882703563e+00 6.217132230197344625e-14 2.705770000000000000e+05
2.558627583833518848e+00 6.032386771899439149e-14 2.726430000000000000e+05
2.570901264966575450e+00 5.880651966928002338e-14 2.762050000000000000e+05
2.583177266334576228e+00 5.736589092240543337e-14 2.781690000000000000e+05
2.595440414947020713e+00 5.596858983803645755e-14 2.808190000000000000e+05
2.607704697176866038e+00 5.461154923048415928e-14 2.836290000000000000e+05
2.620001008344286841e+00 5.300588109674021807e-14 2.877370000000000000e+05
2.632286852377137443e+00 5.071725004659346383e-14 2.882290000000000000e+05
2.644534355458745267e+00 4.850479409945115466e-14 2.915190000000000000e+05
2.656801971284723507e+00 4.639502357783846396e-14 2.946970000000000000e+05
2.669073606362495354e+00 4.438544301777253204e-14 2.968170000000000000e+05
2.681350582973501151e+00 4.259296290381887372e-14 3.007390000000000000e+05
2.693623775252737662e+00 4.116798005475128285e-14 3.019210000000000000e+05
2.705878060838002419e+00 3.981142584356929118e-14 3.054570000000000000e+05
2.718161408631444065e+00 3.850236148106848771e-14 3.088390000000000000e+05
2.730438381717716467e+00 3.724257837521304737e-14 3.106410000000000000e+05
2.742710709783558354e+00 3.620798626154674558e-14 3.144850000000000000e+05
2.754989803681385130e+00 3.576992485133599074e-14 3.161130000000000000e+05
2.767261393647393319e+00 3.538189481818544268e-14 3.202750000000000000e+05
2.779527689818626968e+00 3.499992182252964404e-14 3.211090000000000000e+05
2.791792580398906320e+00 3.462377650905791565e-14 3.261210000000000000e+05
2.804076019185131052e+00 3.407758649127740154e-14 3.277270000000000000e+05
2.816361565955662893e+00 3.238259240131989392e-14 3.318210000000000000e+05
2.828620445026039487e+00 3.057748061763774963e-14 3.324970000000000000e+05
2.840883494086274386e+00 2.887969444104220250e-14 3.373530000000000000e+05
2.853162732718515393e+00 2.728078220413600672e-14 3.395590000000000000e+05
2.865449930472707685e+00 2.578720687079479567e-14 3.433090000000000000e+05
2.877720525290941467e+00 2.500772419886460991e-14 3.447570000000000000e+05
2.889980400866404064e+00 2.461859411070012904e-14 3.487030000000000000e+05
2.902258094927428811e+00 2.423657698089300675e-14 3.512610000000000000e+05
2.914518771021708865e+00 2.386257800006147286e-14 3.540610000000000000e+05
2.926762637460898375e+00 2.349638008405012804e-14 3.561150000000000000e+05
2.939034671974965818e+00 2.319686540966252475e-14 3.616690000000000000e+05
2.951320296669093679e+00 2.307810030721138063e-14 3.628930000000000000e+05
2.963596943330394584e+00 2.297194250596673824e-14 3.671010000000000000e+05
2.975876115174083125e+00 2.286668698627516897e-14 3.694390000000000000e+05
2.988160226007601672e+00 2.276230245839397491e-14 3.732570000000000000e+05
3.000449564284945136e+00 2.265171961676350533e-14 3.759490000000000000e+05
3.012716247615992771e+00 2.202335879082519269e-14 3.780430000000000000e+05
3.024968677896445524e+00 2.110480535068553031e-14 3.811170000000000000e+05
3.037252089413381206e+00 2.022589844255485802e-14 3.864490000000000000e+05
3.049526025248503469e+00 1.938750925902580756e-14 3.863970000000000000e+05
3.061775627056916083e+00 1.858862400775012095e-14 3.913150000000000000e+05
3.074050190242934466e+00 1.789390838111829553e-14 3.943050000000000000e+05
3.086335049279050669e+00 1.780924683108849888e-14 3.980770000000000000e+05
3.098604284051831748e+00 1.785853732055176144e-14 3.999190000000000000e+05
3.110859402857432787e+00 1.790771192950922725e-14 4.031130000000000000e+05
3.123137571083341335e+00 1.795692016032565666e-14 4.082290000000000000e+05
3.135433860620076008e+00 1.800614221290059338e-14 4.103130000000000000e+05
3.147695040858610405e+00 1.782651407239218548e-14 4.126870000000000000e+05
3.159956244300143879e+00 1.650076405937312103e-14 4.165890000000000000e+05
3.172232881799067705e+00 1.517651958407902621e-14 4.199410000000000000e+05
3.184501169007643906e+00 1.396179204379249342e-14 4.229950000000000000e+05
3.196775362788355945e+00 1.284426348949661479e-14 4.264410000000000000e+05
3.209044772849387162e+00 1.182485193563992722e-14 4.296730000000000000e+05
3.221306985641626763e+00 1.101325204870937155e-14 4.319670000000000000e+05
3.233581316289749541e+00 1.076865419907224475e-14 4.375090000000000000e+05
3.245858537900559337e+00 1.057359273480975851e-14 4.387050000000000000e+05
3.258143284541348272e+00 1.039058685626337303e-14 4.445530000000000000e+05
3.270410452207983099e+00 1.020102626589206985e-14 4.443910000000000000e+05
3.282661560504875009e+00 1.001957224014762508e-14 4.497330000000000000e+05
3.294949006525297541e+00 9.821639320207797903e-15 4.541290000000000000e+05
3.307244111148282872e+00 9.513332061825977850e-15 4.569030000000000000e+05
3.319496381696187992e+00 9.194673853855834636e-15 4.575370000000000000e+05
3.331765130967058397e+00 8.890314005411857933e-15 4.652170000000000000e+05
3.344051629460721653e+00 8.590302571271259119e-15 4.655250000000000000e+05
3.356324964022264101e+00 8.311728059485048388e-15 4.712350000000000000e+05
3.368596219656374569e+00 8.029330638495696428e-15 4.721250000000000000e+05
3.380854377493985208e+00 7.777981429552026366e-15 4.769410000000000000e+05
3.393138815484900928e+00 7.532351475090019230e-15 4.815630000000000000e+05
3.405406234137748456e+00 7.288463327932266491e-15 4.820410000000000000e+05
3.417657578539513796e+00 7.062097990439576649e-15 4.876690000000000000e+05
3.429938572445236034e+00 6.842188424215265177e-15 4.911990000000000000e+05
3.442213936181234946e+00 6.630003979227344790e-15 4.940890000000000000e+05
3.454484741542898085e+00 6.387806589517618439e-15 4.983090000000000000e+05
3.466756561287216876e+00 6.115191883201761129e-15 5.007370000000000000e+05
3.479034288235220540e+00 5.849433956051365565e-15 5.063670000000000000e+05
3.491307476230946172e+00 5.593493339443808383e-15 5.070610000000000000e+05
3.503582265647720462e+00 5.355209455895021665e-15 5.140570000000000000e+05
3.515849710063451372e+00 5.122999511813709462e-15 5.135430000000000000e+05
3.528113095419004530e+00 4.915899670761861478e-15 5.205010000000000000e+05
3.540379081381022086e+00 4.789285821621498987e-15 5.215290000000000000e+05
3.552650234588581757e+00 4.701065535587619827e-15 5.276890000000000000e+05
3.564930008043383225e+00 4.624169325930720659e-15 5.300710000000000000e+05
3.577201673129291049e+00 4.538135673280375532e-15 5.339130000000000000e+05
3.589475185421321157e+00 4.460149729483683987e-15 5.375170000000000000e+05
3.601759213693743522e+00 4.368263618199083256e-15 5.425110000000000000e+05
3.614032845297826313e+00 4.271885735869811504e-15 5.438890000000000000e+05
3.626300897920319954e+00 4.062120958073924759e-15 5.492610000000000000e+05
3.638569782569557987e+00 3.849243570483171344e-15 5.513410000000000000e+05
3.650838524349331760e+00 3.648070931142647631e-15 5.569630000000000000e+05
3.663120345318307880e+00 3.462728833374424286e-15 5.600370000000000000e+05
3.675392127019131205e+00 3.285830748502633387e-15 5.631370000000000000e+05
3.687654030110239400e+00 3.115665653016398598e-15 5.669070000000000000e+05
3.699910107777807600e+00 2.971440337963236439e-15 5.701810000000000000e+05
3.712192804988637462e+00 2.899039376030502000e-15 5.770050000000000000e+05
3.724479481931025404e+00 2.824054532922041550e-15 5.780110000000000000e+05
3.736733532571433258e+00 2.756705011495533836e-15 5.814730000000000000e+05
3.749005634242537077e+00 2.685299482376098908e-15 5.877810000000000000e+05
3.761282921258348289e+00 2.620753193411733144e-15 5.891770000000000000e+05
3.773563384691363432e+00 2.557870258970117082e-15 5.961390000000000000e+05
3.785825410215798215e+00 2.476208777268377700e-15 5.949130000000000000e+05
3.798082698326972650e+00 2.406332018338084472e-15 6.033930000000000000e+05
3.810363789459987771e+00 2.328006553096020668e-15 6.053710000000000000e+05
3.822645618386320887e+00 2.253875023083428472e-15 6.107410000000000000e+05
3.834921122185569242e+00 2.182817462318025469e-15 6.131130000000000000e+05
3.847188206118976606e+00 2.106500444594950031e-15 6.172810000000000000e+05
3.859469466864462017e+00 2.042748316233322316e-15 6.227790000000000000e+05
3.871753887143852157e+00 1.963969949317723522e-15 6.253570000000000000e+05
3.884018533710083432e+00 1.843007355534098303e-15 6.286690000000000000e+05
3.896281876299207081e+00 1.724701341467094281e-15 6.334350000000000000e+05
3.908553898872709542e+00 1.611863851992255025e-15 6.370090000000000000e+05
3.920819837741210456e+00 1.507732535431707369e-15 6.414090000000000000e+05
3.933080855037441204e+00 1.407698912398603740e-15 6.441310000000000000e+05
3.945346161479486469e+00 1.320793886331215007e-15 6.499650000000000000e+05
3.957637209013813884e+00 1.230151171107939037e-15 6.549250000000000000e+05
3.969922935445351797e+00 1.193610704631713733e-15 6.576010000000000000e+05
3.982175514047068710e+00 1.182423544074229864e-15 6.596430000000000000e+05
3.994441577776709718e+00 1.161978935752035098e-15 6.668650000000000000e+05
4.006727938504470288e+00 1.150035132690222503e-15 6.701370000000000000e+05
4.019004746641884118e+00 1.129596371370299234e-15 6.742630000000000000e+05
4.031277227451610656e+00 1.115738786853553222e-15 6.776970000000000000e+05
4.043554474959882405e+00 1.100480769216553586e-15 6.831370000000000000e+05
4.055839296806413863e+00 1.072256454397795064e-15 6.865810000000000000e+05
4.068096648036075180e+00 1.024373065835562416e-15 6.886950000000000000e+05
4.080340810272203633e+00 9.729827181155771445e-16 6.934330000000000000e+05
4.092625412812637364e+00 9.285925245703665378e-16 7.011570000000000000e+05
4.104896712235945877e+00 8.794801115363986382e-16 7.007830000000000000e+05
4.117161081901492103e+00 8.348201512420227400e-16 7.084530000000000000e+05
4.129437122155980688e+00 7.968965535564763678e-16 7.110370000000000000e+05
4.141704525954867044e+00 7.531521510165100189e-16 7.153330000000000000e+05
4.153978385170237431e+00 7.267927019509680243e-16 7.203510000000000000e+05
4.166253993732757621e+00 7.016393773039575257e-16 7.245250000000000000e+05
4.178538499825864783e+00 6.841208859281796574e-16 7.293210000000000000e+05
4.190814603076742806e+00 6.611493370548793433e-16 7.327030000000000000e+05
4.203073337122014586e+00 6.397329721107453636e-16 7.352410000000000000e+05
4.215351393663523183e+00 6.217901489044699750e-16 7.440810000000000000e+05
4.227627727927940171e+00 6.014166507795177652e-16 7.435750000000000000e+05
4.239903711675261810e+00 5.811722366128191461e-16 7.523850000000000000e+05
4.252176052439746279e+00 5.507123168227554245e-16 7.523290000000000000e+05
4.264428999173489387e+00 5.105718066979551598e-16 7.580970000000000000e+05
4.276699753296243856e+00 4.765260202457023659e-16 7.639510000000000000e+05
4.288984663933998576e+00 4.400967786612625459e-16 7.680850000000000000e+05
4.301254992808039468e+00 4.119620534899641487e-16 7.710450000000000000e+05
4.313518859337963640e+00 3.801586036854007756e-16 7.761550000000000000e+05
4.325790306799478735e+00 3.548026446870161165e-16 7.806930000000000000e+05
4.338071451854346172e+00 3.260287861429671218e-16 7.865170000000000000e+05
4.350337682795837324e+00 3.081895893697933796e-16 7.874610000000000000e+05
4.362611642859859806e+00 2.992348740219289261e-16 7.964230000000000000e+05
4.374889619911012772e+00 2.841254350908732536e-16 7.970410000000000000e+05
4.387156592313711911e+00 2.736680087269268355e-16 8.037690000000000000e+05
4.399426520354007053e+00 2.611713669152835886e-16 8.067310000000000000e+05
4.411686361434122183e+00 2.499312664490486074e-16 8.110050000000000000e+05
4.423963041741128421e+00 2.380269095532504764e-16 8.182210000000000000e+05
4.436231205164318681e+00 2.264670212043518772e-16 8.191390000000000000e+05
4.448503896768269072e+00 2.148021761508682256e-16 8.274210000000000000e+05
4.460785975742031617e+00 1.988020243511600331e-16 8.300170000000000000e+05
4.473052489047368852e+00 1.836321465036501098e-16 8.339010000000000000e+05
4.485333554630674513e+00 1.720579713673131320e-16 8.418790000000000000e+05
4.497601113152791541e+00 1.600274821804980892e-16 8.406570000000000000e+05
4.509865945633409368e+00 1.481576588347761974e-16 8.509570000000000000e+05
4.522145512771656328e+00 1.384222353602110036e-16 8.519350000000000000e+05
4.534428391609130138e+00 1.287918503890242957e-16 8.603850000000000000e+05
4.546702887299255202e+00 1.207670313346448049e-16 8.607130000000000000e+05
4.558957497227143385e+00 1.143470834013064028e-16 8.661090000000000000e+05
4.571226507544313478e+00 1.086463180177775428e-16 8.726590000000000000e+05
4.583509650333473573e+00 1.048609598619757356e-16 8.772330000000000000e+05
4.595789930773827692e+00 9.920392634223259184e-17 8.815930000000000000e+05
4.608061822879042424e+00 9.534181383065498136e-17 8.857990000000000000e+05
4.620318454667698305e+00 9.014505737580983524e-17 8.882130000000000000e+05
4.632589671362627115e+00 8.674253822994817335e-17 8.980330000000000000e+05
4.644869733582068783e+00 8.294842345631551319e-17 8.985150000000000000e+05
4.657136751053478463e+00 7.806188970476976543e-17 9.058810000000000000e+05
4.669407123720282549e+00 7.349163569196807945e-17 9.086130000000000000e+05
4.681668230269437458e+00 6.943851236315047785e-17 9.134650000000000000e+05
4.693936504051409386e+00 6.504025418555211642e-17 9.200110000000000000e+05
4.706220800141615257e+00 6.016213229694487192e-17 9.251730000000000000e+05
4.718499420244769205e+00 5.709422687314489253e-17 9.287890000000000000e+05
4.730782524158375857e+00 5.363276097410179425e-17 9.355710000000000000e+05
4.743047201606930940e+00 4.988857952108901423e-17 9.355210000000000000e+05
4.755307563249784764e+00 4.657496285018711291e-17 9.450490000000000000e+05
4.767582922269617107e+00 4.412975446291374970e-17 9.470250000000000000e+05
4.779863242782285582e+00 4.084590691632612822e-17 9.557350000000000000e+05
4.792132509236800786e+00 3.776666333533941734e-17 9.555210000000000000e+05
4.804399814675896607e+00 3.514592312595392620e-17 9.646210000000000000e+05
4.816678189892614981e+00 3.337722355693543335e-17 9.677190000000000000e+05
4.828949147307209699e+00 3.043791387912689231e-17 9.724810000000000000e+05
4.841208045262156645e+00 2.847273212216878764e-17 9.765370000000000000e+05
4.853478205860069394e+00 2.646762582521375523e-17 9.838530000000000000e+05
4.865760389471367020e+00 2.465863280686988369e-17 9.882910000000000000e+05
4.878024424099666412e+00 2.287197950866735930e-17 9.911130000000000000e+05
4.890296224946505177e+00 2.094828987631855694e-17 9.990610000000000000e+05
4.902574098288927651e+00 1.975306383882016703e-17 1.003023000000000000e+06
4.914845182971244952e+00 1.852755606274866481e-17 1.007017000000000000e+06
4.927125443033921748e+00 1.680731405127630168e-17 1.015189000000000000e+06
4.939397843462237425e+00 1.554630229232393092e-17 1.015659000000000000e+06
4.951664139468105574e+00 1.465901789696336970e-17 1.024297000000000000e+06
4.963940457310106247e+00 1.353313758914366759e-17 1.027545000000000000e+06
4.976216814155414170e+00 1.230942232061120664e-17 1.034173000000000000e+06
4.988477864415409968e+00 1.134881179187237100e-17 1.035639000000000000e+06
5.000735915789408459e+00 1.113953551568495405e-17 1.043377000000000000e+06
5.013022503127924523e+00 1.034902970998919511e-17 1.051105000000000000e+06
5.025302855931816914e+00 9.537982489748513421e-18 1.052487000000000000e+06
5.037565960542966792e+00 9.209378499670505923e-18 1.058257000000000000e+06
5.049844070900289417e+00 8.929840884430544702e-18 1.065633000000000000e+06
5.062119395180531001e+00 8.229887259308205932e-18 1.067869000000000000e+06
5.074382958383321984e+00 7.570507808654603558e-18 1.074235000000000000e+06
5.086641414448522802e+00 7.307487165761148776e-18 1.077393000000000000e+06
5.098920283477419879e+00 6.841482420734382861e-18 1.087621000000000000e+06
5.111195046990768098e+00 6.062325419778141828e-18 1.087923000000000000e+06
5.123449429513799558e+00 5.369474740329321240e-18 1.093945000000000000e+06
5.135725833092325665e+00 5.221858230024654331e-18 1.102629000000000000e+06
5.148004898403597984e+00 4.345599981370590785e-18 1.104619000000000000e+06
5.160275467432149377e+00 3.739280729593540770e-18 1.111669000000000000e+06
5.172546563924425023e+00 3.386254498771361955e-18 1.116021000000000000e+06
5.184827810497764311e+00 3.259690841237681268e-18 1.122973000000000000e+06
5.197107424309186818e+00 2.648200518571545663e-18 1.127175000000000000e+06
5.209372119394659606e+00 2.138666340000332114e-18 1.130377000000000000e+06
5.221649037183656361e+00 2.032900568188779127e-18 1.140669000000000000e+06
5.233932398542673781e+00 1.886742089010832940e-18 1.142023000000000000e+06
5.246207456313063844e+00 1.491780892441792349e-18 1.149277000000000000e+06
5.258474098046987955e+00 1.029893541705553130e-18 1.152213000000000000e+06
5.270738325951615622e+00 1.137819985729751093e-18 1.158781000000000000e+06
5.282998927164604730e+00 9.751983525409272695e-19 1.162875000000000000e+06
5.295264990085316370e+00 7.368445322852653211e-19 1.169989000000000000e+06
5.307538736263589740e+00 4.052086379575699474e-19 1.175577000000000000e+06
5.319815882732508605e+00 5.524664737754907784e-19 1.181755000000000000e+06
5.332106279005067506e+00 4.225314229205932029e-19 1.188433000000000000e+06
5.344371073829666585e+00 3.060412417456815868e-19 1.188297000000000000e+06
5.356624723728983462e+00 1.406904279891419244e-19 1.196761000000000000e+06
5.368905759786676057e+00 2.015859854951045868e-19 1.204935000000000000e+06
5.381178523097380761e+00 1.401890064431042679e-19 1.206061000000000000e+06
5.393451085206741880e+00 8.922493231630992121e-20 1.215613000000000000e+06
5.405726736201903471e+00 2.926699030804621803e-20 1.218267000000000000e+06
5.417998930511218170e+00 3.469313039989936961e-20 1.225501000000000000e+06
5.430270772852717975e+00 1.247658291156957617e-20 1.229565000000000000e+06
5.442534130395002556e+00 1.382852004781009756e-21 1.235035000000000000e+06
5.454800748457352633e+00 0.000000000000000000e+00 1.240689000000000000e+06
5.467077716641037810e+00 0.000000000000000000e+00 1.249249000000000000e+06
5.479355582811181513e+00 0.000000000000000000e+00 1.251241000000000000e+06
5.491630973065976917e+00 0.000000000000000000e+00 1.260723000000000000e+06
5.503885297849166136e+00 0.000000000000000000e+00 1.257637000000000000e+06
5.516150725772924979e+00 0.000000000000000000e+00 1.274037000000000000e+06
5.528443391487898317e+00 0.000000000000000000e+00 1.275475000000000000e+06
5.540720216702386125e+00 0.000000000000000000e+00 1.281105000000000000e+06
5.552988335676034559e+00 0.000000000000000000e+00 1.285969000000000000e+06
5.565261517407040337e+00 0.000000000000000000e+00 1.292461000000000000e+06
5.577534110395362177e+00 0.000000000000000000e+00 1.298067000000000000e+06
5.589802343380241290e+00 0.000000000000000000e+00 1.302997000000000000e+06
5.602075135577400999e+00 0.000000000000000000e+00 1.309605000000000000e+06
5.614350310950690037e+00 0.000000000000000000e+00 1.315999000000000000e+06
5.626623264592821805e+00 0.000000000000000000e+00 1.319869000000000000e+06
5.638893001899184299e+00 0.000000000000000000e+00 1.327641000000000000e+06
5.651161142041371654e+00 0.000000000000000000e+00 1.330255000000000000e+06
5.663425121361393089e+00 0.000000000000000000e+00 1.338453000000000000e+06
5.675691325365977313e+00 0.000000000000000000e+00 1.342849000000000000e+06
5.687970933799141982e+00 0.000000000000000000e+00 1.352361000000000000e+06
5.700246086653653954e+00 0.000000000000000000e+00 1.354147000000000000e+06
5.712517647315798364e+00 0.000000000000000000e+00 1.362613000000000000e+06
5.724796711511103808e+00 0.000000000000000000e+00 1.368069000000000000e+06
5.737066762903856088e+00 0.000000000000000000e+00 1.372087000000000000e+06
5.749335898934315736e+00 0.000000000000000000e+00 1.379481000000000000e+06
5.761614168757597909e+00 0.000000000000000000e+00 1.386229000000000000e+06
5.773882136137113541e+00 0.000000000000000000e+00 1.388517000000000000e+06
5.786153279038012798e+00 0.000000000000000000e+00 1.399267000000000000e+06
5.798430732772348328e+00 0.000000000000000000e+00 1.401733000000000000e+06
5.810698549564207838e+00 0.000000000000000000e+00 1.408377000000000000e+06
5.822968489764107858e+00 0.000000000000000000e+00 1.414855000000000000e+06
5.835247581202454015e+00 0.000000000000000000e+00 1.421757000000000000e+06
5.847517653067185961e+00 0.000000000000000000e+00 1.425493000000000000e+06
5.859777763361255332e+00 0.000000000000000000e+00 1.430859000000000000e+06
5.872043305473467534e+00 0.000000000000000000e+00 1.438525000000000000e+06
5.884316039475769422e+00 0.000000000000000000e+00 1.445293000000000000e+06
5.896588172512050363e+00 0.000000000000000000e+00 1.449561000000000000e+06
5.908862119422366277e+00 0.000000000000000000e+00 1.458919000000000000e+06
5.921140107029507327e+00 0.000000000000000000e+00 1.461273000000000000e+06
5.933415941515375991e+00 0.000000000000000000e+00 1.471645000000000000e+06
5.945693490519592395e+00 0.000000000000000000e+00 1.473643000000000000e+06
5.957960045863613274e+00 0.000000000000000000e+00 1.480653000000000000e+06
5.970224520582573469e+00 0.000000000000000000e+00 1.485901000000000000e+06
5.982501053823231274e+00 0.000000000000000000e+00 1.495089000000000000e+06
5.994772850496791428e+00 0.000000000000000000e+00 1.498099000000000000e+06
6.007052134068161742e+00 0.000000000000000000e+00 1.508373000000000000e+06
6.019323824238122178e+00 0.000000000000000000e+00 1.508617000000000000e+06
6.031590917086010251e+00 0.000000000000000000e+00 1.519927000000000000e+06
6.043864522720445720e+00 0.000000000000000000e+00 1.522125000000000000e+06
6.056140591663200290e+00 0.000000000000000000e+00 1.533337000000000000e+06
6.068414280758688051e+00 0.000000000000000000e+00 1.533597000000000000e+06
6.080682225889637138e+00 0.000000000000000000e+00 1.544503000000000000e+06
6.092950513412580982e+00 0.000000000000000000e+00 1.546305000000000000e+06
6.105222669570649963e+00 0.000000000000000000e+00 1.557601000000000000e+06
6.117498537411333537e+00 0.000000000000000000e+00 1.559959000000000000e+06
6.129764009308477313e+00 0.000000000000000000e+00 1.567305000000000000e+06
6.142038804140286246e+00 0.000000000000000000e+00 1.575241000000000000e+06
6.154304592301876653e+00 0.000000000000000000e+00 1.577367000000000000e+06
6.166569656506958985e+00 0.000000000000000000e+00 1.587385000000000000e+06
6.178846322624687026e+00 0.000000000000000000e+00 1.593597000000000000e+06
6.191116526792562524e+00 0.000000000000000000e+00 1.597477000000000000e+06
6.203393953742370570e+00 0.000000000000000000e+00 1.609027000000000000e+06
6.215665868805944072e+00 0.000000000000000000e+00 1.608405000000000000e+06
6.227935179444486380e+00 0.000000000000000000e+00 1.621081000000000000e+06
6.240215859392558073e+00 0.000000000000000000e+00 1.624239000000000000e+06
6.252490868470671259e+00 0.000000000000000000e+00 1.631845000000000000e+06
6.264748734726292234e+00 0.000000000000000000e+00 1.633729000000000000e+06
6.277021907689533720e+00 0.000000000000000000e+00 1.647165000000000000e+06
6.289301913709186564e+00 0.000000000000000000e+00 1.644751000000000000e+06
6.301575403552062582e+00 0.000000000000000000e+00 1.643340000000000000e+06
6.313842558761026069e+00 0.000000000000000000e+00 1.636708000000000000e+06
6.326111565000890558e+00 0.000000000000000000e+00 1.637478000000000000e+06
6.338388186618338693e+00 0.000000000000000000e+00 1.631182000000000000e+06
6.350653318429953842e+00 0.000000000000000000e+00 1.629010000000000000e+06
6.362925353107523385e+00 0.000000000000000000e+00 1.625526000000000000e+06
6.375199539363470613e+00 0.000000000000000000e+00 1.623166000000000000e+06
6.387469047145446943e+00 0.000000000000000000e+00 1.617270000000000000e+06
6.399744975540756720e+00 0.000000000000000000e+00 1.617742000000000000e+06
6.412020876688491633e+00 0.000000000000000000e+00 1.611330000000000000e+06
6.424291406904193202e+00 0.000000000000000000e+00 1.608274000000000000e+06
6.436561693531712258e+00 0.000000000000000000e+00 1.604740000000000000e+06
6.448839799472561474e+00 0.000000000000000000e+00 1.603290000000000000e+06
6.461108371528202277e+00 0.000000000000000000e+00 1.595068000000000000e+06
6.473374277801224430e+00 0.000000000000000000e+00 1.595556000000000000e+06
6.485648261195692044e+00 0.000000000000000000e+00 1.589470000000000000e+06
6.497912617923548240e+00 0.000000000000000000e+00 1.586370000000000000e+06
6.510188500873471895e+00 0.000000000000000000e+00 1.585024000000000000e+06
6.522469705898394032e+00 0.000000000000000000e+00 1.579984000000000000e+06
6.534739853144390764e+00 0.000000000000000000e+00 1.575540000000000000e+06
6.547013925813042867e+00 0.000000000000000000e+00 1.572502000000000000e+06
6.559280266219190025e+00 0.000000000000000000e+00 1.566954000000000000e+06
6.571544123190218301e+00 0.000000000000000000e+00 1.563766000000000000e+06
6.583820908623135182e+00 0.000000000000000000e+00 1.562734000000000000e+06
6.596089750057448242e+00 0.000000000000000000e+00 1.554546000000000000e+06
6.608365359019697571e+00 0.000000000000000000e+00 1.555762000000000000e+06
6.620644516454042616e+00 0.000000000000000000e+00 1.548906000000000000e+06
6.632912755636684032e+00 0.000000000000000000e+00 1.543888000000000000e+06
6.645177498319265297e+00 0.000000000000000000e+00 1.541424000000000000e+06
6.657442360062594489e+00 0.000000000000000000e+00 1.535002000000000000e+06
6.669722339251252130e+00 0.000000000000000000e+00 1.537504000000000000e+06
6.681993132914268330e+00 0.000000000000000000e+00 1.525410000000000000e+06
6.694261014948919453e+00 0.000000000000000000e+00 1.527532000000000000e+06
6.706541327428630517e+00 0.000000000000000000e+00 1.521270000000000000e+06
6.718813763001558748e+00 0.000000000000000000e+00 1.516912000000000000e+06
6.731080793033955345e+00 0.000000000000000000e+00 1.512240000000000000e+06
6.743359639422138230e+00 0.000000000000000000e+00 1.511140000000000000e+06
6.755631157842590717e+00 0.000000000000000000e+00 1.501846000000000000e+06
6.767898114069756943e+00 0.000000000000000000e+00 1.502364000000000000e+06
6.780174472238728711e+00 0.000000000000000000e+00 1.495330000000000000e+06
6.792450149910261636e+00 0.000000000000000000e+00 1.493730000000000000e+06
6.804725883725046387e+00 0.000000000000000000e+00 1.486852000000000000e+06
6.816986365956470451e+00 0.000000000000000000e+00 1.481290000000000000e+06
6.829262668914804379e+00 0.000000000000000000e+00 1.482678000000000000e+06
6.841539156341532646e+00 0.000000000000000000e+00 1.471900000000000000e+06
6.853798143643459184e+00 0.000000000000000000e+00 1.470168000000000000e+06
6.866070472662335611e+00 0.000000000000000000e+00 1.466200000000000000e+06
6.878341858641983109e+00 0.000000000000000000e+00 1.461120000000000000e+06
6.890609083895967935e+00 0.000000000000000000e+00 1.456756000000000000e+06
6.902881925247460693e+00 0.000000000000000000e+00 1.452556000000000000e+06
6.915161390665570451e+00 0.000000000000000000e+00 1.450452000000000000e+06
6.927430489760197041e+00 0.000000000000000000e+00 1.440316000000000000e+06
6.939709739753434192e+00 0.000000000000000000e+00 1.444164000000000000e+06
6.951990631273369026e+00 0.000000000000000000e+00 1.431532000000000000e+06
6.964253850737460283e+00 0.000000000000000000e+00 1.430340000000000000e+06
6.976522576435152168e+00 0.000000000000000000e+00 1.424632000000000000e+06
6.988800341007487482e+00 0.000000000000000000e+00 1.421998000000000000e+06
7.001070917518267933e+00 0.000000000000000000e+00 1.414698000000000000e+06
7.013333679531310594e+00 0.000000000000000000e+00 1.409980000000000000e+06
7.025600208486784126e+00 0.000000000000000000e+00 1.406532000000000000e+06
7.037876624594197494e+00 0.000000000000000000e+00 1.402948000000000000e+06
7.050142987934711059e+00 0.000000000000000000e+00 1.394214000000000000e+06
7.062412914322297119e+00 0.000000000000000000e+00 1.394872000000000000e+06
7.074690640180437917e+00 0.000000000000000000e+00 1.385464000000000000e+06
7.086953618626321116e+00 0.000000000000000000e+00 1.382634000000000000e+06
7.099228178846583859e+00 0.000000000000000000e+00 1.378150000000000000e+06
7.111513636306372454e+00 0.000000000000000000e+00 1.374948000000000000e+06
7.123795927594998467e+00 0.000000000000000000e+00 1.368208000000000000e+06
7.136061101421339536e+00 0.000000000000000000e+00 1.360624000000000000e+06
7.148327156390927861e+00 0.000000000000000000e+00 1.358970000000000000e+06
7.160609375549098488e+00 0.000000000000000000e+00 1.354042000000000000e+06
7.172879319684213328e+00 0.000000000000000000e+00 1.345926000000000000e+06
7.185144833371175821e+00 0.000000000000000000e+00 1.343698000000000000e+06
7.197419183324042180e+00 0.000000000000000000e+00 1.336938000000000000e+06
7.209685957222612629e+00 0.000000000000000000e+00 1.332418000000000000e+06
7.221957750339435655e+00 0.000000000000000000e+00 1.327732000000000000e+06
7.234230071748588564e+00 0.000000000000000000e+00 1.321878000000000000e+06
7.246500469462226590e+00 0.000000000000000000e+00 1.317706000000000000e+06
7.258778502192162030e+00 0.000000000000000000e+00 1.312086000000000000e+06
7.271045677069522206e+00 0.000000000000000000e+00 1.306132000000000000e+06
7.283317173600549310e+00 0.000000000000000000e+00 1.301652000000000000e+06
7.295585445724233509e+00 0.000000000000000000e+00 1.295260000000000000e+06
7.307853078892518006e+00 0.000000000000000000e+00 1.291120000000000000e+06
7.320126553552271709e+00 0.000000000000000000e+00 1.285230000000000000e+06
7.332403580627381068e+00 0.000000000000000000e+00 1.282204000000000000e+06
7.344684000036938443e+00 0.000000000000000000e+00 1.273920000000000000e+06
7.356944411276296947e+00 0.000000000000000000e+00 1.268410000000000000e+06
7.369203301045217813e+00 0.000000000000000000e+00 1.262274000000000000e+06
7.381489361353313683e+00 0.000000000000000000e+00 1.262920000000000000e+06
7.393767792443961540e+00 0.000000000000000000e+00 1.250194000000000000e+06
7.406034816281826139e+00 0.000000000000000000e+00 1.249224000000000000e+06
7.418310200590694237e+00 0.000000000000000000e+00 1.241506000000000000e+06
7.430583317877912819e+00 0.000000000000000000e+00 1.236786000000000000e+06
7.442848511905709508e+00 0.000000000000000000e+00 1.229380000000000000e+06
7.455114941964349207e+00 0.000000000000000000e+00 1.225756000000000000e+06
7.467393191815288489e+00 0.000000000000000000e+00 1.220370000000000000e+06
7.479670498433187653e+00 0.000000000000000000e+00 1.214428000000000000e+06
7.491938078263377321e+00 0.000000000000000000e+00 1.206828000000000000e+06
7.504211483575987884e+00 0.000000000000000000e+00 1.204744000000000000e+06
7.516487326365844268e+00 0.000000000000000000e+00 1.195512000000000000e+06
7.528756512454854999e+00 0.000000000000000000e+00 1.191598000000000000e+06
7.541024884189051924e+00 0.000000000000000000e+00 1.184566000000000000e+06
7.553289720020821107e+00 0.000000000000000000e+00 1.178694000000000000e+06
7.565561264997616497e+00 0.000000000000000000e+00 1.174768000000000000e+06
7.577833325840669154e+00 0.000000000000000000e+00 1.166658000000000000e+06
7.590111451558873235e+00 0.000000000000000000e+00 1.164202000000000000e+06
7.602381763767824374e+00 0.000000000000000000e+00 1.154202000000000000e+06
7.614655742829341101e+00 0.000000000000000000e+00 1.151548000000000000e+06
7.626936442945662087e+00 0.000000000000000000e+00 1.145062000000000000e+06
7.639200863715046808e+00 0.000000000000000000e+00 1.135518000000000000e+06
7.651464465780415836e+00 0.000000000000000000e+00 1.133722000000000000e+06
7.663742199615411366e+00 0.000000000000000000e+00 1.125570000000000000e+06
7.676018461909904111e+00 0.000000000000000000e+00 1.121032000000000000e+06
7.688277681363731020e+00 0.000000000000000000e+00 1.111578000000000000e+06
7.700552813331956514e+00 0.000000000000000000e+00 1.110370000000000000e+06
7.712841327547615755e+00 0.000000000000000000e+00 1.102594000000000000e+06
7.725115679677861280e+00 0.000000000000000000e+00 1.095120000000000000e+06
7.737377294768349678e+00 0.000000000000000000e+00 1.088182000000000000e+06
7.749648862533475402e+00 0.000000000000000000e+00 1.084686000000000000e+06
7.761924921547985967e+00 0.000000000000000000e+00 1.075606000000000000e+06
7.774188921740621261e+00 0.000000000000000000e+00 1.071370000000000000e+06
7.786454278984081157e+00 0.000000000000000000e+00 1.062492000000000000e+06
7.798729724903661342e+00 0.000000000000000000e+00 1.060702000000000000e+06
7.811006007363213932e+00 0.000000000000000000e+00 1.050174000000000000e+06
7.823272881866079942e+00 0.000000000000000000e+00 1.045918000000000000e+06
7.835543817082966100e+00 0.000000000000000000e+00 1.039026000000000000e+06
7.847819758291274539e+00 0.000000000000000000e+00 1.032862000000000000e+06
7.860089257915242378e+00 0.000000000000000000e+00 1.025860000000000000e+06
7.872351486015352506e+00 0.000000000000000000e+00 1.018710000000000000e+06
7.884626384621514106e+00 0.000000000000000000e+00 1.014568000000000000e+06
7.896910463695346216e+00 0.000000000000000000e+00 1.007796000000000000e+06
7.909185584936841984e+00 0.000000000000000000e+00 9.993400000000000000e+05
7.921449021407247493e+00 0.000000000000000000e+00 9.937800000000000000e+05
7.933712491448440929e+00 0.000000000000000000e+00 9.853000000000000000e+05
7.945991924520928507e+00 0.000000000000000000e+00 9.834640000000000000e+05
7.958263724947784112e+00 0.000000000000000000e+00 9.712140000000000000e+05
7.970528979543122894e+00 0.000000000000000000e+00 9.683560000000000000e+05
7.982814850276255036e+00 0.000000000000000000e+00 9.620400000000000000e+05
7.995091442562386241e+00 0.000000000000000000e+00 9.524620000000000000e+05
8.007352319016611375e+00 0.000000000000000000e+00 9.471100000000000000e+05
8.019627279175121970e+00 0.000000000000000000e+00 9.408420000000000000e+05
8.031903435627652854e+00 0.000000000000000000e+00 9.330760000000000000e+05
8.044177589960026964e+00 0.000000000000000000e+00 9.280620000000000000e+05
8.056443246154517013e+00 0.000000000000000000e+00 9.171520000000000000e+05
8.068702016722001602e+00 0.000000000000000000e+00 9.141240000000000000e+05
8.080979616769809581e+00 0.000000000000000000e+00 9.056920000000000000e+05
8.093253918379238243e+00 0.000000000000000000e+00 8.998600000000000000e+05
8.105526954068290379e+00 0.000000000000000000e+00 8.922480000000000000e+05
8.117799591180954621e+00 0.000000000000000000e+00 8.849020000000000000e+05
8.130070519226100245e+00 0.000000000000000000e+00 8.790780000000000000e+05
8.142347349886266628e+00 0.000000000000000000e+00 8.708860000000000000e+05
8.154613498189881682e+00 0.000000000000000000e+00 8.642460000000000000e+05
8.166891744956171095e+00 0.000000000000000000e+00 8.580640000000000000e+05
8.179177309500333948e+00 0.000000000000000000e+00 8.508160000000000000e+05
8.191440306992516796e+00 0.000000000000000000e+00 8.416440000000000000e+05
8.203698384183137904e+00 0.000000000000000000e+00 8.349700000000000000e+05
8.215976944299894669e+00 0.000000000000000000e+00 8.307180000000000000e+05
8.228243446586366971e+00 0.000000000000000000e+00 8.187820000000000000e+05
8.240504205918190550e+00 0.000000000000000000e+00 8.154840000000000000e+05
8.252785472848209736e+00 0.000000000000000000e+00 8.074600000000000000e+05
8.265065442812074892e+00 0.000000000000000000e+00 7.999360000000000000e+05
8.277324329252326862e+00 0.000000000000000000e+00 7.911960000000000000e+05
8.289585514935046362e+00 0.000000000000000000e+00 7.851280000000000000e+05
8.301876289419068300e+00 0.000000000000000000e+00 7.801680000000000000e+05
8.314155732114585362e+00 0.000000000000000000e+00 7.694320000000000000e+05
8.326420118621983946e+00 0.000000000000000000e+00 7.628980000000000000e+05
8.338685274282241267e+00 0.000000000000000000e+00 7.556700000000000000e+05
8.350960295863657734e+00 0.000000000000000000e+00 7.480840000000000000e+05
8.363227371463903381e+00 0.000000000000000000e+00 7.408020000000000000e+05
8.375495150013193779e+00 0.000000000000000000e+00 7.328140000000000000e+05
8.387774453438462174e+00 0.000000000000000000e+00 7.269300000000000000e+05
8.400050279144005927e+00 0.000000000000000000e+00 7.179880000000000000e+05
8.412323897445121546e+00 0.000000000000000000e+00 7.106380000000000000e+05
8.424591653278149295e+00 0.000000000000000000e+00 7.032900000000000000e+05
8.436851522422974980e+00 0.000000000000000000e+00 6.936700000000000000e+05
8.449126168249581070e+00 0.000000000000000000e+00 6.897900000000000000e+05
8.461409466866058438e+00 0.000000000000000000e+00 6.799720000000000000e+05
8.473680557849798234e+00 0.000000000000000000e+00 6.721320000000000000e+05
8.485955758068611132e+00 0.000000000000000000e+00 6.659740000000000000e+05
8.498224021861652488e+00 0.000000000000000000e+00 6.549880000000000000e+05
8.510487716422499460e+00 0.000000000000000000e+00 6.507840000000000000e+05
8.522772165951511880e+00 0.000000000000000000e+00 6.413980000000000000e+05
8.535053551330060273e+00 0.000000000000000000e+00 6.342960000000000000e+05
8.547317518097319322e+00 0.000000000000000000e+00 6.247360000000000000e+05
8.559569055920173142e+00 0.000000000000000000e+00 6.167760000000000000e+05
8.571845654644560497e+00 0.000000000000000000e+00 6.119020000000000000e+05
8.584118547479452133e+00 0.000000000000000000e+00 6.003820000000000000e+05
8.596382739027404796e+00 0.000000000000000000e+00 5.949300000000000000e+05
8.608649228704134515e+00 0.000000000000000000e+00 5.857120000000000000e+05
8.620929418330351979e+00 0.000000000000000000e+00 5.787780000000000000e+05
8.633209303777858779e+00 0.000000000000000000e+00 5.710660000000000000e+05
8.645469357428481771e+00 0.000000000000000000e+00 5.599180000000000000e+05
8.657746042272750131e+00 0.000000000000000000e+00 5.570520000000000000e+05
8.670026156296621878e+00 0.000000000000000000e+00 5.439400000000000000e+05
8.682297151046071804e+00 0.000000000000000000e+00 5.393460000000000000e+05
8.694564924638441994e+00 0.000000000000000000e+00 5.287960000000000000e+05
8.706838868613887783e+00 0.000000000000000000e+00 5.220780000000000000e+05
8.719120119322299800e+00 0.000000000000000000e+00 5.141980000000000000e+05
8.731387104587362558e+00 0.000000000000000000e+00 5.037100000000000000e+05
8.743648523961962127e+00 0.000000000000000000e+00 4.976520000000000000e+05
8.755929668290336920e+00 0.000000000000000000e+00 4.889080000000000000e+05
8.768209632129938313e+00 0.000000000000000000e+00 4.802880000000000000e+05
8.780467014976435891e+00 0.000000000000000000e+00 4.715380000000000000e+05
8.792716646247644263e+00 0.000000000000000000e+00 4.623600000000000000e+05
8.804990552495517875e+00 0.000000000000000000e+00 4.569760000000000000e+05
8.817278224909140150e+00 0.000000000000000000e+00 4.463980000000000000e+05
8.829538855554407206e+00 0.000000000000000000e+00 4.383120000000000000e+05
8.841804262617491972e+00 0.000000000000000000e+00 4.301560000000000000e+05
8.854088059785766518e+00 0.000000000000000000e+00 4.220880000000000000e+05
8.866365214578202369e+00 0.000000000000000000e+00 4.131460000000000000e+05
8.878627275129836960e+00 0.000000000000000000e+00 4.040560000000000000e+05
8.890896397550831054e+00 0.000000000000000000e+00 3.966450000000000000e+05
8.903187591580362437e+00 0.000000000000000000e+00 3.892900000000000000e+05
8.915455983161111320e+00 0.000000000000000000e+00 3.802770000000000000e+05
8.927709519791491743e+00 0.000000000000000000e+00 3.740800000000000000e+05
8.939989879201259981e+00 0.000000000000000000e+00 3.678570000000000000e+05
8.952271999783864231e+00 0.000000000000000000e+00 3.605980000000000000e+05
8.964540853524345820e+00 0.000000000000000000e+00 3.541540000000000000e+05
8.976809101527353008e+00 0.000000000000000000e+00 3.478350000000000000e+05
8.989080225777927424e+00 0.000000000000000000e+00 3.415870000000000000e+05
9.001360614975869368e+00 0.000000000000000000e+00 3.362760000000000000e+05
9.013628215818087597e+00 0.000000000000000000e+00 3.289840000000000000e+05
9.025896392635795351e+00 0.000000000000000000e+00 3.245970000000000000e+05
9.038179675739989705e+00 0.000000000000000000e+00 3.181960000000000000e+05
9.050449517051912807e+00 0.000000000000000000e+00 3.126610000000000000e+05
9.062703135483113570e+00 0.000000000000000000e+00 3.065010000000000000e+05
9.074964961692879584e+00 0.000000000000000000e+00 3.021610000000000000e+05
9.087254323695255209e+00 0.000000000000000000e+00 2.970210000000000000e+05
9.099527913664491763e+00 0.000000000000000000e+00 2.910610000000000000e+05
9.111784404433924678e+00 0.000000000000000000e+00 2.861100000000000000e+05
9.124063819746693227e+00 0.000000000000000000e+00 2.816890000000000000e+05
9.136356155726907957e+00 0.000000000000000000e+00 2.767660000000000000e+05
9.148620507313745875e+00 0.000000000000000000e+00 2.707740000000000000e+05
9.160876291938610194e+00 0.000000000000000000e+00 2.667940000000000000e+05
9.173170450676668253e+00 0.000000000000000000e+00 2.626620000000000000e+05
9.185440350095079864e+00 0.000000000000000000e+00 2.565220000000000000e+05
9.197674161800641457e+00 0.000000000000000000e+00 2.521060000000000000e+05
9.209944599127076970e+00 0.000000000000000000e+00 2.489100000000000000e+05
9.222234992744009929e+00 0.000000000000000000e+00 2.437780000000000000e+05
9.234498168615418834e+00 0.000000000000000000e+00 2.392110000000000000e+05
9.246752780042326592e+00 0.000000000000000000e+00 2.348620000000000000e+05
9.259037156434654747e+00 0.000000000000000000e+00 2.316150000000000000e+05
9.271318350907318262e+00 0.000000000000000000e+00 2.263180000000000000e+05
9.283583476701339876e+00 0.000000000000000000e+00 2.227630000000000000e+05
9.295857210673403870e+00 0.000000000000000000e+00 2.185860000000000000e+05
9.308129681401091204e+00 0.000000000000000000e+00 2.143990000000000000e+05
9.320409143058975943e+00 0.000000000000000000e+00 2.109150000000000000e+05
9.332685724653499548e+00 0.000000000000000000e+00 2.065420000000000000e+05
9.344943030082799140e+00 0.000000000000000000e+00 2.026110000000000000e+05
9.357240832438430189e+00 0.000000000000000000e+00 1.999990000000000000e+05
9.369539155676596565e+00 0.000000000000000000e+00 1.951330000000000000e+05
9.381778960346688123e+00 0.000000000000000000e+00 1.908990000000000000e+05
9.394040723783835034e+00 0.000000000000000000e+00 1.884550000000000000e+05
9.406338508958207001e+00 0.000000000000000000e+00 1.845510000000000000e+05
9.418611798190426043e+00 0.000000000000000000e+00 1.807750000000000000e+05
9.430853043411074665e+00 0.000000000000000000e+00 1.767510000000000000e+05
9.443145181565174795e+00 0.000000000000000000e+00 1.750390000000000000e+05
9.455452451282019055e+00 0.000000000000000000e+00 1.703350000000000000e+05
9.467696108335937666e+00 0.000000000000000000e+00 1.666830000000000000e+05
9.479945563518231921e+00 0.000000000000000000e+00 1.639390000000000000e+05
9.492244411686275640e+00 0.000000000000000000e+00 1.611630000000000000e+05
9.504520706507847194e+00 0.000000000000000000e+00 1.569790000000000000e+05
9.516771535682037708e+00 0.000000000000000000e+00 1.542790000000000000e+05
9.529051214352033838e+00 0.000000000000000000e+00 1.513560000000000000e+05
9.541349761989566858e+00 0.000000000000000000e+00 1.483510000000000000e+05
9.553614511585660551e+00 0.000000000000000000e+00 1.445190000000000000e+05
9.565852505371527315e+00 0.000000000000000000e+00 1.418110000000000000e+05
9.578130536320831112e+00 0.000000000000000000e+00 1.394040000000000000e+05
9.590421598058176400e+00 0.000000000000000000e+00 1.361050000000000000e+05
9.602685914288876745e+00 0.000000000000000000e+00 1.331320000000000000e+05
9.614937394916179159e+00 0.000000000000000000e+00 1.302510000000000000e+05
9.627210288002249428e+00 0.000000000000000000e+00 1.277710000000000000e+05
9.639520429969216764e+00 0.000000000000000000e+00 1.254000000000000000e+05
9.651793971295985486e+00 0.000000000000000000e+00 1.216630000000000000e+05
9.664020751487894856e+00 0.000000000000000000e+00 1.192080000000000000e+05
9.676318357831698691e+00 0.000000000000000000e+00 1.174270000000000000e+05
9.688615419394409400e+00 0.000000000000000000e+00 1.139920000000000000e+05
9.700826577396394867e+00 0.000000000000000000e+00 1.108470000000000000e+05
9.713080895293627393e+00 0.000000000000000000e+00 1.096600000000000000e+05
9.725420175656996236e+00 0.000000000000000000e+00 1.070790000000000000e+05
9.737699379551500556e+00 0.000000000000000000e+00 1.037440000000000000e+05
9.749902316070345520e+00 0.000000000000000000e+00 1.011150000000000000e+05
9.762190598275241271e+00 0.000000000000000000e+00 1.001380000000000000e+05
9.774524678918144360e+00 0.000000000000000000e+00 9.700300000000000000e+04
9.786774718166423526e+00 0.000000000000000000e+00 9.429600000000000000e+04
9.798978964262767377e+00 0.000000000000000000e+00 9.179200000000000000e+04
9.811278153824439130e+00 0.000000000000000000e+00 9.093900000000000000e+04
9.823611081190524175e+00 0.000000000000000000e+00 8.782000000000000000e+04
9.835856276531492526e+00 0.000000000000000000e+00 8.539600000000000000e+04
9.848110679020482650e+00 0.000000000000000000e+00 8.367900000000000000e+04
9.860407726310109311e+00 0.000000000000000000e+00 8.142400000000000000e+04
9.872697502788055246e+00 0.000000000000000000e+00 7.946400000000000000e+04
9.884901386356604647e+00 0.000000000000000000e+00 7.632700000000000000e+04
9.897163696785352016e+00 0.000000000000000000e+00 7.603200000000000000e+04
9.909521583262559830e+00 0.000000000000000000e+00 7.331800000000000000e+04
9.921769391384721359e+00 0.000000000000000000e+00 7.085200000000000000e+04
9.933970688566546414e+00 0.000000000000000000e+00 6.908700000000000000e+04
9.946258064394848830e+00 0.000000000000000000e+00 6.776800000000000000e+04
9.958599462316573891e+00 0.000000000000000000e+00 6.583200000000000000e+04
9.970855893410924153e+00 0.000000000000000000e+00 6.328000000000000000e+04
9.983056790183725937e+00 0.000000000000000000e+00 6.172800000000000000e+04
9.995367888381297306e+00 0.000000000000000000e+00 6.055900000000000000e+04
1.000768738160844862e+01 0.000000000000000000e+00 5.830000000000000000e+04
1.001992026626095900e+01 0.000000000000000000e+00 5.640000000000000000e+04
1.003216794116962340e+01 0.000000000000000000e+00 5.504800000000000000e+04
1.004452693104755490e+01 0.000000000000000000e+00 5.377200000000000000e+04
1.005681714461683995e+01 0.000000000000000000e+00 5.126200000000000000e+04
1.006892554656264416e+01 0.000000000000000000e+00 4.921600000000000000e+04
1.008118070553574341e+01 0.000000000000000000e+00 4.914300000000000000e+04
1.009358725292190506e+01 0.000000000000000000e+00 4.714000000000000000e+04
1.010587104414638482e+01 0.000000000000000000e+00 4.522800000000000000e+04
1.011803675936291569e+01 0.000000000000000000e+00 4.344400000000000000e+04
1.013033026673756787e+01 0.000000000000000000e+00 4.296000000000000000e+04
1.014269234577691492e+01 0.000000000000000000e+00 4.097200000000000000e+04
1.015492092078972242e+01 0.000000000000000000e+00 3.934000000000000000e+04
1.016713729606320626e+01 0.000000000000000000e+00 3.819600000000000000e+04
1.017948237709778603e+01 0.000000000000000000e+00 3.715000000000000000e+04
1.019180021159561988e+01 0.000000000000000000e+00 3.541200000000000000e+04
1.020392951519547431e+01 0.000000000000000000e+00 3.359200000000000000e+04
1.021616725130168390e+01 0.000000000000000000e+00 3.342000000000000000e+04
1.022862642492139962e+01 0.000000000000000000e+00 3.200800000000000000e+04
1.024089215827277499e+01 0.000000000000000000e+00 3.006400000000000000e+04
1.025291694566059597e+01 0.000000000000000000e+00 2.863200000000000000e+04
1.026520901902015304e+01 0.000000000000000000e+00 2.878000000000000000e+04
1.027774478013064297e+01 0.000000000000000000e+00 2.730000000000000000e+04
1.028999562177447658e+01 0.000000000000000000e+00 2.534200000000000000e+04
1.030201604229439916e+01 0.000000000000000000e+00 2.437200000000000000e+04
1.031435652991144458e+01 0.000000000000000000e+00 2.419600000000000000e+04
1.032681180668896559e+01 0.000000000000000000e+00 2.267200000000000000e+04
1.033902804527374286e+01 0.000000000000000000e+00 2.136000000000000000e+04
1.035115232939432417e+01 0.000000000000000000e+00 2.046400000000000000e+04
1.036349894605856825e+01 0.000000000000000000e+00 1.990800000000000000e+04
1.037588421463306432e+01 0.000000000000000000e+00 1.872400000000000000e+04
1.038798852119735550e+01 0.000000000000000000e+00 1.733200000000000000e+04
1.040024031861292819e+01 0.000000000000000000e+00 1.728600000000000000e+04
1.041275436944961896e+01 0.000000000000000000e+00 1.613200000000000000e+04
1.042497407594987990e+01 0.000000000000000000e+00 1.490400000000000000e+04
1.043688514148603197e+01 0.000000000000000000e+00 1.390000000000000000e+04
1.044935675725634461e+01 0.000000000000000000e+00 1.434000000000000000e+04
1.046202492686499674e+01 0.000000000000000000e+00 1.269700000000000000e+04
1.047400755602441436e+01 0.000000000000000000e+00 1.157200000000000000e+04
1.048587736115725910e+01 0.000000000000000000e+00 1.116000000000000000e+04
1.049857448827671291e+01 0.000000000000000000e+00 1.133200000000000000e+04
1.051126949813551903e+01 0.000000000000000000e+00 9.726000000000000000e+03
1.052285357494718276e+01 0.000000000000000000e+00 8.536000000000000000e+03
1.053473958593998283e+01 0.000000000000000000e+00 8.904000000000000000e+03
1.054774640839725741e+01 0.000000000000000000e+00 8.596000000000000000e+03
1.056046301500879103e+01 0.000000000000000000e+00 7.261000000000000000e+03
1.057159311026059711e+01 0.000000000000000000e+00 5.988000000000000000e+03
1.058363531105575461e+01 0.000000000000000000e+00 6.928000000000000000e+03
1.059705194212168777e+01 0.000000000000000000e+00 6.276000000000000000e+03
1.060979978027766535e+01 0.000000000000000000e+00 5.122000000000000000e+03
1.062040978823683268e+01 0.000000000000000000e+00 4.020000000000000000e+03
1.063264532034351184e+01 0.000000000000000000e+00 5.029000000000000000e+03
1.064639355798109399e+01 0.000000000000000000e+00 4.324000000000000000e+03
1.065914783282394751e+01 0.000000000000000000e+00 3.336000000000000000e+03
1.066936572292022767e+01 0.000000000000000000e+00 2.620000000000000000e+03
1.068170620224867839e+01 0.000000000000000000e+00 3.252000000000000000e+03
1.069565962972710516e+01 0.000000000000000000e+00 2.773000000000000000e+03
1.070841589004406558e+01 0.000000000000000000e+00 1.894000000000000000e+03
1.071820782228195412e+01 0.000000000000000000e+00 1.608000000000000000e+03
1.073084821288305868e+01 0.000000000000000000e+00 1.852000000000000000e+03
1.074490521681495281e+01 0.000000000000000000e+00 1.524000000000000000e+03
1.075610977084585684e+01 0.000000000000000000e+00 6.970000000000000000e+02
1.076616800791103223e+01 0.000000000000000000e+00 1.044000000000000000e+03
1.078006945972073360e+01 0.000000000000000000e+00 8.440000000000000000e+02
1.079413804415958822e+01 0.000000000000000000e+00 6.280000000000000000e+02
1.080500523918458633e+01 0.000000000000000000e+00 2.430000000000000000e+02
1.081522875784597382e+01 0.000000000000000000e+00 3.640000000000000000e+02
1.082926319626019129e+01 0.000000000000000000e+00 2.280000000000000000e+02
1.084324087403835257e+01 0.000000000000000000e+00 1.240000000000000000e+02
1.085447911459942816e+01 0.000000000000000000e+00 3.300000000000000000e+01
1.086383146309143832e+01 0.000000000000000000e+00 2.800000000000000000e+01
1.087748578188118032e+01 0.000000000000000000e+00 4.000000000000000000e+00
