       1.053481227383e-05       1.874045144288e+01 
       1.078019957481e-05       1.916015447139e+01 
       1.103130268029e-05       1.958926032658e+01 
       1.128825472847e-05       2.002797265325e+01 
       1.155119195872e-05       2.047650668082e+01 
       1.182025378385e-05       2.093509415206e+01 
       1.209558286399e-05       2.140394648346e+01 
       1.237732518227e-05       2.188329969022e+01 
       1.266563012220e-05       2.237338277703e+01 
       1.296065054687e-05       2.287444983220e+01 
       1.326254288001e-05       2.338673104108e+01 
       1.357146718894e-05       2.391048911451e+01 
       1.388758726941e-05       2.444597297571e+01 
       1.421107073247e-05       2.499345647250e+01 
       1.454208909334e-05       2.555319641862e+01 
       1.488081786234e-05       2.612547258634e+01 
       1.522743663794e-05       2.671056571357e+01 
       1.558212920200e-05       2.730875985957e+01 
       1.594508361722e-05       2.792035212405e+01 
       1.631649232683e-05       2.854564038471e+01 
       1.669655225665e-05       2.918493216343e+01 
       1.708546491948e-05       2.983854059928e+01 
       1.748343652196e-05       3.050678578264e+01 
       1.789067807391e-05       3.118999719726e+01 
       1.830740550019e-05       3.188850520886e+01 
       1.873383975518e-05       3.260266585991e+01 
       1.917020693999e-05       3.333281382619e+01 
       1.961673842226e-05       3.407931319512e+01 
       2.007367095890e-05       3.484252941005e+01 
       2.054124682160e-05       3.562283744410e+01 
       2.101971392525e-05       3.642062246593e+01 
       2.150932595945e-05       3.723627131006e+01 
       2.201034252299e-05       3.807018765774e+01 
       2.252302926148e-05       3.892277772554e+01 
       2.304765800820e-05       3.979446074536e+01 
       2.358450692828e-05       4.068566596346e+01 
       2.413386066610e-05       4.159682797370e+01 
       2.469601049630e-05       4.252839460943e+01 
       2.527125447816e-05       4.348082262923e+01 
       2.585989761364e-05       4.445457960654e+01 
       2.646225200914e-05       4.545014244739e+01 
       2.707863704092e-05       4.646799974341e+01 
       2.770937952449e-05       4.750865109516e+01 
       2.835481388786e-05       4.857260543874e+01 
       2.901528234887e-05       4.966038596900e+01 
       2.969113509664e-05       5.077252535469e+01 
       3.038273047726e-05       5.190956929080e+01 
       3.109043518373e-05       5.307207509057e+01 
       3.181462445047e-05       5.426061332394e+01 
       3.255568225221e-05       5.547576624188e+01 
       3.331400150761e-05       5.671812954549e+01 
       3.408998428757e-05       5.798831247522e+01 
       3.488404202843e-05       5.928693811554e+01 
       3.569659575012e-05       6.061464297302e+01 
       3.652807627937e-05       6.197207808646e+01 
       3.737892447818e-05       6.335990891177e+01 
       3.824959147751e-05       6.477881581115e+01 
       3.914053891654e-05       6.622949450447e+01 
       4.005223918739e-05       6.771265647540e+01 
       4.098517568561e-05       6.922902703782e+01 
       4.193984306648e-05       7.077935162832e+01 
       4.291674750728e-05       7.236438937451e+01 
       4.391640697568e-05       7.398491684807e+01 
       4.493935150437e-05       7.564172872168e+01 
       4.598612347206e-05       7.733563680158e+01 
       4.705727789112e-05       7.906747144228e+01 
       4.815338270179e-05       8.083808172355e+01 
       4.927501907335e-05       8.264833368642e+01 
       5.042278171226e-05       8.449911586698e+01 
       5.159727917746e-05       8.639133498693e+01 
       5.279913420305e-05       8.832591691990e+01 
       5.402898402847e-05       9.030381100691e+01 
       5.528748073638e-05       9.232598588546e+01 
       5.657529159840e-05       9.439343167469e+01 
       5.789309942888e-05       9.650716035571e+01 
       5.924160294698e-05       9.866820898280e+01 
       6.062151714713e-05       1.008776346793e+02 
       6.203357367808e-05       1.031365202544e+02 
       6.347852123092e-05       1.054459707089e+02 
       6.495712593594e-05       1.078071175644e+02 
       6.647017176895e-05       1.102211167828e+02 
       6.801846096686e-05       1.126891497654e+02 
       6.960281445311e-05       1.152124249925e+02 
       7.122407227289e-05       1.177921772625e+02 
       7.288309403854e-05       1.204296688659e+02 
       7.458075938538e-05       1.231261907310e+02 
       7.631796843804e-05       1.258830619787e+02 
       7.809564228775e-05       1.287016315856e+02 
       7.991472348071e-05       1.315832778262e+02 
       8.177617651787e-05       1.345294103293e+02 
       8.368098836625e-05       1.375414687110e+02 
       8.563016898231e-05       1.406209283114e+02 
       8.762475184742e-05       1.437692912344e+02 
       8.966579451580e-05       1.469880993997e+02 
       9.175437917530e-05       1.502789231575e+02 
       9.389161322116e-05       1.536433720880e+02 
       9.607862984315e-05       1.570830891048e+02 
       9.831658862643e-05       1.605997543761e+02 
       1.006066761664e-04       1.641950851787e+02 
       1.029501066977e-04       1.678708367424e+02 
       1.053481227383e-04       1.716288029437e+02 
       1.078019957481e-04       1.754708178119e+02 
       1.103130268029e-04       1.793987555300e+02 
       1.128825472847e-04       1.834145317472e+02 
       1.155119195872e-04       1.875201046180e+02 
       1.182025378385e-04       1.917174756147e+02 
       1.209558286399e-04       1.960086901053e+02 
       1.237732518227e-04       2.003958383523e+02 
       1.266563012220e-04       2.048810569327e+02 
       1.296065054687e-04       2.094665295181e+02 
       1.326254288001e-04       2.141544876645e+02 
       1.357146718894e-04       2.189472115394e+02 
       1.388758726941e-04       2.238470321541e+02 
       1.421107073247e-04       2.288563309977e+02 
       1.454208909334e-04       2.339775420267e+02 
       1.488081786234e-04       2.392131522971e+02 
       1.522743663794e-04       2.445657032971e+02 
       1.558212920200e-04       2.500377919207e+02 
       1.594508361722e-04       2.556320719133e+02 
       1.631649232683e-04       2.613512545466e+02 
       1.669655225665e-04       2.671981101819e+02 
       1.708546491948e-04       2.731754692469e+02 
       1.748343652196e-04       2.792862238760e+02 
       1.789067807391e-04       2.855333283072e+02 
       1.830740550019e-04       2.919198012319e+02 
       1.873383975518e-04       2.984487260935e+02 
       1.917020693999e-04       3.051232528358e+02 
       1.961673842226e-04       3.119465997573e+02 
       2.007367095890e-04       3.189220529317e+02 
       2.054124682160e-04       3.260529700643e+02 
       2.101971392525e-04       3.333427804524e+02 
       2.150932595945e-04       3.407949862681e+02 
       2.201034252299e-04       3.484131643949e+02 
       2.252302926148e-04       3.562009672278e+02 
       2.304765800820e-04       3.641621254972e+02 
       2.358450692828e-04       3.723004482662e+02 
       2.413386066610e-04       3.806198241487e+02 
       2.469601049630e-04       3.891242252643e+02 
       2.527125447816e-04       3.978177048929e+02 
       2.585989761364e-04       4.067044029670e+02 
       2.646225200914e-04       4.157885439756e+02 
       2.707863704092e-04       4.250744409304e+02 
       2.770937952449e-04       4.345664956073e+02 
       2.835481388786e-04       4.442692013971e+02 
       2.901528234887e-04       4.541871429950e+02 
       2.969113509664e-04       4.643249989822e+02 
       3.038273047726e-04       4.746875432485e+02 
       3.109043518373e-04       4.852796464526e+02 
       3.181462445047e-04       4.961062778361e+02 
       3.255568225221e-04       5.071725063005e+02 
       3.331400150761e-04       5.184835009208e+02 
       3.408998428757e-04       5.300445345792e+02 
       3.488404202843e-04       5.418609848233e+02 
       3.569659575012e-04       5.539383339203e+02 
       3.652807627937e-04       5.662821713954e+02 
       3.737892447818e-04       5.788981950866e+02 
       3.824959147751e-04       5.917922139640e+02 
       3.914053891654e-04       6.049701456623e+02 
       4.005223918739e-04       6.184380235847e+02 
       4.098517568561e-04       6.322019916666e+02 
       4.193984306648e-04       6.462683123075e+02 
       4.291674750728e-04       6.606433612422e+02 
       4.391640697568e-04       6.753336336612e+02 
       4.493935150437e-04       6.903457417969e+02 
       4.598612347206e-04       7.056864187219e+02 
       4.705727789111e-04       7.213625172047e+02 
       4.815338270179e-04       7.373810113214e+02 
       4.927501907335e-04       7.537489987961e+02 
       5.042278171226e-04       7.704736994877e+02 
       5.159727917746e-04       7.875624566246e+02 
       5.279913420305e-04       8.050227380138e+02 
       5.402898402847e-04       8.228621371969e+02 
       5.528748073638e-04       8.410883724659e+02 
       5.657529159840e-04       8.597092846962e+02 
       5.789309942888e-04       8.787328470211e+02 
       5.924160294698e-04       8.981671525626e+02 
       6.062151714713e-04       9.180204218367e+02 
       6.203357367808e-04       9.383010018146e+02 
       6.347852123091e-04       9.590173640447e+02 
       6.495712593594e-04       9.801781020467e+02 
       6.647017176895e-04       1.001791938152e+03 
       6.801846096686e-04       1.023867712328e+03 
       6.960281445311e-04       1.046414395254e+03 
       7.122407227289e-04       1.069441063485e+03 
       7.288309403854e-04       1.092956928564e+03 
       7.458075938538e-04       1.116971309516e+03 
       7.631796843804e-04       1.141493645941e+03 
       7.809564228775e-04       1.166533491769e+03 
       7.991472348071e-04       1.192100497225e+03 
       8.177617651787e-04       1.218204450448e+03 
       8.368098836625e-04       1.244855211512e+03 
       8.563016898231e-04       1.272062771144e+03 
       8.762475184742e-04       1.299837207340e+03 
       8.966579451580e-04       1.328188672246e+03 
       9.175437917530e-04       1.357127445764e+03 
       9.389161322116e-04       1.386663860828e+03 
       9.607862984315e-04       1.416808346877e+03 
       9.831658862643e-04       1.447571399343e+03 
       1.006066761664e-03       1.478963579420e+03 
       1.029501066977e-03       1.510995523195e+03 
       1.053481227383e-03       1.543677885673e+03 
       1.078019957481e-03       1.577021423480e+03 
       1.103130268029e-03       1.611036860933e+03 
       1.128825472847e-03       1.645734989764e+03 
       1.155119195872e-03       1.681126623624e+03 
       1.182025378385e-03       1.717222555861e+03 
       1.209558286399e-03       1.754033596858e+03 
       1.237732518227e-03       1.791570518355e+03 
       1.266563012220e-03       1.829844078263e+03 
       1.296065054687e-03       1.868864988064e+03 
       1.326254288001e-03       1.908643896674e+03 
       1.357146718894e-03       1.949191382230e+03 
       1.388758726941e-03       1.990513302917e+03 
       1.421107073247e-03       2.032623579297e+03 
       1.454208909334e-03       2.075533347161e+03 
       1.488081786234e-03       2.119252697375e+03 
       1.522743663794e-03       2.163791580994e+03 
       1.558212920200e-03       2.209159785185e+03 
       1.594508361722e-03       2.255366870341e+03 
       1.631649232683e-03       2.302422222544e+03 
       1.669655225665e-03       2.350334985815e+03 
       1.708546491948e-03       2.399114031261e+03 
       1.748343652196e-03       2.448767993412e+03 
       1.789067807391e-03       2.499305195818e+03 
       1.830740550018e-03       2.550733651561e+03 
       1.873383975518e-03       2.603061062951e+03 
       1.917020693999e-03       2.656294772130e+03 
       1.961673842226e-03       2.710441694885e+03 
       2.007367095890e-03       2.765508433388e+03 
       2.054124682160e-03       2.821501114313e+03 
       2.101971392525e-03       2.878425434016e+03 
       2.150932595945e-03       2.936286613456e+03 
       2.201034252299e-03       2.995089408703e+03 
       2.252302926148e-03       3.054837972743e+03 
       2.304765800820e-03       3.115536056968e+03 
       2.358450692828e-03       3.177186745783e+03 
       2.413386066610e-03       3.239792510140e+03 
       2.469601049630e-03       3.303355197957e+03 
       2.527125447816e-03       3.367876215357e+03 
       2.585989761364e-03       3.433355933887e+03 
       2.646225200914e-03       3.499794252573e+03 
       2.707863704092e-03       3.567190688041e+03 
       2.770937952449e-03       3.635543170925e+03 
       2.835481388786e-03       3.704849689359e+03 
       2.901528234887e-03       3.775106809430e+03 
       2.969113509664e-03       3.846310613638e+03 
       3.038273047726e-03       3.918456521129e+03 
       3.109043518373e-03       3.991538664383e+03 
       3.181462445047e-03       4.065549930696e+03 
       3.255568225221e-03       4.140482814138e+03 
       3.331400150761e-03       4.216328654502e+03 
       3.408998428757e-03       4.293077324557e+03 
       3.488404202843e-03       4.370718022165e+03 
       3.569659575012e-03       4.449238438004e+03 
       3.652807627937e-03       4.528624888962e+03 
       3.737892447818e-03       4.608863137629e+03 
       3.824959147751e-03       4.689936190120e+03 
       3.914053891654e-03       4.771826767129e+03 
       4.005223918739e-03       4.854516872570e+03 
       4.098517568561e-03       4.937983751931e+03 
       4.193984306648e-03       5.022206120461e+03 
       4.291674750728e-03       5.107159995927e+03 
       4.391640697568e-03       5.192818318262e+03 
       4.493935150437e-03       5.279156001789e+03 
       4.598612347206e-03       5.366141489317e+03 
       4.705727789111e-03       5.453743225676e+03 
       4.815338270179e-03       5.541929462818e+03 
       4.927501907335e-03       5.630662694273e+03 
       5.042278171226e-03       5.719906855645e+03 
       5.159727917746e-03       5.809624203494e+03 
       5.279913420305e-03       5.899769332324e+03 
       5.402898402847e-03       5.990300753100e+03 
       5.528748073638e-03       6.081172698492e+03 
       5.657529159840e-03       6.172335501998e+03 
       5.789309942888e-03       6.263740173997e+03 
       5.924160294698e-03       6.355332024870e+03 
       6.062151714713e-03       6.447059099704e+03 
       6.203357367808e-03       6.538864842620e+03 
       6.347852123091e-03       6.630676192265e+03 
       6.495712593594e-03       6.722443903036e+03 
       6.647017176895e-03       6.814091587588e+03 
       6.801846096686e-03       6.905554332692e+03 
       6.960281445311e-03       6.996759018309e+03 
       7.122407227289e-03       7.087632511336e+03 
       7.288309403854e-03       7.178093955250e+03 
       7.458075938538e-03       7.268061935975e+03 
       7.631796843804e-03       7.357455847475e+03 
       7.809564228774e-03       7.446184120559e+03 
       7.991472348071e-03       7.534161692195e+03 
       8.177617651787e-03       7.621292675243e+03 
       8.368098836625e-03       7.707479568074e+03 
       8.563016898231e-03       7.792623782320e+03 
       8.762475184741e-03       7.876621730882e+03 
       8.966579451580e-03       7.959364839770e+03 
       9.175437917530e-03       8.040743973878e+03 
       9.389161322116e-03       8.120645903768e+03 
       9.607862984315e-03       8.198952569550e+03 
       9.831658862643e-03       8.275545007467e+03 
       1.006066761664e-02       8.350300888695e+03 
       1.029501066977e-02       8.423092872021e+03 
       1.053481227383e-02       8.493795270450e+03 
       1.078019957481e-02       8.562277630503e+03 
       1.103130268029e-02       8.628404342980e+03 
       1.128825472847e-02       8.692040837517e+03 
       1.155119195872e-02       8.753051053313e+03 
       1.182025378385e-02       8.811292354292e+03 
       1.209558286399e-02       8.866623593673e+03 
       1.237732518227e-02       8.918903580769e+03 
       1.266563012220e-02       8.967989977974e+03 
       1.296065054687e-02       9.013739123182e+03 
       1.326254288001e-02       9.056007708258e+03 
       1.357146718894e-02       9.094649871189e+03 
       1.388758726941e-02       9.129523567999e+03 
       1.421107073247e-02       9.160478917443e+03 
       1.454208909335e-02       9.187372462175e+03 
       1.488081786235e-02       9.210059981556e+03 
       1.522743663796e-02       9.228398227190e+03 
       1.558212920205e-02       9.242255765141e+03 
       1.594508361734e-02       9.251492411288e+03 
       1.631649232711e-02       9.255958013671e+03 
       1.669655225726e-02       9.255518089841e+03 
       1.708546492082e-02       9.250044970928e+03 
       1.748343652484e-02       9.239410257952e+03 
       1.789067807998e-02       9.223484447716e+03 
       1.830740551276e-02       9.202174509643e+03 
       1.873383978071e-02       9.175376567952e+03 
       1.917020699086e-02       9.142998678281e+03 
       1.961673852180e-02       9.104974854380e+03 
       2.007367115014e-02       9.061233744420e+03 
       2.054124718257e-02       9.011762440462e+03 
       2.101971459486e-02       8.956547610749e+03 
       2.150932718064e-02       8.895549656589e+03 
       2.201034471332e-02       8.828825736326e+03 
       2.252303312654e-02       8.756389070190e+03 
       2.304766472054e-02       8.678320825165e+03 
       2.358451840482e-02       8.594685541932e+03 
       2.413387999102e-02       8.505594697306e+03 
       2.469604255452e-02       8.411155958335e+03 
       2.527130688906e-02       8.311511180198e+03 
       2.585998208465e-02       8.206887959840e+03 
       2.646238626685e-02       8.097449639613e+03 
       2.707884754303e-02       7.983469010860e+03 
       2.770970520957e-02       7.865178879492e+03 
       2.835531128167e-02       7.742913743956e+03 
       2.901603241460e-02       7.616988308341e+03 
       2.969225229032e-02       7.487761321250e+03 
       3.038437454613e-02       7.355590832737e+03 
       3.109282632154e-02       7.220843254504e+03 
       3.181806249428e-02       7.083983516614e+03 
       3.256057066681e-02       6.945395275086e+03 
       3.332087694934e-02       6.805589402974e+03 
       3.409955256472e-02       6.664965239797e+03 
       3.489722127454e-02       6.524031953246e+03 
       3.571456759483e-02       6.383243150124e+03 
       3.655234573559e-02       6.243058349852e+03 
       3.741138916065e-02       6.103962155582e+03 
       3.829262062669e-02       5.966406256777e+03 
       3.919706252166e-02       5.830839725506e+03 
       4.012584728688e-02       5.697685500150e+03 
       4.108022767420e-02       5.567354771933e+03 
       4.206158656025e-02       5.440208328327e+03 
       4.307144601728e-02       5.316627489572e+03 
       4.411147532232e-02       5.196914514833e+03 
       4.518349757768e-02       5.081355880690e+03 
       4.628949461501e-02       4.970172357733e+03 
       4.743160986552e-02       4.863508203079e+03 
       4.861214890219e-02       4.761494099744e+03 
       4.983357739847e-02       4.664147295136e+03 
       5.109851630437e-02       4.571382445528e+03 
       5.240973411784e-02       4.483009595770e+03 
       5.377013622647e-02       4.398700986130e+03 
       5.518275141231e-02       4.318014935151e+03 
       5.665071574573e-02       4.240281314826e+03 
       5.817725423744e-02       4.164675862500e+03 
       5.976566075961e-02       4.090178879999e+03 
       6.141927687717e-02       4.015578895657e+03 
       6.314147033345e-02       3.939455732594e+03 
       6.493561399947e-02       3.860267539595e+03 
       6.680506611295e-02       3.776377909757e+03 
       6.875315259630e-02       3.686168291907e+03 
       7.078315215416e-02       3.588145120837e+03 
       7.289828471656e-02       3.481098669148e+03 
       7.510170362656e-02       3.364262658761e+03 
       7.739649178696e-02       3.237485107103e+03 
       7.978566179542e-02       3.101367757834e+03 
       8.227215992728e-02       2.957359668700e+03 
       8.485887368240e-02       2.807765299909e+03 
       8.754864250295e-02       2.655663837758e+03 
       9.034427119771e-02       2.504706654224e+03 
       9.324854557203e-02       2.358818537381e+03 
       9.626424975754e-02       2.221822955100e+03 
       9.939418475565e-02       2.097040151546e+03 
       1.026411877460e-01       1.986884276833e+03 
       1.060081517595e-01       1.892558955205e+03 
       1.094980453702e-01       1.813809079804e+03 
       1.131139321124e-01       1.748840117864e+03 
       1.168589893854e-01       1.694339008379e+03 
       1.207365266498e-01       1.645759933494e+03 
       1.247500027647e-01       1.597819081850e+03 
       1.289030423456e-01       1.545322454582e+03 
       1.331994510498e-01       1.484177768708e+03 
       1.376432297139e-01       1.412406222602e+03 
       1.422385872798e-01       1.330777439875e+03 
       1.469899524471e-01       1.242792108376e+03 
       1.519019839881e-01       1.153916292101e+03 
       1.569795796486e-01       1.070241408357e+03 
       1.622278835431e-01       9.969633772895e+02 
       1.676522919260e-01       9.370726457181e+02 
       1.732584571938e-01       8.906000487596e+02 
       1.790522899377e-01       8.545838470097e+02 
       1.850399588250e-01       8.239198964886e+02 
       1.912278880481e-01       7.928267999414e+02 
       1.976227520292e-01       7.560390637608e+02 
       2.042314670252e-01       7.119654338951e+02 
       2.110611792263e-01       6.628243221677e+02 
       2.181192488974e-01       6.134658094341e+02 
       2.254132300688e-01       5.690235943715e+02 
       2.329508452476e-01       5.326750453082e+02 
       2.407399545979e-01       5.044118371220e+02 
       2.487885190270e-01       4.812270717839e+02 
       2.571045566282e-01       4.586704360942e+02 
       2.656960919654e-01       4.332847466202e+02 
       2.745710977575e-01       4.046440222634e+02 
       2.837374286272e-01       3.754001351349e+02 
       2.932027467423e-01       3.491046400020e+02 
       3.029744393891e-01       3.275308574400e+02 
       3.130595288002e-01       3.096331607921e+02 
       3.234645749116e-01       2.927444075479e+02 
       3.341955721509e-01       2.748858179568e+02 
       3.452578418678e-01       2.562481150804e+02 
       3.566559225982e-01       2.385996375422e+02 
       3.683934609994e-01       2.233036177589e+02 
       3.804731069804e-01       2.100306645461e+02 
       3.928964172493e-01       1.974333937790e+02 
       4.056637721607e-01       1.847822464595e+02 
       4.187743113022e-01       1.725153107879e+02 
       4.322258936464e-01       1.613420500183e+02 
       4.460150882029e-01       1.513477151799e+02 
       4.601372008618e-01       1.420555829925e+02 
       4.745863424171e-01       1.330812611046e+02 
       4.893555415390e-01       1.245529211961e+02 
       5.044369046957e-01       1.167583980249e+02 
       5.198218227344e-01       1.096303981334e+02 
       5.355012211215e-01       1.029107670689e+02 
       5.514658478997e-01       9.656244984710e+01 
       5.677065904880e-01       9.068016650525e+01 
       5.842148098496e-01       8.525096805168e+01 
       6.009826785836e-01       8.018419795873e+01 
       6.180035084411e-01       7.543209235138e+01 
       6.352720528055e-01       7.100787289842e+01 
       6.527847708618e-01       6.690055876141e+01 
       6.705400424142e-01       6.306436666948e+01 
       6.885383253641e-01       5.947456459557e+01 
       7.067822513955e-01       5.612348986466e+01 
       7.252766590594e-01       5.299407803191e+01 
       7.440285668542e-01       5.006257045075e+01 
       7.630470917690e-01       4.731457256518e+01 
       7.823433209247e-01       4.473834498402e+01 
       8.019301453391e-01       4.231952486843e+01 
       8.218220654841e-01       4.004515692314e+01 
       8.420349783031e-01       3.790511072409e+01 
       8.625859548578e-01       3.588971941681e+01 
       8.834930169147e-01       3.398935933165e+01 
       9.047749197181e-01       3.219595914152e+01 
       9.264509470223e-01       3.050243297065e+01 
       9.485407232619e-01       2.890178398026e+01 
       9.710640465742e-01       2.738773946125e+01 
       9.940407452722e-01       2.595489829261e+01 
       1.017490559335e+00       2.459796403090e+01 
       1.041433047517e+00       2.331231879148e+01 
       1.065887519812e+00       2.209373235123e+01 
       1.090872994212e+00       2.093828413338e+01 
       1.116408176066e+00       1.984253129506e+01 
       1.142511457738e+00       1.880318164000e+01 
       1.169200935899e+00       1.781724720035e+01 
       1.196494443468e+00       1.688183784069e+01 
       1.224409593120e+00       1.599441293194e+01 
       1.252963829263e+00       1.515236691629e+01 
       1.282174485558e+00       1.435335102158e+01 
       1.312058845303e+00       1.359522925291e+01 
       1.342634202347e+00       1.287592406658e+01 
       1.373917920612e+00       1.219350454137e+01 
       1.405927490742e+00       1.154625321881e+01 
       1.438680582803e+00       1.093233530193e+01 
       1.472195094399e+00       1.035005189092e+01 
       1.506489193894e+00       9.797902017780e+00 
       1.541581358767e+00       9.274270511146e+00 
       1.577490409308e+00       8.777816016672e+00 
       1.614235538088e+00       8.307151787646e+00 
       1.651836335685e+00       7.860993592336e+00 
       1.690312813242e+00       7.438190946422e+00 
       1.729685422396e+00       7.037453104416e+00 
       1.769975073124e+00       6.657671349808e+00 
       1.811203149988e+00       6.297839155517e+00 
       1.853391527191e+00       5.956952157179e+00 
       1.896562582806e+00       5.634004063641e+00 
       1.940739212464e+00       5.328127406705e+00 
       1.985944842733e+00       5.038424331446e+00 
       2.032203444361e+00       4.764071023055e+00 
       2.079539545527e+00       4.504265373586e+00 
       2.127978245184e+00       4.258294968574e+00 
       2.177545226583e+00       4.025424775403e+00 
       2.228266771022e+00       3.804971735449e+00 
       2.280169771863e+00       3.596310899136e+00 
       2.333281748828e+00       3.398804103501e+00 
       2.387630862626e+00       3.211910934379e+00 
       2.443245929894e+00       3.035057858213e+00 
       2.500156438486e+00       2.867723900360e+00 
       2.558392563112e+00       2.709391898845e+00 
       2.617985181337e+00       2.559625018540e+00 
       2.678965889958e+00       2.417950356485e+00 
       2.741367021753e+00       2.283930843634e+00 
       2.805221662630e+00       2.157201507020e+00 
       2.870563669163e+00       2.037350033826e+00 
       2.937427686551e+00       1.924031317473e+00 
       3.005849166979e+00       1.816867035089e+00 
       3.075864388422e+00       1.715560161369e+00 
       3.147510473878e+00       1.619782876356e+00 
       3.220825411050e+00       1.529249676689e+00 
       3.295848072487e+00       1.443679777109e+00 
       3.372618236198e+00       1.362804289453e+00 
       3.451176606740e+00       1.286372078599e+00 
       3.531564836800e+00       1.214145404856e+00 
       3.613825549283e+00       1.145896643895e+00 
       3.698002359906e+00       1.081412865996e+00 
       3.784139900330e+00       1.020496569134e+00 
       3.872283841818e+00       9.629513661262e-01 
       3.962480919454e+00       9.085851896198e-01 
       4.054778956923e+00       8.572377611234e-01 
       4.149226891867e+00       8.087417560932e-01 
       4.245874801830e+00       7.629435565680e-01 
       4.344773930815e+00       7.196912493670e-01 
       4.445976716447e+00       6.788448764592e-01 
       4.549536817783e+00       6.402919301617e-01 
       4.655509143761e+00       6.038853089723e-01 
       4.763949882310e+00       5.695138381723e-01 
       4.874916530144e+00       5.370698814998e-01 
       4.988467923250e+00       5.064455837157e-01 
       5.104664268079e+00       4.775373137568e-01 
       5.223567173471e+00       4.502522521426e-01 
       5.345239683321e+00       4.245033578882e-01 
       5.469746310003e+00       4.002050134390e-01 
       5.597153068580e+00       3.772776687788e-01 
       5.727527511801e+00       3.556417721653e-01 
       5.860938765921e+00       3.352293991986e-01 
       5.997457567353e+00       3.159721831724e-01 
       6.137156300174e+00       2.978038520823e-01 
       6.280109034500e+00       2.806664954300e-01 
       6.426391565762e+00       2.645011040340e-01 
       6.576081454897e+00       2.492535955425e-01 
       6.729258069463e+00       2.348729957618e-01 
       6.886002625731e+00       2.213105026959e-01 
       7.046398231737e+00       2.085204512012e-01 
       7.210529931356e+00       1.964596519910e-01 
       7.378484749387e+00       1.850877543428e-01 
       7.550351737698e+00       1.743644908458e-01 
       7.726222022441e+00       1.642551032100e-01 
       7.906188852370e+00       1.547245571008e-01 
       8.090347648278e+00       1.457379636074e-01 
       8.278796053598e+00       1.372691542838e-01 
       8.471633986168e+00       1.292847477854e-01 
       8.668963691214e+00       1.217603300121e-01 
       8.870889795555e+00       1.146670604681e-01 
       9.077519363086e+00       1.079826567542e-01 
       9.288961951539e+00       1.016831973095e-01 
       9.505329670573e+00       9.574662111595e-02 
       9.726737241215e+00       9.015220757886e-02 
       9.953302056692e+00       8.488160897959e-02 
       1.018514424467e+01       7.991470704954e-02 
       1.042238673094e+01       7.523581633657e-02 
       1.066515530461e+01       7.082616003431e-02 
       1.091357868479e+01       6.667441005433e-02 
       1.116778858885e+01       6.276233362107e-02 
       1.142791980224e+01       5.907713144962e-02 
       1.169411024998e+01       5.560599360862e-02 
       1.196650106976e+01       5.233650347089e-02 
       1.224523668681e+01       4.925736498988e-02 
       1.253046489043e+01       4.635724445253e-02 
       1.282233691240e+01       4.362617367187e-02 
       1.312100750712e+01       4.105402826645e-02 
       1.342663503370e+01       3.863208890614e-02 
       1.373938153990e+01       3.635155402797e-02 
       1.405941284805e+01       3.420428395649e-02 
       1.438689864299e+01       3.218254164536e-02 
       1.472201256202e+01       3.027941384150e-02 
       1.506493228699e+01       2.848713654853e-02 
       1.541583963846e+01       2.680025404904e-02 
       1.577492067216e+01       2.521201586207e-02 
       1.614236577761e+01       2.371718669921e-02 
       1.651836977906e+01       2.230992976571e-02 
       1.690313203881e+01       2.098555775696e-02 
       1.729685656291e+01       1.973882494933e-02 
       1.769975210931e+01       1.856551912529e-02 
       1.811203229857e+01       1.746140194835e-02 
       1.853391572709e+01       1.642223359363e-02 
       1.896562608305e+01       1.544444932564e-02 
       1.940739226500e+01       1.452423103467e-02 
       1.985944850322e+01       1.365832973764e-02 
       2.032203448390e+01       1.284356371653e-02 
       2.079539547627e+01       1.207697908795e-02 
       2.127978246257e+01       1.135575067026e-02 
       2.177545227121e+01       1.067716430848e-02 
       2.228266771287e+01       1.003877594604e-02 
       2.280169771990e+01       9.438260853934e-03 
       2.333281748888e+01       8.873324041006e-03 
       2.387630862654e+01       8.341954966274e-03 
       2.443245929907e+01       7.842013607990e-03 
       2.500156438492e+01       7.371769986308e-03 
       2.558392563115e+01       6.929530101567e-03 
       2.617985181338e+01       6.513572925738e-03 
       2.678965889958e+01       6.122415906658e-03 
       2.741367021754e+01       5.754498584742e-03 
       2.805221662630e+01       5.408466624472e-03 
       2.870563669163e+01       5.083098286913e-03 
       2.937427686551e+01       4.777127086627e-03 
       3.005849166979e+01       4.489400399093e-03 
