#          k/h    CDM            baryon         photon         nu             mass_nu        total          no_nu          total_de       Weyl           v_CDM          v_b            v_b-v_c     
   0.544594E-05   0.152224E+08   0.152224E+08   0.202945E+08   0.202945E+08   0.152243E+08   0.152225E+08   0.152224E+08   0.152278E+08  -0.546090E+00   0.116302E+08   0.116302E+08   0.454016E-02
   0.563053E-05   0.152224E+08   0.152224E+08   0.202943E+08   0.202943E+08   0.152243E+08   0.152225E+08   0.152224E+08   0.152278E+08  -0.546090E+00   0.116302E+08   0.116302E+08   0.469405E-02
   0.582137E-05   0.152224E+08   0.152224E+08   0.202942E+08   0.202942E+08   0.152243E+08   0.152225E+08   0.152224E+08   0.152278E+08  -0.546090E+00   0.116302E+08   0.116302E+08   0.485315E-02
   0.601869E-05   0.152224E+08   0.152224E+08   0.202940E+08   0.202940E+08   0.152243E+08   0.152225E+08   0.152224E+08   0.152278E+08  -0.546090E+00   0.116302E+08   0.116302E+08   0.501765E-02
   0.622269E-05   0.152224E+08   0.152224E+08   0.202938E+08   0.202938E+08   0.152243E+08   0.152225E+08   0.152224E+08   0.152278E+08  -0.546090E+00   0.116302E+08   0.116302E+08   0.518772E-02
   0.643361E-05   0.152224E+08   0.152224E+08   0.202936E+08   0.202936E+08   0.152243E+08   0.152225E+08   0.152224E+08   0.152278E+08  -0.546090E+00   0.116302E+08   0.116302E+08   0.536356E-02
   0.665168E-05   0.152224E+08   0.152224E+08   0.202934E+08   0.202934E+08   0.152243E+08   0.152225E+08   0.152224E+08   0.152278E+08  -0.546090E+00   0.116302E+08   0.116302E+08   0.554535E-02
   0.687714E-05   0.152224E+08   0.152224E+08   0.202932E+08   0.202932E+08   0.152243E+08   0.152225E+08   0.152224E+08   0.152278E+08  -0.546090E+00   0.116302E+08   0.116302E+08   0.573331E-02
   0.711024E-05   0.152224E+08   0.152224E+08   0.202930E+08   0.202930E+08   0.152243E+08   0.152225E+08   0.152224E+08   0.152278E+08  -0.546089E+00   0.116302E+08   0.116302E+08   0.592764E-02
   0.735124E-05   0.152224E+08   0.152224E+08   0.202927E+08   0.202927E+08   0.152243E+08   0.152225E+08   0.152224E+08   0.152278E+08  -0.546089E+00   0.116302E+08   0.116302E+08   0.612855E-02
   0.760042E-05   0.152224E+08   0.152224E+08   0.202925E+08   0.202925E+08   0.152243E+08   0.152225E+08   0.152224E+08   0.152278E+08  -0.546089E+00   0.116302E+08   0.116302E+08   0.633627E-02
   0.785803E-05   0.152224E+08   0.152224E+08   0.202922E+08   0.202922E+08   0.152243E+08   0.152225E+08   0.152224E+08   0.152278E+08  -0.546089E+00   0.116302E+08   0.116302E+08   0.655104E-02
   0.812438E-05   0.152224E+08   0.152224E+08   0.202919E+08   0.202919E+08   0.152243E+08   0.152225E+08   0.152224E+08   0.152278E+08  -0.546089E+00   0.116302E+08   0.116302E+08   0.677308E-02
   0.839976E-05   0.152224E+08   0.152224E+08   0.202916E+08   0.202916E+08   0.152243E+08   0.152225E+08   0.152224E+08   0.152278E+08  -0.546089E+00   0.116302E+08   0.116302E+08   0.700265E-02
   0.868447E-05   0.152224E+08   0.152224E+08   0.202912E+08   0.202912E+08   0.152243E+08   0.152224E+08   0.152224E+08   0.152278E+08  -0.546089E+00   0.116302E+08   0.116302E+08   0.724000E-02
   0.897883E-05   0.152224E+08   0.152224E+08   0.202908E+08   0.202908E+08   0.152243E+08   0.152224E+08   0.152224E+08   0.152278E+08  -0.546089E+00   0.116302E+08   0.116302E+08   0.748539E-02
   0.928317E-05   0.152224E+08   0.152224E+08   0.202905E+08   0.202904E+08   0.152243E+08   0.152224E+08   0.152224E+08   0.152278E+08  -0.546089E+00   0.116302E+08   0.116302E+08   0.773910E-02
   0.959782E-05   0.152224E+08   0.152224E+08   0.202900E+08   0.202900E+08   0.152243E+08   0.152224E+08   0.152224E+08   0.152278E+08  -0.546089E+00   0.116302E+08   0.116302E+08   0.800141E-02
   0.992314E-05   0.152224E+08   0.152224E+08   0.202896E+08   0.202896E+08   0.152243E+08   0.152224E+08   0.152224E+08   0.152278E+08  -0.546089E+00   0.116302E+08   0.116302E+08   0.827261E-02
   0.102595E-04   0.152224E+08   0.152224E+08   0.202891E+08   0.202891E+08   0.152243E+08   0.152224E+08   0.152224E+08   0.152278E+08  -0.546089E+00   0.116302E+08   0.116302E+08   0.855300E-02
   0.106072E-04   0.152224E+08   0.152224E+08   0.202886E+08   0.202886E+08   0.152243E+08   0.152224E+08   0.152224E+08   0.152278E+08  -0.546089E+00   0.116302E+08   0.116302E+08   0.884289E-02
   0.109668E-04   0.152224E+08   0.152224E+08   0.202880E+08   0.202880E+08   0.152243E+08   0.152224E+08   0.152224E+08   0.152278E+08  -0.546089E+00   0.116302E+08   0.116302E+08   0.914261E-02
   0.113385E-04   0.152224E+08   0.152224E+08   0.202874E+08   0.202874E+08   0.152243E+08   0.152224E+08   0.152224E+08   0.152278E+08  -0.546089E+00   0.116302E+08   0.116302E+08   0.945249E-02
   0.117228E-04   0.152224E+08   0.152224E+08   0.202868E+08   0.202868E+08   0.152243E+08   0.152224E+08   0.152224E+08   0.152278E+08  -0.546089E+00   0.116302E+08   0.116302E+08   0.977286E-02
   0.121202E-04   0.152224E+08   0.152224E+08   0.202861E+08   0.202861E+08   0.152243E+08   0.152224E+08   0.152224E+08   0.152277E+08  -0.546089E+00   0.116302E+08   0.116302E+08   0.101041E-01
   0.125310E-04   0.152224E+08   0.152224E+08   0.202854E+08   0.202854E+08   0.152243E+08   0.152224E+08   0.152224E+08   0.152277E+08  -0.546089E+00   0.116302E+08   0.116302E+08   0.104466E-01
   0.129557E-04   0.152224E+08   0.152224E+08   0.202846E+08   0.202846E+08   0.152243E+08   0.152224E+08   0.152224E+08   0.152277E+08  -0.546089E+00   0.116302E+08   0.116302E+08   0.108006E-01
   0.133948E-04   0.152224E+08   0.152224E+08   0.202838E+08   0.202838E+08   0.152242E+08   0.152224E+08   0.152224E+08   0.152277E+08  -0.546089E+00   0.116302E+08   0.116302E+08   0.111667E-01
   0.138489E-04   0.152224E+08   0.152224E+08   0.202829E+08   0.202829E+08   0.152242E+08   0.152224E+08   0.152224E+08   0.152277E+08  -0.546089E+00   0.116302E+08   0.116302E+08   0.115452E-01
   0.143183E-04   0.152224E+08   0.152224E+08   0.202820E+08   0.202820E+08   0.152242E+08   0.152224E+08   0.152224E+08   0.152277E+08  -0.546088E+00   0.116302E+08   0.116302E+08   0.119365E-01
   0.148036E-04   0.152224E+08   0.152224E+08   0.202810E+08   0.202810E+08   0.152242E+08   0.152224E+08   0.152224E+08   0.152277E+08  -0.546088E+00   0.116302E+08   0.116302E+08   0.123410E-01
   0.153054E-04   0.152224E+08   0.152224E+08   0.202799E+08   0.202799E+08   0.152242E+08   0.152224E+08   0.152224E+08   0.152277E+08  -0.546088E+00   0.116302E+08   0.116302E+08   0.127593E-01
   0.158241E-04   0.152224E+08   0.152224E+08   0.202788E+08   0.202787E+08   0.152242E+08   0.152224E+08   0.152224E+08   0.152277E+08  -0.546088E+00   0.116302E+08   0.116302E+08   0.131917E-01
   0.163605E-04   0.152224E+08   0.152224E+08   0.202775E+08   0.202775E+08   0.152242E+08   0.152224E+08   0.152224E+08   0.152277E+08  -0.546088E+00   0.116302E+08   0.116302E+08   0.136388E-01
   0.169150E-04   0.152224E+08   0.152224E+08   0.202762E+08   0.202762E+08   0.152242E+08   0.152224E+08   0.152224E+08   0.152277E+08  -0.546088E+00   0.116302E+08   0.116302E+08   0.141010E-01
   0.174884E-04   0.152224E+08   0.152224E+08   0.202748E+08   0.202748E+08   0.152242E+08   0.152224E+08   0.152224E+08   0.152277E+08  -0.546088E+00   0.116302E+08   0.116302E+08   0.145789E-01
   0.180811E-04   0.152224E+08   0.152224E+08   0.202733E+08   0.202733E+08   0.152242E+08   0.152224E+08   0.152224E+08   0.152277E+08  -0.546088E+00   0.116301E+08   0.116301E+08   0.150730E-01
   0.186940E-04   0.152224E+08   0.152224E+08   0.202717E+08   0.202717E+08   0.152241E+08   0.152224E+08   0.152224E+08   0.152277E+08  -0.546088E+00   0.116301E+08   0.116301E+08   0.155839E-01
   0.193276E-04   0.152224E+08   0.152224E+08   0.202700E+08   0.202699E+08   0.152241E+08   0.152224E+08   0.152224E+08   0.152277E+08  -0.546087E+00   0.116301E+08   0.116301E+08   0.161120E-01
   0.199828E-04   0.152224E+08   0.152224E+08   0.202682E+08   0.202681E+08   0.152241E+08   0.152224E+08   0.152224E+08   0.152277E+08  -0.546087E+00   0.116301E+08   0.116301E+08   0.166581E-01
   0.206601E-04   0.152224E+08   0.152224E+08   0.202662E+08   0.202662E+08   0.152241E+08   0.152224E+08   0.152224E+08   0.152277E+08  -0.546087E+00   0.116301E+08   0.116301E+08   0.172226E-01
   0.213604E-04   0.152224E+08   0.152224E+08   0.202641E+08   0.202641E+08   0.152241E+08   0.152224E+08   0.152224E+08   0.152277E+08  -0.546087E+00   0.116301E+08   0.116301E+08   0.178063E-01
   0.220844E-04   0.152224E+08   0.152224E+08   0.202619E+08   0.202618E+08   0.152241E+08   0.152224E+08   0.152224E+08   0.152277E+08  -0.546087E+00   0.116301E+08   0.116301E+08   0.184097E-01
   0.228329E-04   0.152224E+08   0.152224E+08   0.202595E+08   0.202594E+08   0.152241E+08   0.152224E+08   0.152224E+08   0.152277E+08  -0.546086E+00   0.116301E+08   0.116301E+08   0.190336E-01
   0.236068E-04   0.152224E+08   0.152224E+08   0.202569E+08   0.202569E+08   0.152240E+08   0.152224E+08   0.152224E+08   0.152277E+08  -0.546086E+00   0.116301E+08   0.116301E+08   0.196786E-01
   0.244070E-04   0.152224E+08   0.152224E+08   0.202542E+08   0.202541E+08   0.152240E+08   0.152224E+08   0.152224E+08   0.152277E+08  -0.546086E+00   0.116301E+08   0.116301E+08   0.203455E-01
   0.252343E-04   0.152223E+08   0.152223E+08   0.202513E+08   0.202512E+08   0.152240E+08   0.152224E+08   0.152223E+08   0.152277E+08  -0.546086E+00   0.116301E+08   0.116301E+08   0.210349E-01
   0.260896E-04   0.152223E+08   0.152223E+08   0.202482E+08   0.202481E+08   0.152240E+08   0.152224E+08   0.152223E+08   0.152277E+08  -0.546085E+00   0.116301E+08   0.116301E+08   0.217477E-01
   0.269739E-04   0.152223E+08   0.152223E+08   0.202448E+08   0.202447E+08   0.152239E+08   0.152223E+08   0.152223E+08   0.152276E+08  -0.546085E+00   0.116301E+08   0.116301E+08   0.224847E-01
   0.278882E-04   0.152223E+08   0.152223E+08   0.202413E+08   0.202412E+08   0.152239E+08   0.152223E+08   0.152223E+08   0.152276E+08  -0.546085E+00   0.116301E+08   0.116301E+08   0.232466E-01
   0.288335E-04   0.152223E+08   0.152223E+08   0.202375E+08   0.202373E+08   0.152239E+08   0.152223E+08   0.152223E+08   0.152276E+08  -0.546084E+00   0.116301E+08   0.116301E+08   0.240343E-01
   0.298108E-04   0.152223E+08   0.152223E+08   0.202334E+08   0.202333E+08   0.152238E+08   0.152223E+08   0.152223E+08   0.152276E+08  -0.546084E+00   0.116301E+08   0.116301E+08   0.248487E-01
   0.308212E-04   0.152223E+08   0.152223E+08   0.202290E+08   0.202289E+08   0.152238E+08   0.152223E+08   0.152223E+08   0.152276E+08  -0.546084E+00   0.116301E+08   0.116301E+08   0.256906E-01
   0.318659E-04   0.152223E+08   0.152223E+08   0.202244E+08   0.202243E+08   0.152238E+08   0.152223E+08   0.152223E+08   0.152276E+08  -0.546083E+00   0.116301E+08   0.116301E+08   0.265611E-01
   0.329460E-04   0.152223E+08   0.152223E+08   0.202194E+08   0.202193E+08   0.152237E+08   0.152223E+08   0.152223E+08   0.152276E+08  -0.546083E+00   0.116301E+08   0.116301E+08   0.274610E-01
   0.340627E-04   0.152223E+08   0.152223E+08   0.202141E+08   0.202140E+08   0.152237E+08   0.152223E+08   0.152223E+08   0.152276E+08  -0.546082E+00   0.116300E+08   0.116300E+08   0.283914E-01
   0.352173E-04   0.152223E+08   0.152223E+08   0.202084E+08   0.202083E+08   0.152236E+08   0.152223E+08   0.152223E+08   0.152276E+08  -0.546082E+00   0.116300E+08   0.116300E+08   0.293533E-01
   0.364110E-04   0.152222E+08   0.152222E+08   0.202024E+08   0.202022E+08   0.152236E+08   0.152223E+08   0.152222E+08   0.152275E+08  -0.546081E+00   0.116300E+08   0.116300E+08   0.303478E-01
   0.376451E-04   0.152222E+08   0.152222E+08   0.201959E+08   0.201957E+08   0.152235E+08   0.152222E+08   0.152222E+08   0.152275E+08  -0.546081E+00   0.116300E+08   0.116300E+08   0.313759E-01
   0.389211E-04   0.152222E+08   0.152222E+08   0.201890E+08   0.201888E+08   0.152235E+08   0.152222E+08   0.152222E+08   0.152275E+08  -0.546080E+00   0.116300E+08   0.116300E+08   0.324388E-01
   0.402403E-04   0.152222E+08   0.152222E+08   0.201816E+08   0.201814E+08   0.152234E+08   0.152222E+08   0.152222E+08   0.152275E+08  -0.546079E+00   0.116300E+08   0.116300E+08   0.335377E-01
   0.416043E-04   0.152222E+08   0.152222E+08   0.201737E+08   0.201734E+08   0.152234E+08   0.152222E+08   0.152222E+08   0.152275E+08  -0.546079E+00   0.116300E+08   0.116300E+08   0.346737E-01
   0.430145E-04   0.152222E+08   0.152222E+08   0.201652E+08   0.201650E+08   0.152233E+08   0.152222E+08   0.152222E+08   0.152275E+08  -0.546078E+00   0.116300E+08   0.116300E+08   0.358482E-01
   0.444724E-04   0.152221E+08   0.152221E+08   0.201562E+08   0.201559E+08   0.152232E+08   0.152222E+08   0.152221E+08   0.152274E+08  -0.546077E+00   0.116300E+08   0.116300E+08   0.370624E-01
   0.459798E-04   0.152221E+08   0.152221E+08   0.201466E+08   0.201463E+08   0.152231E+08   0.152221E+08   0.152221E+08   0.152274E+08  -0.546076E+00   0.116299E+08   0.116299E+08   0.383177E-01
   0.475383E-04   0.152221E+08   0.152221E+08   0.201363E+08   0.201359E+08   0.152231E+08   0.152221E+08   0.152221E+08   0.152274E+08  -0.546075E+00   0.116299E+08   0.116299E+08   0.396154E-01
   0.491496E-04   0.152221E+08   0.152221E+08   0.201252E+08   0.201249E+08   0.152230E+08   0.152221E+08   0.152221E+08   0.152274E+08  -0.546074E+00   0.116299E+08   0.116299E+08   0.409570E-01
   0.508156E-04   0.152221E+08   0.152221E+08   0.201135E+08   0.201131E+08   0.152229E+08   0.152221E+08   0.152221E+08   0.152273E+08  -0.546073E+00   0.116299E+08   0.116299E+08   0.423439E-01
   0.525380E-04   0.152220E+08   0.152220E+08   0.201009E+08   0.201005E+08   0.152228E+08   0.152220E+08   0.152220E+08   0.152273E+08  -0.546072E+00   0.116299E+08   0.116299E+08   0.437777E-01
   0.543188E-04   0.152220E+08   0.152220E+08   0.200875E+08   0.200871E+08   0.152227E+08   0.152220E+08   0.152220E+08   0.152273E+08  -0.546071E+00   0.116298E+08   0.116298E+08   0.452600E-01
   0.561599E-04   0.152220E+08   0.152220E+08   0.200732E+08   0.200727E+08   0.152226E+08   0.152220E+08   0.152220E+08   0.152272E+08  -0.546069E+00   0.116298E+08   0.116298E+08   0.467923E-01
   0.580634E-04   0.152219E+08   0.152219E+08   0.200578E+08   0.200574E+08   0.152224E+08   0.152219E+08   0.152219E+08   0.152272E+08  -0.546068E+00   0.116298E+08   0.116298E+08   0.483764E-01
   0.600315E-04   0.152219E+08   0.152219E+08   0.200415E+08   0.200410E+08   0.152223E+08   0.152219E+08   0.152219E+08   0.152272E+08  -0.546066E+00   0.116298E+08   0.116298E+08   0.500140E-01
   0.620663E-04   0.152219E+08   0.152219E+08   0.200240E+08   0.200235E+08   0.152222E+08   0.152219E+08   0.152219E+08   0.152271E+08  -0.546065E+00   0.116297E+08   0.116297E+08   0.517069E-01
   0.641700E-04   0.152218E+08   0.152218E+08   0.200053E+08   0.200048E+08   0.152220E+08   0.152218E+08   0.152218E+08   0.152271E+08  -0.546063E+00   0.116297E+08   0.116297E+08   0.534569E-01
   0.663451E-04   0.152218E+08   0.152218E+08   0.199854E+08   0.199848E+08   0.152218E+08   0.152218E+08   0.152218E+08   0.152270E+08  -0.546061E+00   0.116297E+08   0.116297E+08   0.552659E-01
   0.685939E-04   0.152217E+08   0.152217E+08   0.199641E+08   0.199634E+08   0.152217E+08   0.152217E+08   0.152217E+08   0.152270E+08  -0.546059E+00   0.116296E+08   0.116296E+08   0.571359E-01
   0.709189E-04   0.152217E+08   0.152217E+08   0.199414E+08   0.199407E+08   0.152215E+08   0.152217E+08   0.152217E+08   0.152269E+08  -0.546057E+00   0.116296E+08   0.116296E+08   0.590690E-01
   0.733227E-04   0.152216E+08   0.152216E+08   0.199171E+08   0.199163E+08   0.152213E+08   0.152216E+08   0.152216E+08   0.152268E+08  -0.546055E+00   0.116296E+08   0.116296E+08   0.610673E-01
   0.758079E-04   0.152216E+08   0.152216E+08   0.198912E+08   0.198904E+08   0.152211E+08   0.152216E+08   0.152216E+08   0.152268E+08  -0.546052E+00   0.116295E+08   0.116295E+08   0.631329E-01
   0.783775E-04   0.152215E+08   0.152215E+08   0.198635E+08   0.198627E+08   0.152208E+08   0.152215E+08   0.152215E+08   0.152267E+08  -0.546050E+00   0.116295E+08   0.116295E+08   0.652680E-01
   0.810341E-04   0.152215E+08   0.152215E+08   0.198340E+08   0.198331E+08   0.152206E+08   0.152214E+08   0.152215E+08   0.152266E+08  -0.546047E+00   0.116294E+08   0.116294E+08   0.674750E-01
   0.837807E-04   0.152214E+08   0.152214E+08   0.198024E+08   0.198015E+08   0.152203E+08   0.152214E+08   0.152214E+08   0.152266E+08  -0.546044E+00   0.116294E+08   0.116294E+08   0.697563E-01
   0.866205E-04   0.152213E+08   0.152213E+08   0.197688E+08   0.197678E+08   0.152201E+08   0.152213E+08   0.152213E+08   0.152265E+08  -0.546041E+00   0.116293E+08   0.116293E+08   0.721143E-01
   0.895565E-04   0.152212E+08   0.152212E+08   0.197329E+08   0.197318E+08   0.152198E+08   0.152212E+08   0.152212E+08   0.152264E+08  -0.546038E+00   0.116292E+08   0.116292E+08   0.745515E-01
   0.925920E-04   0.152212E+08   0.152212E+08   0.196946E+08   0.196934E+08   0.152195E+08   0.152211E+08   0.152212E+08   0.152263E+08  -0.546034E+00   0.116292E+08   0.116292E+08   0.770707E-01
   0.957304E-04   0.152211E+08   0.152211E+08   0.196537E+08   0.196524E+08   0.152191E+08   0.152210E+08   0.152211E+08   0.152262E+08  -0.546030E+00   0.116291E+08   0.116291E+08   0.796743E-01
   0.989752E-04   0.152210E+08   0.152210E+08   0.196101E+08   0.196087E+08   0.152188E+08   0.152210E+08   0.152210E+08   0.152261E+08  -0.546026E+00   0.116290E+08   0.116290E+08   0.823654E-01
   0.102330E-03   0.152209E+08   0.152209E+08   0.195636E+08   0.195621E+08   0.152184E+08   0.152208E+08   0.152209E+08   0.152260E+08  -0.546022E+00   0.116290E+08   0.116290E+08   0.851466E-01
   0.105799E-03   0.152208E+08   0.152208E+08   0.195139E+08   0.195124E+08   0.152180E+08   0.152207E+08   0.152208E+08   0.152258E+08  -0.546017E+00   0.116289E+08   0.116289E+08   0.880211E-01
   0.109385E-03   0.152207E+08   0.152207E+08   0.194610E+08   0.194594E+08   0.152175E+08   0.152206E+08   0.152207E+08   0.152257E+08  -0.546012E+00   0.116288E+08   0.116288E+08   0.909917E-01
   0.113092E-03   0.152205E+08   0.152205E+08   0.194046E+08   0.194029E+08   0.152171E+08   0.152205E+08   0.152205E+08   0.152256E+08  -0.546007E+00   0.116287E+08   0.116287E+08   0.940617E-01
   0.116925E-03   0.152204E+08   0.152204E+08   0.193445E+08   0.193427E+08   0.152166E+08   0.152204E+08   0.152204E+08   0.152254E+08  -0.546001E+00   0.116286E+08   0.116286E+08   0.972343E-01
   0.120889E-03   0.152203E+08   0.152203E+08   0.192804E+08   0.192785E+08   0.152160E+08   0.152202E+08   0.152203E+08   0.152253E+08  -0.545995E+00   0.116285E+08   0.116285E+08   0.100513E+00
   0.124986E-03   0.152201E+08   0.152201E+08   0.192122E+08   0.192101E+08   0.152155E+08   0.152201E+08   0.152201E+08   0.152251E+08  -0.545988E+00   0.116284E+08   0.116284E+08   0.103901E+00
   0.129223E-03   0.152199E+08   0.152199E+08   0.191394E+08   0.191372E+08   0.152148E+08   0.152199E+08   0.152199E+08   0.152249E+08  -0.545981E+00   0.116282E+08   0.116282E+08   0.107401E+00
   0.133603E-03   0.152198E+08   0.152198E+08   0.190620E+08   0.190596E+08   0.152142E+08   0.152197E+08   0.152198E+08   0.152247E+08  -0.545974E+00   0.116281E+08   0.116281E+08   0.111018E+00
   0.138131E-03   0.152196E+08   0.152196E+08   0.189795E+08   0.189770E+08   0.152135E+08   0.152195E+08   0.152196E+08   0.152245E+08  -0.545966E+00   0.116280E+08   0.116280E+08   0.114756E+00
   0.142813E-03   0.152194E+08   0.152194E+08   0.188917E+08   0.188891E+08   0.152127E+08   0.152193E+08   0.152194E+08   0.152243E+08  -0.545958E+00   0.116278E+08   0.116278E+08   0.118617E+00
   0.147654E-03   0.152192E+08   0.152192E+08   0.187983E+08   0.187955E+08   0.152119E+08   0.152191E+08   0.152192E+08   0.152240E+08  -0.545949E+00   0.116276E+08   0.116276E+08   0.122607E+00
   0.152658E-03   0.152190E+08   0.152190E+08   0.186989E+08   0.186959E+08   0.152111E+08   0.152189E+08   0.152190E+08   0.152238E+08  -0.545939E+00   0.116275E+08   0.116275E+08   0.126728E+00
   0.157833E-03   0.152187E+08   0.152187E+08   0.185932E+08   0.185900E+08   0.152102E+08   0.152186E+08   0.152187E+08   0.152235E+08  -0.545929E+00   0.116273E+08   0.116273E+08   0.130985E+00
   0.163183E-03   0.152185E+08   0.152185E+08   0.184808E+08   0.184775E+08   0.152092E+08   0.152184E+08   0.152185E+08   0.152232E+08  -0.545918E+00   0.116271E+08   0.116271E+08   0.135383E+00
   0.168714E-03   0.152182E+08   0.152182E+08   0.183614E+08   0.183579E+08   0.152082E+08   0.152181E+08   0.152182E+08   0.152229E+08  -0.545906E+00   0.116269E+08   0.116269E+08   0.139926E+00
   0.174432E-03   0.152179E+08   0.152179E+08   0.182346E+08   0.182308E+08   0.152071E+08   0.152178E+08   0.152179E+08   0.152226E+08  -0.545893E+00   0.116266E+08   0.116266E+08   0.144618E+00
   0.180345E-03   0.152176E+08   0.152176E+08   0.180999E+08   0.180959E+08   0.152059E+08   0.152175E+08   0.152176E+08   0.152222E+08  -0.545880E+00   0.116264E+08   0.116264E+08   0.149463E+00
   0.186457E-03   0.152173E+08   0.152173E+08   0.179570E+08   0.179528E+08   0.152046E+08   0.152171E+08   0.152173E+08   0.152218E+08  -0.545866E+00   0.116261E+08   0.116261E+08   0.154468E+00
   0.192777E-03   0.152169E+08   0.152169E+08   0.178054E+08   0.178009E+08   0.152032E+08   0.152168E+08   0.152169E+08   0.152214E+08  -0.545850E+00   0.116259E+08   0.116259E+08   0.159635E+00
   0.199312E-03   0.152165E+08   0.152165E+08   0.176446E+08   0.176399E+08   0.152018E+08   0.152164E+08   0.152165E+08   0.152210E+08  -0.545834E+00   0.116256E+08   0.116256E+08   0.164971E+00
   0.206067E-03   0.152161E+08   0.152161E+08   0.174743E+08   0.174694E+08   0.152002E+08   0.152160E+08   0.152161E+08   0.152205E+08  -0.545817E+00   0.116253E+08   0.116253E+08   0.170480E+00
   0.213052E-03   0.152157E+08   0.152157E+08   0.172940E+08   0.172888E+08   0.151986E+08   0.152155E+08   0.152157E+08   0.152200E+08  -0.545798E+00   0.116249E+08   0.116249E+08   0.176167E+00
   0.220273E-03   0.152152E+08   0.152152E+08   0.171031E+08   0.170977E+08   0.151968E+08   0.152150E+08   0.152152E+08   0.152195E+08  -0.545778E+00   0.116246E+08   0.116246E+08   0.182038E+00
   0.227740E-03   0.152147E+08   0.152147E+08   0.169013E+08   0.168956E+08   0.151949E+08   0.152145E+08   0.152147E+08   0.152189E+08  -0.545757E+00   0.116242E+08   0.116242E+08   0.188097E+00
   0.235459E-03   0.152142E+08   0.152142E+08   0.166881E+08   0.166820E+08   0.151929E+08   0.152140E+08   0.152142E+08   0.152183E+08  -0.545735E+00   0.116238E+08   0.116238E+08   0.194351E+00
   0.243440E-03   0.152137E+08   0.152137E+08   0.164630E+08   0.164566E+08   0.151908E+08   0.152134E+08   0.152137E+08   0.152177E+08  -0.545711E+00   0.116233E+08   0.116233E+08   0.200805E+00
   0.251691E-03   0.152131E+08   0.152131E+08   0.162255E+08   0.162188E+08   0.151885E+08   0.152128E+08   0.152131E+08   0.152170E+08  -0.545685E+00   0.116228E+08   0.116228E+08   0.207464E+00
   0.260222E-03   0.152124E+08   0.152124E+08   0.159752E+08   0.159683E+08   0.151860E+08   0.152121E+08   0.152124E+08   0.152163E+08  -0.545658E+00   0.116223E+08   0.116223E+08   0.214334E+00
   0.269043E-03   0.152117E+08   0.152117E+08   0.157117E+08   0.157045E+08   0.151834E+08   0.152114E+08   0.152117E+08   0.152155E+08  -0.545629E+00   0.116218E+08   0.116218E+08   0.221421E+00
   0.278162E-03   0.152110E+08   0.152110E+08   0.154346E+08   0.154270E+08   0.151806E+08   0.152107E+08   0.152110E+08   0.152147E+08  -0.545598E+00   0.116212E+08   0.116212E+08   0.228730E+00
   0.287590E-03   0.152102E+08   0.152102E+08   0.151435E+08   0.151357E+08   0.151776E+08   0.152099E+08   0.152102E+08   0.152138E+08  -0.545565E+00   0.116206E+08   0.116206E+08   0.236268E+00
   0.297338E-03   0.152094E+08   0.152094E+08   0.148381E+08   0.148300E+08   0.151744E+08   0.152090E+08   0.152094E+08   0.152129E+08  -0.545529E+00   0.116200E+08   0.116200E+08   0.244041E+00
   0.307416E-03   0.152085E+08   0.152085E+08   0.145182E+08   0.145097E+08   0.151710E+08   0.152081E+08   0.152085E+08   0.152119E+08  -0.545492E+00   0.116193E+08   0.116193E+08   0.252054E+00
   0.317836E-03   0.152076E+08   0.152076E+08   0.141834E+08   0.141747E+08   0.151674E+08   0.152071E+08   0.152076E+08   0.152108E+08  -0.545452E+00   0.116186E+08   0.116186E+08   0.260314E+00
   0.328609E-03   0.152066E+08   0.152066E+08   0.138337E+08   0.138247E+08   0.151635E+08   0.152061E+08   0.152066E+08   0.152097E+08  -0.545409E+00   0.116178E+08   0.116178E+08   0.268826E+00
   0.339748E-03   0.152055E+08   0.152055E+08   0.134691E+08   0.134598E+08   0.151593E+08   0.152050E+08   0.152055E+08   0.152085E+08  -0.545364E+00   0.116169E+08   0.116169E+08   0.277597E+00
   0.351263E-03   0.152043E+08   0.152043E+08   0.130894E+08   0.130799E+08   0.151549E+08   0.152038E+08   0.152043E+08   0.152072E+08  -0.545316E+00   0.116160E+08   0.116160E+08   0.286632E+00
   0.363170E-03   0.152031E+08   0.152031E+08   0.126950E+08   0.126853E+08   0.151502E+08   0.152025E+08   0.152031E+08   0.152059E+08  -0.545265E+00   0.116151E+08   0.116151E+08   0.295939E+00
   0.375479E-03   0.152018E+08   0.152018E+08   0.122861E+08   0.122762E+08   0.151452E+08   0.152012E+08   0.152018E+08   0.152044E+08  -0.545210E+00   0.116140E+08   0.116140E+08   0.305523E+00
   0.388206E-03   0.152004E+08   0.152004E+08   0.118630E+08   0.118530E+08   0.151398E+08   0.151998E+08   0.152004E+08   0.152029E+08  -0.545152E+00   0.116130E+08   0.116130E+08   0.315390E+00
   0.401364E-03   0.151990E+08   0.151989E+08   0.114264E+08   0.114164E+08   0.151341E+08   0.151982E+08   0.151990E+08   0.152012E+08  -0.545091E+00   0.116118E+08   0.116118E+08   0.325546E+00
   0.414969E-03   0.151974E+08   0.151974E+08   0.109771E+08   0.109670E+08   0.151280E+08   0.151966E+08   0.151974E+08   0.151995E+08  -0.545025E+00   0.116106E+08   0.116106E+08   0.335998E+00
   0.429034E-03   0.151957E+08   0.151957E+08   0.105158E+08   0.105058E+08   0.151214E+08   0.151949E+08   0.151957E+08   0.151976E+08  -0.544956E+00   0.116092E+08   0.116092E+08   0.346751E+00
   0.443576E-03   0.151939E+08   0.151939E+08   0.100439E+08   0.100339E+08   0.151145E+08   0.151930E+08   0.151939E+08   0.151957E+08  -0.544882E+00   0.116078E+08   0.116078E+08   0.357812E+00
   0.458611E-03   0.151920E+08   0.151920E+08   0.956250E+07   0.955268E+07   0.151071E+08   0.151911E+08   0.151920E+08   0.151936E+08  -0.544804E+00   0.116064E+08   0.116064E+08   0.369186E+00
   0.474156E-03   0.151900E+08   0.151900E+08   0.907333E+07   0.906375E+07   0.150992E+08   0.151890E+08   0.151900E+08   0.151914E+08  -0.544721E+00   0.116048E+08   0.116048E+08   0.380880E+00
   0.490228E-03   0.151879E+08   0.151878E+08   0.857813E+07   0.856887E+07   0.150908E+08   0.151868E+08   0.151879E+08   0.151890E+08  -0.544633E+00   0.116031E+08   0.116031E+08   0.392899E+00
   0.506844E-03   0.151856E+08   0.151855E+08   0.807896E+07   0.807011E+07   0.150818E+08   0.151844E+08   0.151856E+08   0.151865E+08  -0.544540E+00   0.116013E+08   0.116013E+08   0.405250E+00
   0.524024E-03   0.151831E+08   0.151831E+08   0.757808E+07   0.756973E+07   0.150723E+08   0.151819E+08   0.151831E+08   0.151839E+08  -0.544441E+00   0.115993E+08   0.115993E+08   0.417938E+00
   0.541785E-03   0.151805E+08   0.151805E+08   0.707799E+07   0.707023E+07   0.150622E+08   0.151792E+08   0.151805E+08   0.151811E+08  -0.544336E+00   0.115973E+08   0.115973E+08   0.430969E+00
   0.560149E-03   0.151778E+08   0.151778E+08   0.658142E+07   0.657434E+07   0.150513E+08   0.151764E+08   0.151778E+08   0.151781E+08  -0.544225E+00   0.115951E+08   0.115951E+08   0.444350E+00
   0.579136E-03   0.151749E+08   0.151748E+08   0.609126E+07   0.608494E+07   0.150398E+08   0.151733E+08   0.151749E+08   0.151749E+08  -0.544107E+00   0.115928E+08   0.115928E+08   0.458086E+00
   0.598765E-03   0.151718E+08   0.151717E+08   0.561057E+07   0.560510E+07   0.150276E+08   0.151701E+08   0.151717E+08   0.151716E+08  -0.543983E+00   0.115904E+08   0.115904E+08   0.472183E+00
   0.619061E-03   0.151685E+08   0.151684E+08   0.514255E+07   0.513800E+07   0.150145E+08   0.151667E+08   0.151684E+08   0.151681E+08  -0.543852E+00   0.115878E+08   0.115878E+08   0.486649E+00
   0.640044E-03   0.151650E+08   0.151649E+08   0.469042E+07   0.468686E+07   0.150007E+08   0.151631E+08   0.151649E+08   0.151643E+08  -0.543713E+00   0.115850E+08   0.115850E+08   0.501488E+00
   0.661738E-03   0.151612E+08   0.151612E+08   0.425742E+07   0.425490E+07   0.149859E+08   0.151593E+08   0.151612E+08   0.151604E+08  -0.543566E+00   0.115821E+08   0.115821E+08   0.516709E+00
   0.684168E-03   0.151573E+08   0.151572E+08   0.384671E+07   0.384524E+07   0.149702E+08   0.151552E+08   0.151573E+08   0.151562E+08  -0.543411E+00   0.115790E+08   0.115790E+08   0.532318E+00
   0.707358E-03   0.151531E+08   0.151530E+08   0.346126E+07   0.346085E+07   0.149536E+08   0.151509E+08   0.151531E+08   0.151518E+08  -0.543247E+00   0.115757E+08   0.115757E+08   0.548322E+00
   0.731334E-03   0.151487E+08   0.151486E+08   0.310377E+07   0.310440E+07   0.149359E+08   0.151463E+08   0.151487E+08   0.151471E+08  -0.543074E+00   0.115722E+08   0.115722E+08   0.564729E+00
   0.756122E-03   0.151440E+08   0.151439E+08   0.277656E+07   0.277817E+07   0.149171E+08   0.151414E+08   0.151440E+08   0.151421E+08  -0.542892E+00   0.115685E+08   0.115685E+08   0.581548E+00
   0.781751E-03   0.151390E+08   0.151389E+08   0.248144E+07   0.248394E+07   0.148972E+08   0.151363E+08   0.151390E+08   0.151369E+08  -0.542699E+00   0.115645E+08   0.115645E+08   0.598788E+00
   0.808249E-03   0.151337E+08   0.151336E+08   0.221963E+07   0.222290E+07   0.148761E+08   0.151308E+08   0.151337E+08   0.151314E+08  -0.542496E+00   0.115604E+08   0.115604E+08   0.616457E+00
   0.835645E-03   0.151281E+08   0.151281E+08   0.199163E+07   0.199551E+07   0.148537E+08   0.151250E+08   0.151281E+08   0.151256E+08  -0.542282E+00   0.115560E+08   0.115560E+08   0.634566E+00
   0.863969E-03   0.151222E+08   0.151221E+08   0.179713E+07   0.180144E+07   0.148300E+08   0.151189E+08   0.151222E+08   0.151194E+08  -0.542057E+00   0.115513E+08   0.115513E+08   0.653126E+00
   0.893253E-03   0.151160E+08   0.151159E+08   0.163497E+07   0.163949E+07   0.148049E+08   0.151125E+08   0.151160E+08   0.151129E+08  -0.541819E+00   0.115464E+08   0.115464E+08   0.672148E+00
   0.923530E-03   0.151094E+08   0.151093E+08   0.150308E+07   0.150757E+07   0.147783E+08   0.151056E+08   0.151094E+08   0.151060E+08  -0.541568E+00   0.115412E+08   0.115412E+08   0.691645E+00
   0.954833E-03   0.151024E+08   0.151023E+08   0.139851E+07   0.140274E+07   0.147502E+08   0.150984E+08   0.151024E+08   0.150988E+08  -0.541304E+00   0.115356E+08   0.115356E+08   0.711630E+00
   0.987197E-03   0.150950E+08   0.150949E+08   0.131750E+07   0.132122E+07   0.147205E+08   0.150908E+08   0.150950E+08   0.150912E+08  -0.541026E+00   0.115298E+08   0.115298E+08   0.732116E+00
   0.102066E-02   0.150872E+08   0.150871E+08   0.125556E+07   0.125858E+07   0.146891E+08   0.150828E+08   0.150872E+08   0.150831E+08  -0.540733E+00   0.115237E+08   0.115237E+08   0.753117E+00
   0.105525E-02   0.150790E+08   0.150789E+08   0.120775E+07   0.120987E+07   0.146559E+08   0.150742E+08   0.150790E+08   0.150746E+08  -0.540425E+00   0.115172E+08   0.115172E+08   0.774650E+00
   0.109102E-02   0.150703E+08   0.150702E+08   0.116884E+07   0.116994E+07   0.146210E+08   0.150653E+08   0.150703E+08   0.150656E+08  -0.540100E+00   0.115104E+08   0.115103E+08   0.796728E+00
   0.112800E-02   0.150612E+08   0.150610E+08   0.113366E+07   0.113369E+07   0.145841E+08   0.150558E+08   0.150612E+08   0.150561E+08  -0.539757E+00   0.115031E+08   0.115031E+08   0.819367E+00
   0.116624E-02   0.150515E+08   0.150514E+08   0.109746E+07   0.109646E+07   0.145452E+08   0.150458E+08   0.150515E+08   0.150461E+08  -0.539397E+00   0.114955E+08   0.114955E+08   0.842584E+00
   0.120577E-02   0.150414E+08   0.150412E+08   0.105626E+07   0.105435E+07   0.145043E+08   0.150353E+08   0.150413E+08   0.150356E+08  -0.539017E+00   0.114875E+08   0.114875E+08   0.866394E+00
   0.124664E-02   0.150306E+08   0.150305E+08   0.100716E+07   0.100456E+07   0.144612E+08   0.150242E+08   0.150306E+08   0.150245E+08  -0.538618E+00   0.114791E+08   0.114791E+08   0.890814E+00
   0.128889E-02   0.150193E+08   0.150191E+08   0.948690E+06   0.945686E+06   0.144159E+08   0.150125E+08   0.150193E+08   0.150128E+08  -0.538197E+00   0.114702E+08   0.114702E+08   0.915858E+00
   0.133258E-02   0.150074E+08   0.150072E+08   0.880902E+06   0.877842E+06   0.143684E+08   0.150002E+08   0.150074E+08   0.150005E+08  -0.537754E+00   0.114608E+08   0.114608E+08   0.941543E+00
   0.137774E-02   0.149949E+08   0.149947E+08   0.805452E+06   0.802700E+06   0.143185E+08   0.149873E+08   0.149949E+08   0.149875E+08  -0.537288E+00   0.114510E+08   0.114510E+08   0.967883E+00
   0.142444E-02   0.149817E+08   0.149815E+08   0.725404E+06   0.723299E+06   0.142663E+08   0.149736E+08   0.149817E+08   0.149738E+08  -0.536797E+00   0.114406E+08   0.114406E+08   0.994893E+00
   0.147273E-02   0.149678E+08   0.149676E+08   0.644878E+06   0.643681E+06   0.142116E+08   0.149593E+08   0.149678E+08   0.149595E+08  -0.536282E+00   0.114297E+08   0.114297E+08   0.102259E+01
   0.152264E-02   0.149533E+08   0.149530E+08   0.568486E+06   0.568339E+06   0.141543E+08   0.149442E+08   0.149532E+08   0.149444E+08  -0.535740E+00   0.114183E+08   0.114183E+08   0.105099E+01
   0.157425E-02   0.149379E+08   0.149376E+08   0.500648E+06   0.501537E+06   0.140945E+08   0.149284E+08   0.149379E+08   0.149285E+08  -0.535170E+00   0.114063E+08   0.114062E+08   0.108010E+01
   0.162761E-02   0.149218E+08   0.149215E+08   0.444848E+06   0.446586E+06   0.140321E+08   0.149118E+08   0.149218E+08   0.149119E+08  -0.534572E+00   0.113936E+08   0.113936E+08   0.110995E+01
   0.168278E-02   0.149049E+08   0.149046E+08   0.402968E+06   0.405213E+06   0.139671E+08   0.148943E+08   0.149048E+08   0.148944E+08  -0.533944E+00   0.113803E+08   0.113803E+08   0.114055E+01
   0.173982E-02   0.148871E+08   0.148868E+08   0.374838E+06   0.377142E+06   0.138994E+08   0.148760E+08   0.148871E+08   0.148761E+08  -0.533285E+00   0.113664E+08   0.113664E+08   0.117192E+01
   0.179879E-02   0.148685E+08   0.148681E+08   0.358143E+06   0.360031E+06   0.138290E+08   0.148567E+08   0.148684E+08   0.148568E+08  -0.532595E+00   0.113518E+08   0.113518E+08   0.120407E+01
   0.185976E-02   0.148490E+08   0.148486E+08   0.348772E+06   0.349846E+06   0.137612E+08   0.148368E+08   0.148490E+08   0.148369E+08  -0.531877E+00   0.113366E+08   0.113366E+08   0.123703E+01
   0.192280E-02   0.148285E+08   0.148281E+08   0.341595E+06   0.341633E+06   0.136859E+08   0.148156E+08   0.148285E+08   0.148157E+08  -0.531119E+00   0.113206E+08   0.113206E+08   0.127082E+01
   0.198797E-02   0.148071E+08   0.148066E+08   0.331624E+06   0.330656E+06   0.136080E+08   0.147935E+08   0.148070E+08   0.147936E+08  -0.530325E+00   0.113038E+08   0.113038E+08   0.130545E+01
   0.205535E-02   0.147846E+08   0.147841E+08   0.315229E+06   0.313551E+06   0.135274E+08   0.147704E+08   0.147845E+08   0.147704E+08  -0.529494E+00   0.112862E+08   0.112862E+08   0.134095E+01
   0.212502E-02   0.147610E+08   0.147605E+08   0.291144E+06   0.289265E+06   0.134441E+08   0.147461E+08   0.147609E+08   0.147462E+08  -0.528625E+00   0.112678E+08   0.112678E+08   0.137734E+01
   0.219705E-02   0.147364E+08   0.147358E+08   0.260897E+06   0.259398E+06   0.133583E+08   0.147208E+08   0.147363E+08   0.147209E+08  -0.527716E+00   0.112486E+08   0.112486E+08   0.141464E+01
   0.227152E-02   0.147106E+08   0.147100E+08   0.228407E+06   0.227761E+06   0.132699E+08   0.146943E+08   0.147105E+08   0.146944E+08  -0.526766E+00   0.112284E+08   0.112284E+08   0.145287E+01
   0.234851E-02   0.146836E+08   0.146830E+08   0.198738E+06   0.199135E+06   0.131774E+08   0.146666E+08   0.146835E+08   0.146667E+08  -0.525771E+00   0.112074E+08   0.112074E+08   0.149204E+01
   0.242811E-02   0.146555E+08   0.146548E+08   0.176315E+06   0.177558E+06   0.130837E+08   0.146377E+08   0.146554E+08   0.146378E+08  -0.524735E+00   0.111855E+08   0.111855E+08   0.153219E+01
   0.251041E-02   0.146261E+08   0.146254E+08   0.163170E+06   0.164714E+06   0.129875E+08   0.146076E+08   0.146260E+08   0.146076E+08  -0.523654E+00   0.111626E+08   0.111626E+08   0.157333E+01
   0.259551E-02   0.145954E+08   0.145947E+08   0.157994E+06   0.159133E+06   0.128888E+08   0.145762E+08   0.145953E+08   0.145762E+08  -0.522527E+00   0.111387E+08   0.111387E+08   0.161548E+01
   0.268348E-02   0.145635E+08   0.145627E+08   0.156531E+06   0.156694E+06   0.127878E+08   0.145434E+08   0.145633E+08   0.145434E+08  -0.521352E+00   0.111138E+08   0.111138E+08   0.165867E+01
   0.277444E-02   0.145301E+08   0.145293E+08   0.153402E+06   0.152418E+06   0.126843E+08   0.145093E+08   0.145300E+08   0.145093E+08  -0.520128E+00   0.110879E+08   0.110879E+08   0.170292E+01
   0.286848E-02   0.144955E+08   0.144945E+08   0.144685E+06   0.142874E+06   0.125789E+08   0.144738E+08   0.144953E+08   0.144738E+08  -0.518855E+00   0.110609E+08   0.110609E+08   0.174825E+01
   0.296570E-02   0.144593E+08   0.144584E+08   0.130002E+06   0.128006E+06   0.124708E+08   0.144368E+08   0.144592E+08   0.144369E+08  -0.517531E+00   0.110329E+08   0.110329E+08   0.179470E+01
   0.306623E-02   0.144218E+08   0.144207E+08   0.112847E+06   0.111222E+06   0.123602E+08   0.143984E+08   0.144216E+08   0.143985E+08  -0.516153E+00   0.110037E+08   0.110037E+08   0.184227E+01
   0.317016E-02   0.143827E+08   0.143816E+08   0.986012E+05   0.974053E+05   0.122472E+08   0.143585E+08   0.143825E+08   0.143586E+08  -0.514722E+00   0.109734E+08   0.109734E+08   0.189100E+01
   0.327761E-02   0.143421E+08   0.143409E+08   0.911336E+05   0.897892E+05   0.121318E+08   0.143171E+08   0.143419E+08   0.143171E+08  -0.513236E+00   0.109419E+08   0.109419E+08   0.194091E+01
   0.338871E-02   0.142999E+08   0.142987E+08   0.900506E+05   0.876717E+05   0.120137E+08   0.142741E+08   0.142997E+08   0.142741E+08  -0.511694E+00   0.109092E+08   0.109092E+08   0.199203E+01
   0.350357E-02   0.142562E+08   0.142548E+08   0.907312E+05   0.867977E+05   0.118931E+08   0.142294E+08   0.142560E+08   0.142295E+08  -0.510094E+00   0.108753E+08   0.108753E+08   0.204437E+01
   0.362232E-02   0.142108E+08   0.142094E+08   0.876050E+05   0.825350E+05   0.117699E+08   0.141832E+08   0.142106E+08   0.141832E+08  -0.508435E+00   0.108402E+08   0.108401E+08   0.209796E+01
   0.374510E-02   0.141638E+08   0.141622E+08   0.785367E+05   0.736437E+05   0.116440E+08   0.141352E+08   0.141635E+08   0.141353E+08  -0.506715E+00   0.108037E+08   0.108037E+08   0.215283E+01
   0.387204E-02   0.141150E+08   0.141134E+08   0.666840E+05   0.633946E+05   0.115153E+08   0.140856E+08   0.141148E+08   0.140856E+08  -0.504935E+00   0.107660E+08   0.107660E+08   0.220900E+01
   0.400328E-02   0.140645E+08   0.140628E+08   0.577209E+05   0.565775E+05   0.113838E+08   0.140342E+08   0.140643E+08   0.140342E+08  -0.503091E+00   0.107269E+08   0.107269E+08   0.226649E+01
   0.413897E-02   0.140123E+08   0.140104E+08   0.544498E+05   0.547642E+05   0.112493E+08   0.139810E+08   0.140120E+08   0.139810E+08  -0.501184E+00   0.106865E+08   0.106865E+08   0.232533E+01
   0.427927E-02   0.139582E+08   0.139562E+08   0.540355E+05   0.545849E+05   0.111118E+08   0.139259E+08   0.139579E+08   0.139259E+08  -0.499211E+00   0.106447E+08   0.106447E+08   0.238554E+01
   0.442431E-02   0.139023E+08   0.139002E+08   0.512718E+05   0.513871E+05   0.109713E+08   0.138691E+08   0.139020E+08   0.138691E+08  -0.497172E+00   0.106015E+08   0.106015E+08   0.244714E+01
   0.457427E-02   0.138445E+08   0.138422E+08   0.448030E+05   0.446807E+05   0.108279E+08   0.138103E+08   0.138442E+08   0.138103E+08  -0.495065E+00   0.105568E+08   0.105568E+08   0.251015E+01
   0.472932E-02   0.137848E+08   0.137824E+08   0.388161E+05   0.387501E+05   0.106815E+08   0.137496E+08   0.137844E+08   0.137496E+08  -0.492888E+00   0.105107E+08   0.105107E+08   0.257460E+01
   0.488962E-02   0.137231E+08   0.137206E+08   0.372795E+05   0.369757E+05   0.105324E+08   0.136869E+08   0.137227E+08   0.136869E+08  -0.490641E+00   0.104631E+08   0.104630E+08   0.264050E+01
   0.505535E-02   0.136595E+08   0.136567E+08   0.379411E+05   0.370710E+05   0.103806E+08   0.136222E+08   0.136591E+08   0.136222E+08  -0.488323E+00   0.104139E+08   0.104139E+08   0.270787E+01
   0.522671E-02   0.135938E+08   0.135909E+08   0.352913E+05   0.344529E+05   0.102263E+08   0.135555E+08   0.135934E+08   0.135555E+08  -0.485932E+00   0.103632E+08   0.103632E+08   0.277673E+01
   0.540387E-02   0.135261E+08   0.135230E+08   0.292641E+05   0.293962E+05   0.100696E+08   0.134868E+08   0.135256E+08   0.134868E+08  -0.483467E+00   0.103110E+08   0.103109E+08   0.284709E+01
   0.558703E-02   0.134562E+08   0.134529E+08   0.258335E+05   0.265081E+05   0.991070E+07   0.134159E+08   0.134557E+08   0.134159E+08  -0.480926E+00   0.102571E+08   0.102570E+08   0.291896E+01
   0.577640E-02   0.133843E+08   0.133808E+08   0.269395E+05   0.266238E+05   0.974969E+07   0.133429E+08   0.133837E+08   0.133429E+08  -0.478310E+00   0.102016E+08   0.102016E+08   0.299235E+01
   0.597220E-02   0.133102E+08   0.133064E+08   0.266914E+05   0.253192E+05   0.958664E+07   0.132678E+08   0.133096E+08   0.132678E+08  -0.475616E+00   0.101445E+08   0.101444E+08   0.306728E+01
   0.617462E-02   0.132339E+08   0.132299E+08   0.222824E+05   0.215425E+05   0.942155E+07   0.131904E+08   0.132332E+08   0.131904E+08  -0.472843E+00   0.100857E+08   0.100856E+08   0.314374E+01
   0.638391E-02   0.131553E+08   0.131511E+08   0.196383E+05   0.196271E+05   0.925439E+07   0.131108E+08   0.131547E+08   0.131109E+08  -0.469990E+00   0.100251E+08   0.100251E+08   0.322173E+01
   0.660030E-02   0.130745E+08   0.130700E+08   0.211365E+05   0.198651E+05   0.908507E+07   0.130290E+08   0.130738E+08   0.130290E+08  -0.467056E+00   0.996290E+07   0.996282E+07   0.330125E+01
   0.682401E-02   0.129914E+08   0.129866E+08   0.203625E+05   0.179985E+05   0.891353E+07   0.129448E+08   0.129906E+08   0.129448E+08  -0.464039E+00   0.989889E+07   0.989882E+07   0.338230E+01
   0.705532E-02   0.129059E+08   0.129008E+08   0.164875E+05   0.158866E+05   0.873976E+07   0.128583E+08   0.129051E+08   0.128583E+08  -0.460938E+00   0.983310E+07   0.983302E+07   0.346485E+01
   0.729446E-02   0.128181E+08   0.128126E+08   0.155052E+05   0.177792E+05   0.856382E+07   0.127695E+08   0.128172E+08   0.127695E+08  -0.457751E+00   0.976549E+07   0.976540E+07   0.354889E+01
   0.754170E-02   0.127278E+08   0.127220E+08   0.151116E+05   0.177132E+05   0.838591E+07   0.126782E+08   0.127269E+08   0.126782E+08  -0.454478E+00   0.969604E+07   0.969594E+07   0.363439E+01
   0.779733E-02   0.126351E+08   0.126289E+08   0.120387E+05   0.153140E+05   0.820635E+07   0.125844E+08   0.126341E+08   0.125844E+08  -0.451117E+00   0.962470E+07   0.962461E+07   0.372132E+01
   0.806162E-02   0.125399E+08   0.125333E+08   0.117613E+05   0.157853E+05   0.802551E+07   0.124882E+08   0.125389E+08   0.124882E+08  -0.447667E+00   0.955148E+07   0.955137E+07   0.380964E+01
   0.833487E-02   0.124421E+08   0.124352E+08   0.124771E+05   0.151567E+05   0.784380E+07   0.123894E+08   0.124410E+08   0.123894E+08  -0.444127E+00   0.947632E+07   0.947621E+07   0.389929E+01
   0.861738E-02   0.123418E+08   0.123344E+08   0.100013E+05   0.132583E+05   0.766155E+07   0.122881E+08   0.123407E+08   0.122881E+08  -0.440496E+00   0.939922E+07   0.939910E+07   0.399023E+01
   0.890947E-02   0.122389E+08   0.122311E+08   0.953389E+04   0.135330E+05   0.747897E+07   0.121842E+08   0.122377E+08   0.121842E+08  -0.436772E+00   0.932014E+07   0.932002E+07   0.408236E+01
   0.921146E-02   0.121334E+08   0.121250E+08   0.933511E+04   0.121170E+05   0.729613E+07   0.120778E+08   0.121321E+08   0.120778E+08  -0.432955E+00   0.923907E+07   0.923894E+07   0.417563E+01
   0.952368E-02   0.120252E+08   0.120163E+08   0.841285E+04   0.113004E+05   0.711303E+07   0.119686E+08   0.120238E+08   0.119686E+08  -0.429043E+00   0.915598E+07   0.915584E+07   0.426992E+01
   0.984649E-02   0.119143E+08   0.119049E+08   0.857388E+04   0.109814E+05   0.692960E+07   0.118568E+08   0.119128E+08   0.118568E+08  -0.425035E+00   0.907084E+07   0.907070E+07   0.436513E+01
   0.101802E-01   0.118006E+08   0.117907E+08   0.718384E+04   0.959790E+04   0.674585E+07   0.117423E+08   0.117991E+08   0.117423E+08  -0.420931E+00   0.898364E+07   0.898349E+07   0.446114E+01
   0.105253E-01   0.116843E+08   0.116737E+08   0.721894E+04   0.957617E+04   0.656187E+07   0.116251E+08   0.116826E+08   0.116251E+08  -0.416728E+00   0.889435E+07   0.889418E+07   0.455780E+01
   0.108821E-01   0.115651E+08   0.115539E+08   0.548352E+04   0.830117E+04   0.637788E+07   0.115051E+08   0.115634E+08   0.115051E+08  -0.412426E+00   0.880293E+07   0.880276E+07   0.465496E+01
   0.112509E-01   0.114431E+08   0.114312E+08   0.558856E+04   0.821971E+04   0.619412E+07   0.113823E+08   0.114412E+08   0.113823E+08  -0.408025E+00   0.870937E+07   0.870919E+07   0.475242E+01
   0.116322E-01   0.113182E+08   0.113057E+08   0.533821E+04   0.716388E+04   0.601084E+07   0.112567E+08   0.113163E+08   0.112567E+08  -0.403521E+00   0.861364E+07   0.861345E+07   0.485000E+01
   0.120265E-01   0.111905E+08   0.111772E+08   0.489430E+04   0.705233E+04   0.582822E+07   0.111282E+08   0.111884E+08   0.111282E+08  -0.398915E+00   0.851572E+07   0.851552E+07   0.494747E+01
   0.124342E-01   0.110598E+08   0.110458E+08   0.432948E+04   0.613611E+04   0.564639E+07   0.109968E+08   0.110576E+08   0.109968E+08  -0.394206E+00   0.841559E+07   0.841538E+07   0.504457E+01
   0.128556E-01   0.109262E+08   0.109113E+08   0.461889E+04   0.603760E+04   0.546553E+07   0.108626E+08   0.109239E+08   0.108626E+08  -0.389393E+00   0.831322E+07   0.831300E+07   0.514104E+01
   0.132914E-01   0.107896E+08   0.107739E+08   0.393579E+04   0.527895E+04   0.528588E+07   0.107254E+08   0.107872E+08   0.107254E+08  -0.384474E+00   0.820861E+07   0.820837E+07   0.523657E+01
   0.137419E-01   0.106500E+08   0.106334E+08   0.366717E+04   0.506787E+04   0.510780E+07   0.105852E+08   0.106474E+08   0.105852E+08  -0.379450E+00   0.810172E+07   0.810148E+07   0.533082E+01
   0.142077E-01   0.105074E+08   0.104899E+08   0.298473E+04   0.464910E+04   0.493151E+07   0.104421E+08   0.105047E+08   0.104421E+08  -0.374320E+00   0.799257E+07   0.799230E+07   0.542343E+01
   0.146892E-01   0.103618E+08   0.103433E+08   0.287327E+04   0.415824E+04   0.475702E+07   0.102960E+08   0.103589E+08   0.102960E+08  -0.369083E+00   0.788112E+07   0.788085E+07   0.551401E+01
   0.151871E-01   0.102131E+08   0.101937E+08   0.307855E+04   0.403623E+04   0.458415E+07   0.101469E+08   0.102101E+08   0.101469E+08  -0.363739E+00   0.776739E+07   0.776710E+07   0.560211E+01
   0.157019E-01   0.100614E+08   0.100410E+08   0.234146E+04   0.360910E+04   0.441288E+07   0.999486E+07   0.100583E+08   0.999486E+07  -0.358287E+00   0.765136E+07   0.765105E+07   0.568726E+01
   0.162341E-01   0.990672E+07   0.988516E+07   0.264381E+04   0.325675E+04   0.424355E+07   0.983980E+07   0.990337E+07   0.983980E+07  -0.352729E+00   0.753303E+07   0.753271E+07   0.576897E+01
   0.167844E-01   0.974897E+07   0.972630E+07   0.233651E+04   0.312855E+04   0.407668E+07   0.968178E+07   0.974545E+07   0.968178E+07  -0.347064E+00   0.741242E+07   0.741208E+07   0.584668E+01
   0.173533E-01   0.958823E+07   0.956442E+07   0.177798E+04   0.288129E+04   0.391254E+07   0.952083E+07   0.958453E+07   0.952083E+07  -0.341295E+00   0.728954E+07   0.728919E+07   0.591980E+01
   0.179415E-01   0.942452E+07   0.939952E+07   0.168364E+04   0.255523E+04   0.375104E+07   0.935696E+07   0.942063E+07   0.935696E+07  -0.335420E+00   0.716443E+07   0.716406E+07   0.598771E+01
   0.185496E-01   0.925788E+07   0.923169E+07   0.184802E+04   0.233147E+04   0.359205E+07   0.919023E+07   0.925381E+07   0.919023E+07  -0.329443E+00   0.703711E+07   0.703673E+07   0.604974E+01
   0.191783E-01   0.908839E+07   0.906095E+07   0.164549E+04   0.219405E+04   0.343574E+07   0.902069E+07   0.908412E+07   0.902069E+07  -0.323366E+00   0.690763E+07   0.690723E+07   0.610518E+01
   0.198284E-01   0.891610E+07   0.888741E+07   0.163359E+04   0.205623E+04   0.328258E+07   0.884843E+07   0.891165E+07   0.884843E+07  -0.317191E+00   0.677605E+07   0.677564E+07   0.615330E+01
   0.205005E-01   0.874112E+07   0.871116E+07   0.117155E+04   0.189243E+04   0.313277E+07   0.867353E+07   0.873647E+07   0.867353E+07  -0.310921E+00   0.664244E+07   0.664201E+07   0.619332E+01
   0.211953E-01   0.856357E+07   0.853232E+07   0.109413E+04   0.172162E+04   0.298624E+07   0.849613E+07   0.855872E+07   0.849613E+07  -0.304562E+00   0.650690E+07   0.650645E+07   0.622442E+01
   0.219138E-01   0.838357E+07   0.835102E+07   0.106330E+04   0.156287E+04   0.284303E+07   0.831634E+07   0.837851E+07   0.831634E+07  -0.298117E+00   0.636951E+07   0.636905E+07   0.624577E+01
   0.226565E-01   0.820128E+07   0.816744E+07   0.101064E+04   0.142276E+04   0.270342E+07   0.813434E+07   0.819603E+07   0.813434E+07  -0.291593E+00   0.623042E+07   0.622994E+07   0.625652E+01
   0.234245E-01   0.801690E+07   0.798177E+07   0.800757E+03   0.130069E+04   0.256746E+07   0.795030E+07   0.801144E+07   0.795030E+07  -0.284995E+00   0.608974E+07   0.608925E+07   0.625578E+01
   0.242184E-01   0.783063E+07   0.779424E+07   0.849526E+03   0.119422E+04   0.243508E+07   0.776444E+07   0.782498E+07   0.776444E+07  -0.278333E+00   0.594767E+07   0.594716E+07   0.624270E+01
   0.250393E-01   0.764272E+07   0.760509E+07   0.791322E+03   0.109973E+04   0.230661E+07   0.757701E+07   0.763688E+07   0.757701E+07  -0.271614E+00   0.580437E+07   0.580384E+07   0.621638E+01
   0.258880E-01   0.745346E+07   0.741463E+07   0.704947E+03   0.101008E+04   0.218236E+07   0.738830E+07   0.744743E+07   0.738830E+07  -0.264849E+00   0.566007E+07   0.565952E+07   0.617599E+01
   0.267655E-01   0.726315E+07   0.722317E+07   0.542157E+03   0.914854E+03   0.206212E+07   0.719859E+07   0.725694E+07   0.719859E+07  -0.258049E+00   0.551499E+07   0.551444E+07   0.612069E+01
   0.276728E-01   0.707214E+07   0.703108E+07   0.660502E+03   0.812375E+03   0.194581E+07   0.700826E+07   0.706576E+07   0.700826E+07  -0.251226E+00   0.536942E+07   0.536886E+07   0.604973E+01
   0.286107E-01   0.688083E+07   0.683877E+07   0.582782E+03   0.726923E+03   0.183378E+07   0.681768E+07   0.687429E+07   0.681768E+07  -0.244394E+00   0.522365E+07   0.522307E+07   0.596240E+01
   0.295805E-01   0.668961E+07   0.664666E+07   0.487510E+03   0.680741E+03   0.172609E+07   0.662727E+07   0.668294E+07   0.662727E+07  -0.237568E+00   0.507798E+07   0.507740E+07   0.585809E+01
   0.305831E-01   0.649897E+07   0.645523E+07   0.429134E+03   0.628380E+03   0.162275E+07   0.643748E+07   0.649217E+07   0.643748E+07  -0.230765E+00   0.493278E+07   0.493219E+07   0.573632E+01
   0.316197E-01   0.630937E+07   0.626497E+07   0.422336E+03   0.546432E+03   0.152379E+07   0.624880E+07   0.630247E+07   0.624880E+07  -0.224001E+00   0.478841E+07   0.478781E+07   0.559672E+01
   0.326915E-01   0.612134E+07   0.607644E+07   0.337279E+03   0.513165E+03   0.142910E+07   0.606174E+07   0.611436E+07   0.606174E+07  -0.217296E+00   0.464527E+07   0.464467E+07   0.543914E+01
   0.337996E-01   0.593542E+07   0.589017E+07   0.312131E+03   0.458499E+03   0.133892E+07   0.587684E+07   0.592839E+07   0.587684E+07  -0.210668E+00   0.450377E+07   0.450317E+07   0.526357E+01
   0.349452E-01   0.575218E+07   0.570677E+07   0.271577E+03   0.417748E+03   0.125328E+07   0.569467E+07   0.574512E+07   0.569467E+07  -0.204137E+00   0.436435E+07   0.436374E+07   0.507028E+01
   0.361297E-01   0.557218E+07   0.552680E+07   0.264267E+03   0.374778E+03   0.117191E+07   0.551579E+07   0.556513E+07   0.551579E+07  -0.197725E+00   0.422742E+07   0.422683E+07   0.485976E+01
   0.373543E-01   0.539600E+07   0.535088E+07   0.242456E+03   0.348875E+03   0.109495E+07   0.534077E+07   0.538899E+07   0.534077E+07  -0.191451E+00   0.409345E+07   0.409286E+07   0.463284E+01
   0.386204E-01   0.522421E+07   0.517956E+07   0.240564E+03   0.302591E+03   0.102236E+07   0.517016E+07   0.521727E+07   0.517016E+07  -0.185335E+00   0.396284E+07   0.396227E+07   0.439060E+01
   0.399295E-01   0.505735E+07   0.501340E+07   0.197318E+03   0.280705E+03   0.954027E+06   0.500452E+07   0.505052E+07   0.500452E+07  -0.179397E+00   0.383603E+07   0.383547E+07   0.413453E+01
   0.412829E-01   0.489592E+07   0.485290E+07   0.161035E+03   0.260315E+03   0.889778E+06   0.484432E+07   0.488924E+07   0.484432E+07  -0.173655E+00   0.371337E+07   0.371283E+07   0.386643E+01
   0.426822E-01   0.474036E+07   0.469853E+07   0.152513E+03   0.232837E+03   0.829670E+06   0.469002E+07   0.473386E+07   0.469002E+07  -0.168123E+00   0.359522E+07   0.359471E+07   0.358849E+01
   0.441289E-01   0.459105E+07   0.455062E+07   0.145495E+03   0.207280E+03   0.773442E+06   0.454196E+07   0.458477E+07   0.454196E+07  -0.162816E+00   0.348185E+07   0.348136E+07   0.330325E+01
   0.456247E-01   0.444824E+07   0.440946E+07   0.132922E+03   0.186438E+03   0.720969E+06   0.440042E+07   0.444222E+07   0.440042E+07  -0.157742E+00   0.337347E+07   0.337300E+07   0.301364E+01
   0.471711E-01   0.431212E+07   0.427519E+07   0.113668E+03   0.169355E+03   0.672124E+06   0.426556E+07   0.430638E+07   0.426556E+07  -0.152908E+00   0.327019E+07   0.326976E+07   0.272290E+01
   0.487700E-01   0.418268E+07   0.414779E+07   0.114566E+03   0.155541E+03   0.626664E+06   0.413738E+07   0.417726E+07   0.413738E+07  -0.148313E+00   0.317203E+07   0.317163E+07   0.243456E+01
   0.504230E-01   0.405983E+07   0.402713E+07   0.751431E+02   0.144035E+03   0.584395E+06   0.401577E+07   0.405475E+07   0.401577E+07  -0.143954E+00   0.307889E+07   0.307852E+07   0.215237E+01
   0.521321E-01   0.394326E+07   0.391288E+07   0.786263E+02   0.130471E+03   0.545115E+06   0.390042E+07   0.393854E+07   0.390042E+07  -0.139819E+00   0.299054E+07   0.299021E+07   0.188023E+01
   0.538991E-01   0.383251E+07   0.380452E+07   0.525214E+02   0.114098E+03   0.508561E+06   0.379088E+07   0.382816E+07   0.379088E+07  -0.135892E+00   0.290664E+07   0.290634E+07   0.162205E+01
   0.557261E-01   0.372697E+07   0.370138E+07   0.779602E+02   0.107019E+03   0.474527E+06   0.368651E+07   0.372300E+07   0.368651E+07  -0.132151E+00   0.282670E+07   0.282644E+07   0.138173E+01
   0.576149E-01   0.362585E+07   0.360263E+07   0.594773E+02   0.964152E+02   0.442730E+06   0.358653E+07   0.362224E+07   0.358653E+07  -0.128567E+00   0.275011E+07   0.274989E+07   0.116286E+01
   0.595678E-01   0.352820E+07   0.350724E+07   0.515985E+02   0.886796E+02   0.412992E+06   0.348999E+07   0.352494E+07   0.348999E+07  -0.125106E+00   0.267616E+07   0.267596E+07   0.968658E+00
   0.615868E-01   0.343297E+07   0.341412E+07   0.547935E+02   0.783255E+02   0.385037E+06   0.339584E+07   0.343004E+07   0.339584E+07  -0.121731E+00   0.260404E+07   0.260387E+07   0.801775E+00
   0.636743E-01   0.333905E+07   0.332209E+07   0.491739E+02   0.738990E+02   0.358690E+06   0.330297E+07   0.333642E+07   0.330297E+07  -0.118402E+00   0.253289E+07   0.253274E+07   0.664121E+00
   0.658325E-01   0.324531E+07   0.322996E+07   0.452980E+02   0.677896E+02   0.333740E+06   0.321025E+07   0.324293E+07   0.321025E+07  -0.115078E+00   0.246185E+07   0.246172E+07   0.556711E+00
   0.680640E-01   0.315067E+07   0.313660E+07   0.472704E+02   0.611168E+02   0.310052E+06   0.311661E+07   0.314849E+07   0.311661E+07  -0.111721E+00   0.239009E+07   0.238998E+07   0.479503E+00
   0.703710E-01   0.305419E+07   0.304104E+07   0.462569E+02   0.554384E+02   0.287475E+06   0.302109E+07   0.305214E+07   0.302109E+07  -0.108297E+00   0.231690E+07   0.231680E+07   0.431309E+00
   0.727562E-01   0.295513E+07   0.294254E+07   0.390982E+02   0.505494E+02   0.265934E+06   0.292299E+07   0.295317E+07   0.292299E+07  -0.104781E+00   0.224172E+07   0.224162E+07   0.409735E+00
   0.752224E-01   0.285306E+07   0.284066E+07   0.316343E+02   0.450628E+02   0.245358E+06   0.282187E+07   0.285113E+07   0.282187E+07  -0.101156E+00   0.216421E+07   0.216411E+07   0.411192E+00
   0.777720E-01   0.274791E+07   0.273535E+07   0.181224E+02   0.392241E+02   0.225734E+06   0.271766E+07   0.274596E+07   0.271766E+07  -0.974200E-01   0.208434E+07   0.208423E+07   0.430998E+00
   0.804081E-01   0.264003E+07   0.262703E+07   0.269154E+02   0.368826E+02   0.207076E+06   0.261071E+07   0.263801E+07   0.261071E+07  -0.935863E-01   0.200236E+07   0.200224E+07   0.463577E+00
   0.831335E-01   0.253022E+07   0.251657E+07   0.216864E+02   0.315749E+02   0.189413E+06   0.250184E+07   0.252810E+07   0.250184E+07  -0.896834E-01   0.191890E+07   0.191876E+07   0.502734E+00
   0.859514E-01   0.241970E+07   0.240527E+07   0.243434E+02   0.293616E+02   0.172809E+06   0.239224E+07   0.241745E+07   0.239224E+07  -0.857549E-01   0.183488E+07   0.183473E+07   0.542053E+00
   0.888647E-01   0.231005E+07   0.229484E+07   0.136015E+02   0.264070E+02   0.157330E+06   0.228353E+07   0.230768E+07   0.228353E+07  -0.818579E-01   0.175154E+07   0.175137E+07   0.575341E+00
   0.918768E-01   0.220311E+07   0.218724E+07   0.192887E+02   0.233785E+02   0.143033E+06   0.217754E+07   0.220065E+07   0.217754E+07  -0.780583E-01   0.167027E+07   0.167009E+07   0.597140E+00
   0.949909E-01   0.210083E+07   0.208452E+07   0.180862E+02   0.209637E+02   0.129967E+06   0.207619E+07   0.209830E+07   0.207619E+07  -0.744254E-01   0.159257E+07   0.159237E+07   0.603227E+00
   0.982107E-01   0.200502E+07   0.198859E+07   0.144720E+02   0.186923E+02   0.118154E+06   0.198130E+07   0.200247E+07   0.198130E+07  -0.710239E-01   0.151981E+07   0.151961E+07   0.591068E+00
   0.101539E+00   0.191716E+07   0.190098E+07   0.975555E+01   0.159758E+02   0.107579E+06   0.189435E+07   0.191464E+07   0.189435E+07  -0.679067E-01   0.145313E+07   0.145294E+07   0.560145E+00
   0.104981E+00   0.183814E+07   0.182262E+07   0.837066E+01   0.150165E+02   0.981846E+05   0.181621E+07   0.183573E+07   0.181621E+07  -0.651059E-01   0.139322E+07   0.139304E+07   0.512107E+00
   0.108540E+00   0.176813E+07   0.175364E+07   0.124759E+02   0.128724E+02   0.898725E+05   0.174705E+07   0.176588E+07   0.174705E+07  -0.626267E-01   0.134018E+07   0.134002E+07   0.450681E+00
   0.112219E+00   0.170640E+07   0.169324E+07   0.100859E+02   0.117693E+02   0.825087E+05   0.168614E+07   0.170435E+07   0.168614E+07  -0.604430E-01   0.129347E+07   0.129333E+07   0.381300E+00
   0.116022E+00   0.165138E+07   0.163973E+07   0.607869E+01   0.107432E+02   0.759330E+05   0.163189E+07   0.164957E+07   0.163189E+07  -0.584986E-01   0.125188E+07   0.125176E+07   0.310484E+00
   0.119955E+00   0.160079E+07   0.159066E+07   0.637192E+01   0.958959E+01   0.699730E+05   0.158204E+07   0.159921E+07   0.158204E+07  -0.567114E-01   0.121365E+07   0.121355E+07   0.244976E+00
   0.124021E+00   0.155192E+07   0.154318E+07   0.598582E+01   0.882013E+01   0.644655E+05   0.153387E+07   0.155056E+07   0.153387E+07  -0.549846E-01   0.117670E+07   0.117662E+07   0.190764E+00
   0.128224E+00   0.150206E+07   0.149441E+07   0.406220E+01   0.816686E+01   0.592716E+05   0.148468E+07   0.150088E+07   0.148468E+07  -0.532216E-01   0.113899E+07   0.113892E+07   0.152136E+00
   0.132571E+00   0.144901E+07   0.144205E+07   0.464299E+01   0.736459E+01   0.542959E+05   0.143227E+07   0.144793E+07   0.143227E+07  -0.513428E-01   0.109879E+07   0.109873E+07   0.130913E+00
   0.137064E+00   0.139148E+07   0.138477E+07   0.559391E+01   0.645446E+01   0.494927E+05   0.137537E+07   0.139043E+07   0.137537E+07  -0.493031E-01   0.105515E+07   0.105509E+07   0.126074E+00
   0.141710E+00   0.132946E+07   0.132262E+07   0.303231E+01   0.581010E+01   0.448687E+05   0.131398E+07   0.132840E+07   0.131398E+07  -0.471024E-01   0.100807E+07   0.100800E+07   0.133878E+00
   0.146513E+00   0.126433E+07   0.125709E+07   0.285184E+01   0.533235E+01   0.404738E+05   0.124948E+07   0.126321E+07   0.124948E+07  -0.447900E-01   0.958590E+06   0.958516E+06   0.148552E+00
   0.151479E+00   0.119860E+07   0.119086E+07   0.530368E+01   0.447764E+01   0.363817E+05   0.118436E+07   0.119740E+07   0.118436E+07  -0.424558E-01   0.908645E+06   0.908561E+06   0.163457E+00
   0.156614E+00   0.113539E+07   0.112726E+07   0.254418E+01   0.415593E+01   0.326677E+05   0.112176E+07   0.113413E+07   0.112176E+07  -0.402118E-01   0.860628E+06   0.860537E+06   0.172534E+00
   0.161922E+00   0.107767E+07   0.106943E+07   0.132805E+01   0.371647E+01   0.293830E+05   0.106463E+07   0.107639E+07   0.106463E+07  -0.381640E-01   0.816810E+06   0.816716E+06   0.171703E+00
   0.167410E+00   0.102744E+07   0.101945E+07   0.318750E+01   0.326333E+01   0.265396E+05   0.101497E+07   0.102620E+07   0.101497E+07  -0.363838E-01   0.778716E+06   0.778626E+06   0.159843E+00
   0.173085E+00   0.985085E+06   0.977689E+06   0.178507E+01   0.280725E+01   0.241011E+05   0.973156E+06   0.983936E+06   0.973156E+06  -0.348848E-01   0.746638E+06   0.746556E+06   0.139015E+00
   0.178952E+00   0.949174E+06   0.942610E+06   0.192326E+01   0.262966E+01   0.219898E+05   0.937752E+06   0.948154E+06   0.937752E+06  -0.336157E-01   0.719479E+06   0.719410E+06   0.113807E+00
   0.185017E+00   0.916835E+06   0.911145E+06   0.201074E+01   0.241501E+01   0.201077E+05   0.905890E+06   0.915951E+06   0.905890E+06  -0.324735E-01   0.695037E+06   0.694980E+06   0.898850E-01
   0.191288E+00   0.884642E+06   0.879667E+06   0.128344E+01   0.212415E+01   0.183611E+05   0.874148E+06   0.883869E+06   0.874148E+06  -0.313356E-01   0.670687E+06   0.670641E+06   0.721531E-01
   0.197772E+00   0.849809E+06   0.845247E+06   0.130828E+01   0.189273E+01   0.166867E+05   0.839751E+06   0.849100E+06   0.839751E+06  -0.301026E-01   0.644300E+06   0.644258E+06   0.631432E-01
   0.204476E+00   0.811222E+06   0.806745E+06   0.102387E+01   0.166004E+01   0.150644E+05   0.801593E+06   0.810526E+06   0.801593E+06  -0.287347E-01   0.615028E+06   0.614984E+06   0.622180E-01
   0.211406E+00   0.769894E+06   0.765271E+06   0.883973E+00   0.146959E+01   0.135165E+05   0.760689E+06   0.769176E+06   0.760689E+06  -0.272685E-01   0.583649E+06   0.583602E+06   0.659775E-01
   0.218572E+00   0.728521E+06   0.723702E+06   0.115130E+01   0.134606E+01   0.120885E+05   0.719734E+06   0.727772E+06   0.719734E+06  -0.258003E-01   0.552230E+06   0.552178E+06   0.697706E-01
   0.225980E+00   0.690264E+06   0.685389E+06   0.893863E+00   0.115291E+01   0.108227E+05   0.681885E+06   0.689507E+06   0.681885E+06  -0.244436E-01   0.523193E+06   0.523139E+06   0.697257E-01
   0.233640E+00   0.657244E+06   0.652555E+06   0.779812E+00   0.102985E+01   0.973523E+04   0.649251E+06   0.656515E+06   0.649251E+06  -0.232737E-01   0.498157E+06   0.498106E+06   0.643983E-01
   0.241559E+00   0.629488E+06   0.625201E+06   0.679689E+00   0.936271E+00   0.880688E+04   0.621859E+06   0.628822E+06   0.621859E+06  -0.222918E-01   0.477141E+06   0.477096E+06   0.552235E-01
   0.249747E+00   0.604961E+06   0.601149E+06   0.452415E+00   0.833901E+00   0.799241E+04   0.597670E+06   0.604368E+06   0.597670E+06  -0.214247E-01   0.458583E+06   0.458545E+06   0.455073E-01
   0.258212E+00   0.580742E+06   0.577310E+06   0.499374E+00   0.746635E+00   0.724325E+04   0.573774E+06   0.580209E+06   0.573774E+06  -0.205681E-01   0.440249E+06   0.440216E+06   0.384727E-01
   0.266964E+00   0.554750E+06   0.551501E+06   0.368724E+00   0.686101E+00   0.653006E+04   0.548094E+06   0.554245E+06   0.548094E+06  -0.196475E-01   0.420547E+06   0.420515E+06   0.354556E-01
   0.276013E+00   0.526948E+06   0.523712E+06   0.384862E+00   0.586697E+00   0.585233E+04   0.520599E+06   0.526446E+06   0.520599E+06  -0.186619E-01   0.399452E+06   0.399419E+06   0.353394E-01
   0.285369E+00   0.499195E+06   0.495932E+06   0.452285E+00   0.534924E+00   0.522953E+04   0.493146E+06   0.498688E+06   0.493146E+06  -0.176778E-01   0.378390E+06   0.378355E+06   0.355647E-01
   0.295041E+00   0.473804E+06   0.470605E+06   0.269845E+00   0.471661E+00   0.468093E+04   0.468043E+06   0.473307E+06   0.468043E+06  -0.167780E-01   0.359131E+06   0.359096E+06   0.340105E-01
   0.305042E+00   0.451777E+06   0.448777E+06   0.249788E+00   0.419159E+00   0.420844E+04   0.446289E+06   0.451311E+06   0.446289E+06  -0.159982E-01   0.342440E+06   0.342408E+06   0.303889E-01
   0.315381E+00   0.432184E+06   0.429446E+06   0.285411E+00   0.385412E+00   0.379530E+04   0.426952E+06   0.431759E+06   0.426952E+06  -0.153050E-01   0.327603E+06   0.327575E+06   0.261443E-01
   0.326071E+00   0.413076E+06   0.410547E+06   0.284542E+00   0.337787E+00   0.341889E+04   0.408086E+06   0.412683E+06   0.408086E+06  -0.146287E-01   0.313128E+06   0.313103E+06   0.230213E-01
   0.337123E+00   0.393224E+06   0.390798E+06   0.213762E+00   0.314453E+00   0.306661E+04   0.388470E+06   0.392847E+06   0.388470E+06  -0.139255E-01   0.298077E+06   0.298052E+06   0.215730E-01
   0.348550E+00   0.373111E+06   0.370728E+06   0.210659E+00   0.280707E+00   0.274106E+04   0.368585E+06   0.372741E+06   0.368585E+06  -0.132127E-01   0.282820E+06   0.282796E+06   0.209106E-01
   0.360364E+00   0.354160E+06   0.351846E+06   0.147231E+00   0.234433E+00   0.245050E+04   0.349854E+06   0.353800E+06   0.349854E+06  -0.125412E-01   0.268449E+06   0.268424E+06   0.197971E-01
   0.372579E+00   0.337156E+06   0.334974E+06   0.132707E+00   0.214054E+00   0.219678E+04   0.333059E+06   0.336817E+06   0.333059E+06  -0.119392E-01   0.255562E+06   0.255539E+06   0.178913E-01
   0.385207E+00   0.321529E+06   0.319500E+06   0.131541E+00   0.187209E+00   0.197240E+04   0.317628E+06   0.321214E+06   0.317628E+06  -0.113860E-01   0.243722E+06   0.243701E+06   0.158699E-01
   0.398264E+00   0.306176E+06   0.304262E+06   0.107796E+00   0.166556E+00   0.176797E+04   0.302463E+06   0.305878E+06   0.302463E+06  -0.108424E-01   0.232086E+06   0.232066E+06   0.144560E-01
   0.411763E+00   0.290809E+06   0.288965E+06   0.956903E-01   0.150847E+00   0.158032E+04   0.287277E+06   0.290522E+06   0.287277E+06  -0.102980E-01   0.220434E+06   0.220415E+06   0.135994E-01
   0.425720E+00   0.276074E+06   0.274299E+06   0.908070E-01   0.128679E+00   0.141162E+04   0.272717E+06   0.275799E+06   0.272717E+06  -0.977610E-02   0.209262E+06   0.209244E+06   0.127358E-01
   0.440150E+00   0.262489E+06   0.260809E+06   0.777914E-01   0.120786E+00   0.126264E+04   0.259297E+06   0.262228E+06   0.259297E+06  -0.929503E-02   0.198965E+06   0.198948E+06   0.116084E-01
   0.455068E+00   0.249772E+06   0.248192E+06   0.786140E-01   0.102455E+00   0.113010E+04   0.246737E+06   0.249526E+06   0.246737E+06  -0.884478E-02   0.189328E+06   0.189311E+06   0.104921E-01
   0.470493E+00   0.237392E+06   0.235891E+06   0.639900E-01   0.929144E-01   0.101009E+04   0.234507E+06   0.237159E+06   0.234507E+06  -0.840637E-02   0.179944E+06   0.179928E+06   0.965304E-02
   0.486441E+00   0.225372E+06   0.223935E+06   0.633397E-01   0.797266E-01   0.901645E+03   0.222630E+06   0.225148E+06   0.222630E+06  -0.798063E-02   0.170831E+06   0.170816E+06   0.897494E-02
   0.502929E+00   0.214037E+06   0.212671E+06   0.505661E-01   0.776823E-01   0.805004E+03   0.211432E+06   0.213825E+06   0.211432E+06  -0.757922E-02   0.162238E+06   0.162224E+06   0.825056E-02
   0.519976E+00   0.203390E+06   0.202099E+06   0.449134E-01   0.686501E-01   0.719020E+03   0.200915E+06   0.203189E+06   0.200915E+06  -0.720223E-02   0.154169E+06   0.154156E+06   0.751839E-02
   0.537600E+00   0.193169E+06   0.191944E+06   0.433552E-01   0.615954E-01   0.641768E+03   0.190819E+06   0.192979E+06   0.190819E+06  -0.684029E-02   0.146421E+06   0.146409E+06   0.690222E-02
   0.555822E+00   0.183348E+06   0.182182E+06   0.347632E-01   0.525988E-01   0.572370E+03   0.181116E+06   0.183167E+06   0.181116E+06  -0.649248E-02   0.138977E+06   0.138965E+06   0.636937E-02
   0.574662E+00   0.174048E+06   0.172941E+06   0.310551E-01   0.454676E-01   0.510460E+03   0.171929E+06   0.173876E+06   0.171929E+06  -0.616314E-02   0.131927E+06   0.131916E+06   0.584282E-02
   0.594140E+00   0.165232E+06   0.164184E+06   0.283208E-01   0.398186E-01   0.455214E+03   0.163221E+06   0.165069E+06   0.163221E+06  -0.585098E-02   0.125245E+06   0.125234E+06   0.534820E-02
   0.614278E+00   0.156801E+06   0.155805E+06   0.245001E-01   0.379000E-01   0.405724E+03   0.154891E+06   0.156646E+06   0.154891E+06  -0.555239E-02   0.118854E+06   0.118843E+06   0.491539E-02
   0.635100E+00   0.148767E+06   0.147821E+06   0.222949E-01   0.342121E-01   0.361483E+03   0.146954E+06   0.148620E+06   0.146954E+06  -0.526789E-02   0.112764E+06   0.112754E+06   0.451483E-02
   0.656626E+00   0.141149E+06   0.140253E+06   0.204904E-01   0.304106E-01   0.322034E+03   0.139430E+06   0.141010E+06   0.139430E+06  -0.499815E-02   0.106990E+06   0.106981E+06   0.413730E-02
   0.678883E+00   0.133894E+06   0.133043E+06   0.181294E-01   0.269810E-01   0.286789E+03   0.132262E+06   0.133761E+06   0.132262E+06  -0.474121E-02   0.101490E+06   0.101481E+06   0.379632E-02
   0.701893E+00   0.126984E+06   0.126178E+06   0.156513E-01   0.238228E-01   0.255314E+03   0.125437E+06   0.126859E+06   0.125437E+06  -0.449655E-02   0.962529E+05   0.962446E+05   0.348390E-02
   0.725684E+00   0.120425E+06   0.119661E+06   0.138244E-01   0.210176E-01   0.227251E+03   0.118958E+06   0.120306E+06   0.118958E+06  -0.426429E-02   0.912811E+05   0.912732E+05   0.319387E-02
   0.750282E+00   0.114184E+06   0.113459E+06   0.124518E-01   0.187341E-01   0.202210E+03   0.112792E+06   0.114071E+06   0.112792E+06  -0.404327E-02   0.865502E+05   0.865427E+05   0.292920E-02
   0.775712E+00   0.108252E+06   0.107564E+06   0.110955E-01   0.167739E-01   0.179882E+03   0.106933E+06   0.108145E+06   0.106933E+06  -0.383322E-02   0.820537E+05   0.820467E+05   0.268612E-02
   0.802005E+00   0.102615E+06   0.101964E+06   0.978905E-02   0.139849E-01   0.159981E+03   0.101365E+06   0.102514E+06   0.101365E+06  -0.363362E-02   0.777813E+05   0.777746E+05   0.246230E-02
   0.829189E+00   0.972568E+05   0.966393E+05   0.867523E-02   0.117656E-01   0.142243E+03   0.960712E+05   0.971609E+05   0.960712E+05  -0.344387E-02   0.737195E+05   0.737131E+05   0.225734E-02
   0.857295E+00   0.921673E+05   0.915822E+05   0.766660E-02   0.111158E-01   0.126442E+03   0.910437E+05   0.920764E+05   0.910437E+05  -0.326365E-02   0.698617E+05   0.698557E+05   0.206897E-02
   0.886353E+00   0.873314E+05   0.867770E+05   0.682112E-02   0.103798E-01   0.112368E+03   0.862667E+05   0.872453E+05   0.862667E+05  -0.309241E-02   0.661961E+05   0.661904E+05   0.189612E-02
   0.916396E+00   0.827397E+05   0.822145E+05   0.604986E-02   0.896782E-02   0.998383E+02   0.817309E+05   0.826581E+05   0.817309E+05  -0.292981E-02   0.627157E+05   0.627103E+05   0.173757E-02
   0.947457E+00   0.783791E+05   0.778815E+05   0.535677E-02   0.710550E-02   0.886843E+02   0.774234E+05   0.783018E+05   0.774234E+05  -0.277540E-02   0.594103E+05   0.594052E+05   0.159204E-02
   0.979571E+00   0.742399E+05   0.737687E+05   0.474525E-02   0.634031E-02   0.787601E+02   0.733346E+05   0.741667E+05   0.733346E+05  -0.262883E-02   0.562729E+05   0.562680E+05   0.145858E-02
   0.101277E+01   0.703105E+05   0.698642E+05   0.420470E-02   0.559360E-02   0.699307E+02   0.694531E+05   0.702412E+05   0.694531E+05  -0.248969E-02   0.532944E+05   0.532898E+05   0.133615E-02
   0.104710E+01   0.665810E+05   0.661584E+05   0.372500E-02   0.516343E-02   0.620777E+02   0.657690E+05   0.665154E+05   0.657690E+05  -0.235763E-02   0.504675E+05   0.504632E+05   0.122387E-02
   0.108259E+01   0.630421E+05   0.626420E+05   0.329994E-02   0.428503E-02   0.550956E+02   0.622733E+05   0.629800E+05   0.622733E+05  -0.223231E-02   0.477851E+05   0.477810E+05   0.112092E-02
   0.111929E+01   0.596835E+05   0.593047E+05   0.292197E-02   0.411162E-02   0.488880E+02   0.589556E+05   0.596247E+05   0.589556E+05  -0.211338E-02   0.452393E+05   0.452354E+05   0.102650E-02
   0.115723E+01   0.564981E+05   0.561395E+05   0.258778E-02   0.346453E-02   0.433717E+02   0.558089E+05   0.564424E+05   0.558089E+05  -0.200059E-02   0.428247E+05   0.428211E+05   0.939962E-03
   0.119645E+01   0.534763E+05   0.531369E+05   0.229170E-02   0.315739E-02   0.384700E+02   0.528240E+05   0.534236E+05   0.528240E+05  -0.189358E-02   0.405343E+05   0.405308E+05   0.860630E-03
   0.123701E+01   0.506106E+05   0.502894E+05   0.202897E-02   0.260306E-02   0.341158E+02   0.499932E+05   0.505607E+05   0.499932E+05  -0.179211E-02   0.383621E+05   0.383588E+05   0.787920E-03
   0.127893E+01   0.478936E+05   0.475897E+05   0.179618E-02   0.274203E-02   0.302492E+02   0.473093E+05   0.478464E+05   0.473093E+05  -0.169590E-02   0.363026E+05   0.362995E+05   0.721297E-03
   0.132228E+01   0.453171E+05   0.450296E+05   0.158995E-02   0.202654E-02   0.268158E+02   0.447643E+05   0.452725E+05   0.447643E+05  -0.160467E-02   0.343497E+05   0.343468E+05   0.660243E-03
   0.136710E+01   0.428746E+05   0.426026E+05   0.140722E-02   0.208972E-02   0.237678E+02   0.423516E+05   0.428324E+05   0.423516E+05  -0.151818E-02   0.324983E+05   0.324955E+05   0.604303E-03
   0.141344E+01   0.405596E+05   0.403022E+05   0.124538E-02   0.183767E-02   0.210625E+02   0.400648E+05   0.405196E+05   0.400648E+05  -0.143620E-02   0.307436E+05   0.307409E+05   0.553058E-03
   0.146135E+01   0.383660E+05   0.381225E+05   0.110204E-02   0.139252E-02   0.186623E+02   0.378979E+05   0.383281E+05   0.378979E+05  -0.135853E-02   0.290808E+05   0.290783E+05   0.506125E-03
   0.151088E+01   0.362872E+05   0.360570E+05   0.975106E-03   0.151010E-02   0.165328E+02   0.358445E+05   0.362514E+05   0.358445E+05  -0.128492E-02   0.275052E+05   0.275028E+05   0.463138E-03
   0.156209E+01   0.343176E+05   0.340999E+05   0.862704E-03   0.114735E-02   0.146440E+02   0.338989E+05   0.342838E+05   0.338989E+05  -0.121518E-02   0.260122E+05   0.260100E+05   0.423771E-03
   0.161504E+01   0.324515E+05   0.322456E+05   0.763176E-03   0.971524E-03   0.129688E+02   0.320556E+05   0.324195E+05   0.320556E+05  -0.114910E-02   0.245978E+05   0.245956E+05   0.387720E-03
   0.166978E+01   0.306840E+05   0.304894E+05   0.675074E-03   0.100724E-02   0.114835E+02   0.303096E+05   0.306538E+05   0.303096E+05  -0.108651E-02   0.232580E+05   0.232560E+05   0.354713E-03
   0.172638E+01   0.290101E+05   0.288260E+05   0.597082E-03   0.739614E-03   0.101670E+02   0.286561E+05   0.289815E+05   0.286561E+05  -0.102724E-02   0.219892E+05   0.219873E+05   0.324497E-03
   0.178489E+01   0.274249E+05   0.272509E+05   0.528051E-03   0.708959E-03   0.899997E+01   0.270903E+05   0.273979E+05   0.270903E+05  -0.971106E-03   0.207876E+05   0.207858E+05   0.296836E-03
   0.184539E+01   0.259238E+05   0.257593E+05   0.466954E-03   0.575478E-03   0.796580E+01   0.256075E+05   0.258983E+05   0.256075E+05  -0.917953E-03   0.196498E+05   0.196481E+05   0.271517E-03
   0.190795E+01   0.245027E+05   0.243473E+05   0.412895E-03   0.624839E-03   0.704947E+01   0.242037E+05   0.244786E+05   0.242037E+05  -0.867632E-03   0.185727E+05   0.185711E+05   0.248346E-03
   0.197261E+01   0.231575E+05   0.230106E+05   0.365059E-03   0.566506E-03   0.623777E+01   0.228750E+05   0.231347E+05   0.228750E+05  -0.820000E-03   0.175531E+05   0.175515E+05   0.227142E-03
   0.203948E+01   0.218842E+05   0.217453E+05   0.322737E-03   0.495116E-03   0.551875E+01   0.216171E+05   0.218626E+05   0.216171E+05  -0.774911E-03   0.165879E+05   0.165864E+05   0.207738E-03
   0.210860E+01   0.206791E+05   0.205479E+05   0.285297E-03   0.440710E-03   0.488202E+01   0.204267E+05   0.206587E+05   0.204267E+05  -0.732237E-03   0.156744E+05   0.156730E+05   0.189984E-03
   0.218008E+01   0.195385E+05   0.194146E+05   0.252176E-03   0.383442E-03   0.431823E+01   0.193001E+05   0.195193E+05   0.193001E+05  -0.691852E-03   0.148099E+05   0.148086E+05   0.173740E-03
   0.225397E+01   0.184594E+05   0.183423E+05   0.222883E-03   0.292890E-03   0.381903E+01   0.182342E+05   0.184412E+05   0.182342E+05  -0.653641E-03   0.139920E+05   0.139907E+05   0.158880E-03
   0.233037E+01   0.174385E+05   0.173278E+05   0.196976E-03   0.273356E-03   0.337719E+01   0.172256E+05   0.174213E+05   0.172256E+05  -0.617488E-03   0.132181E+05   0.132169E+05   0.145288E-03
   0.240936E+01   0.164726E+05   0.163681E+05   0.174067E-03   0.208621E-03   0.298610E+01   0.162715E+05   0.164563E+05   0.162715E+05  -0.583287E-03   0.124859E+05   0.124849E+05   0.132855E-03
   0.249102E+01   0.155589E+05   0.154602E+05   0.153808E-03   0.234907E-03   0.263999E+01   0.153690E+05   0.155436E+05   0.153690E+05  -0.550934E-03   0.117934E+05   0.117924E+05   0.121483E-03
   0.257545E+01   0.146948E+05   0.146016E+05   0.135898E-03   0.193813E-03   0.233378E+01   0.145155E+05   0.146803E+05   0.145155E+05  -0.520337E-03   0.111384E+05   0.111375E+05   0.111085E-03
   0.266275E+01   0.138775E+05   0.137895E+05   0.120063E-03   0.141119E-03   0.206282E+01   0.137082E+05   0.138639E+05   0.137082E+05  -0.491398E-03   0.105190E+05   0.105180E+05   0.101575E-03
   0.275300E+01   0.131048E+05   0.130216E+05   0.106065E-03   0.164843E-03   0.182315E+01   0.129448E+05   0.130918E+05   0.129448E+05  -0.464034E-03   0.993320E+04   0.993233E+04   0.928791E-04
   0.284632E+01   0.123740E+05   0.122955E+05   0.936915E-04   0.112120E-03   0.161115E+01   0.122230E+05   0.123618E+05   0.122230E+05  -0.438158E-03   0.937929E+04   0.937847E+04   0.849277E-04
   0.294279E+01   0.116832E+05   0.116090E+05   0.827556E-04   0.131296E-03   0.142368E+01   0.115406E+05   0.116716E+05   0.115406E+05  -0.413695E-03   0.885564E+04   0.885487E+04   0.776585E-04
   0.304254E+01   0.110300E+05   0.109600E+05   0.730905E-04   0.105724E-03   0.125788E+01   0.108954E+05   0.110191E+05   0.108954E+05  -0.390568E-03   0.836057E+04   0.835984E+04   0.710124E-04
   0.314567E+01   0.104126E+05   0.103465E+05   0.645494E-04   0.102126E-03   0.111129E+01   0.102855E+05   0.104024E+05   0.102855E+05  -0.368706E-03   0.789260E+04   0.789191E+04   0.649366E-04
   0.325229E+01   0.982912E+04   0.976674E+04   0.570027E-04   0.852216E-04   0.981693E+00   0.970916E+04   0.981943E+04   0.970916E+04  -0.348045E-03   0.745031E+04   0.744966E+04   0.593829E-04
   0.336253E+01   0.927763E+04   0.921874E+04   0.503342E-04   0.605886E-04   0.867131E+00   0.916439E+04   0.926848E+04   0.916439E+04  -0.328517E-03   0.703229E+04   0.703167E+04   0.543062E-04
   0.347650E+01   0.875647E+04   0.870089E+04   0.444430E-04   0.568313E-04   0.765865E+00   0.864960E+04   0.874784E+04   0.864960E+04  -0.310063E-03   0.663726E+04   0.663667E+04   0.496660E-04
   0.359434E+01   0.826399E+04   0.821153E+04   0.392385E-04   0.611220E-04   0.676369E+00   0.816313E+04   0.825584E+04   0.816313E+04  -0.292624E-03   0.626397E+04   0.626342E+04   0.454246E-04
   0.371617E+01   0.779868E+04   0.774918E+04   0.346411E-04   0.428627E-04   0.597285E+00   0.770350E+04   0.779099E+04   0.770350E+04  -0.276148E-03   0.591127E+04   0.591075E+04   0.415483E-04
   0.384213E+01   0.735907E+04   0.731235E+04   0.305802E-04   0.361334E-04   0.527399E+00   0.726925E+04   0.735181E+04   0.726925E+04  -0.260581E-03   0.557805E+04   0.557756E+04   0.380056E-04
   0.397236E+01   0.694378E+04   0.689969E+04   0.269936E-04   0.394390E-04   0.465646E+00   0.685903E+04   0.693693E+04   0.685903E+04  -0.245876E-03   0.526327E+04   0.526280E+04   0.347679E-04
   0.410700E+01   0.655149E+04   0.650989E+04   0.238261E-04   0.251184E-04   0.411099E+00   0.647153E+04   0.654503E+04   0.647153E+04  -0.231985E-03   0.496592E+04   0.496548E+04   0.318091E-04
   0.424621E+01   0.618097E+04   0.614172E+04   0.210289E-04   0.243489E-04   0.362910E+00   0.610553E+04   0.617488E+04   0.610553E+04  -0.218865E-03   0.468508E+04   0.468466E+04   0.291053E-04
   0.439013E+01   0.583101E+04   0.579398E+04   0.185588E-04   0.302203E-04   0.320343E+00   0.575984E+04   0.582526E+04   0.575984E+04  -0.206473E-03   0.441981E+04   0.441941E+04   0.266343E-04
   0.453894E+01   0.550054E+04   0.546560E+04   0.163780E-04   0.202699E-04   0.282752E+00   0.543340E+04   0.549511E+04   0.543340E+04  -0.194771E-03   0.416931E+04   0.416894E+04   0.243763E-04
   0.469279E+01   0.518845E+04   0.515549E+04   0.144524E-04   0.236046E-04   0.249549E+00   0.512512E+04   0.518333E+04   0.512512E+04  -0.183720E-03   0.393276E+04   0.393240E+04   0.223129E-04
   0.485185E+01   0.489379E+04   0.486270E+04   0.127525E-04   0.208292E-04   0.220236E+00   0.483405E+04   0.488896E+04   0.483405E+04  -0.173287E-03   0.370941E+04   0.370907E+04   0.204275E-04
   0.501630E+01   0.461557E+04   0.458624E+04   0.112518E-04   0.176487E-04   0.194350E+00   0.455923E+04   0.461101E+04   0.455923E+04  -0.163435E-03   0.349852E+04   0.349820E+04   0.187045E-04
   0.518633E+01   0.435290E+04   0.432524E+04   0.992712E-05   0.973896E-05   0.171490E+00   0.429976E+04   0.434860E+04   0.429976E+04  -0.154134E-03   0.329942E+04   0.329912E+04   0.171300E-04
   0.536212E+01   0.410494E+04   0.407885E+04   0.875789E-05   0.109751E-04   0.151312E+00   0.405483E+04   0.410089E+04   0.405483E+04  -0.145354E-03   0.311147E+04   0.311119E+04   0.156913E-04
   0.554387E+01   0.387087E+04   0.384627E+04   0.772590E-05   0.118155E-04   0.133498E+00   0.382362E+04   0.386705E+04   0.382362E+04  -0.137066E-03   0.293405E+04   0.293378E+04   0.143765E-04
   0.573178E+01   0.364995E+04   0.362675E+04   0.681516E-05   0.632053E-05   0.117776E+00   0.360540E+04   0.364635E+04   0.360540E+04  -0.129243E-03   0.276660E+04   0.276635E+04   0.131750E-04
   0.592606E+01   0.344144E+04   0.341955E+04   0.601139E-05   0.617431E-05   0.103895E+00   0.339943E+04   0.343804E+04   0.339943E+04  -0.121859E-03   0.260855E+04   0.260831E+04   0.120769E-04
   0.612692E+01   0.324465E+04   0.322401E+04   0.530215E-05   0.784715E-05   0.916468E-01   0.320504E+04   0.324145E+04   0.320504E+04  -0.114891E-03   0.245939E+04   0.245916E+04   0.110733E-04
   0.633460E+01   0.305895E+04   0.303948E+04   0.467630E-05   0.683296E-05   0.808382E-01   0.302160E+04   0.305592E+04   0.302160E+04  -0.108316E-03   0.231863E+04   0.231841E+04   0.101561E-04
   0.654931E+01   0.288371E+04   0.286536E+04   0.412411E-05   0.438332E-05   0.712985E-01   0.284851E+04   0.288086E+04   0.284851E+04  -0.102111E-03   0.218580E+04   0.218560E+04   0.931781E-05
   0.677130E+01   0.271837E+04   0.270107E+04   0.363693E-05   0.362535E-05   0.628817E-01   0.268518E+04   0.271568E+04   0.268518E+04  -0.962559E-04   0.206048E+04   0.206028E+04   0.855150E-05
   0.700081E+01   0.256237E+04   0.254606E+04   0.320713E-05   0.293509E-05   0.554544E-01   0.253109E+04   0.255984E+04   0.253109E+04  -0.907321E-04   0.194223E+04   0.194205E+04   0.785101E-05
   0.723811E+01   0.241520E+04   0.239981E+04   0.282796E-05   0.319873E-05   0.489026E-01   0.238571E+04   0.241280E+04   0.238571E+04  -0.855206E-04   0.183067E+04   0.183050E+04   0.721059E-05
   0.748344E+01   0.227635E+04   0.226185E+04   0.249350E-05   0.246283E-05   0.431211E-01   0.224856E+04   0.227410E+04   0.224856E+04  -0.806043E-04   0.172543E+04   0.172527E+04   0.662508E-05
   0.773710E+01   0.214538E+04   0.213171E+04   0.219847E-05   0.328022E-05   0.380213E-01   0.211919E+04   0.214326E+04   0.211919E+04  -0.759666E-04   0.162616E+04   0.162600E+04   0.608968E-05
   0.799935E+01   0.202184E+04   0.200895E+04   0.193826E-05   0.253649E-05   0.335234E-01   0.199716E+04   0.201984E+04   0.199716E+04  -0.715922E-04   0.153252E+04   0.153237E+04   0.560006E-05
   0.827048E+01   0.190532E+04   0.189317E+04   0.170876E-05   0.250055E-05   0.295557E-01   0.188206E+04   0.190343E+04   0.188206E+04  -0.674662E-04   0.144420E+04   0.144405E+04   0.515226E-05
   0.855082E+01   0.179543E+04   0.178397E+04   0.150635E-05   0.247594E-05   0.260563E-01   0.177350E+04   0.179365E+04   0.177350E+04  -0.635748E-04   0.136090E+04   0.136076E+04   0.474264E-05
   0.884064E+01   0.169179E+04   0.168099E+04   0.132786E-05   0.118509E-05   0.229701E-01   0.167113E+04   0.169011E+04   0.167113E+04  -0.599050E-04   0.128234E+04   0.128221E+04   0.436790E-05
   0.914030E+01   0.159405E+04   0.158387E+04   0.117046E-05   0.861529E-06   0.202479E-01   0.157459E+04   0.159247E+04   0.157459E+04  -0.564442E-04   0.120826E+04   0.120813E+04   0.402499E-05
   0.945011E+01   0.150189E+04   0.149229E+04   0.103167E-05   0.113996E-05   0.178476E-01   0.148355E+04   0.150040E+04   0.148355E+04  -0.531809E-04   0.113840E+04   0.113828E+04   0.371117E-05
   0.977043E+01   0.141499E+04   0.140594E+04   0.909290E-06   0.895523E-06   0.157314E-01   0.139771E+04   0.141358E+04   0.139771E+04  -0.501037E-04   0.107253E+04   0.107242E+04   0.342391E-05
   0.101016E+02   0.133306E+04   0.132453E+04   0.801393E-06   0.101551E-05   0.138654E-01   0.131678E+04   0.133173E+04   0.131678E+04  -0.472025E-04   0.101043E+04   0.101032E+04   0.316092E-05
   0.104440E+02   0.125581E+04   0.124777E+04   0.706265E-06   0.437528E-06   0.122199E-01   0.124047E+04   0.125456E+04   0.124047E+04  -0.444671E-04   0.951875E+03   0.951771E+03   0.292007E-05
   0.107980E+02   0.118298E+04   0.117540E+04   0.622401E-06   0.640200E-06   0.107690E-01   0.116853E+04   0.118180E+04   0.116853E+04  -0.418884E-04   0.896674E+03   0.896575E+03   0.269947E-05
   0.111640E+02   0.111433E+04   0.110718E+04   0.548469E-06   0.595625E-06   0.949031E-02   0.110071E+04   0.111322E+04   0.110071E+04  -0.394574E-04   0.844635E+03   0.844540E+03   0.249734E-05
   0.115424E+02   0.104961E+04   0.104288E+04   0.483299E-06   0.464897E-06   0.836267E-02   0.103679E+04   0.104856E+04   0.103679E+04  -0.371658E-04   0.795581E+03   0.795491E+03   0.231210E-05
   0.119336E+02   0.988609E+03   0.982258E+03   0.425852E-06   0.264212E-06   0.736894E-02   0.976530E+03   0.987622E+03   0.976530E+03  -0.350057E-04   0.749342E+03   0.749255E+03   0.214227E-05
   0.123381E+02   0.931112E+03   0.925125E+03   0.375219E-06   0.603443E-06   0.649292E-02   0.919735E+03   0.930182E+03   0.919735E+03  -0.329698E-04   0.705760E+03   0.705677E+03   0.198654E-05
   0.127563E+02   0.876920E+03   0.871276E+03   0.330590E-06   0.161581E-06   0.572060E-02   0.866204E+03   0.876043E+03   0.866204E+03  -0.310509E-04   0.664684E+03   0.664604E+03   0.184367E-05
   0.131887E+02   0.825846E+03   0.820525E+03   0.291257E-06   0.208396E-06   0.504008E-02   0.815754E+03   0.825019E+03   0.815754E+03  -0.292424E-04   0.625970E+03   0.625894E+03   0.171256E-05
   0.136357E+02   0.777715E+03   0.772699E+03   0.256593E-06   0.270867E-06   0.444040E-02   0.768210E+03   0.776936E+03   0.768210E+03  -0.275381E-04   0.589488E+03   0.589414E+03   0.159220E-05
   0.140979E+02   0.732358E+03   0.727628E+03   0.226045E-06   0.380722E-06   0.391197E-02   0.723406E+03   0.731623E+03   0.723406E+03  -0.259320E-04   0.555107E+03   0.555037E+03   0.148165E-05
   0.145758E+02   0.689618E+03   0.685159E+03   0.199126E-06   0.345697E-06   0.344611E-02   0.681188E+03   0.688925E+03   0.681188E+03  -0.244186E-04   0.522711E+03   0.522643E+03   0.138008E-05
   0.150698E+02   0.649344E+03   0.645139E+03   0.175405E-06   0.305108E-06   0.303561E-02   0.641405E+03   0.648691E+03   0.641405E+03  -0.229925E-04   0.492184E+03   0.492118E+03   0.128670E-05
   0.155806E+02   0.611399E+03   0.607434E+03   0.154504E-06   0.275598E-06   0.267393E-02   0.603923E+03   0.610783E+03   0.603923E+03  -0.216489E-04   0.463422E+03   0.463359E+03   0.120083E-05
   0.161087E+02   0.575647E+03   0.571908E+03   0.136088E-06   0.528424E-07   0.235519E-02   0.568607E+03   0.575066E+03   0.568607E+03  -0.203829E-04   0.436323E+03   0.436261E+03   0.112181E-05
   0.166547E+02   0.541964E+03   0.538439E+03   0.119862E-06   0.166886E-06   0.207449E-02   0.535336E+03   0.541417E+03   0.535336E+03  -0.191902E-04   0.410792E+03   0.410733E+03   0.104905E-05
   0.172192E+02   0.510232E+03   0.506907E+03   0.105566E-06   0.188876E-06   0.182699E-02   0.503991E+03   0.509715E+03   0.503991E+03  -0.180666E-04   0.386739E+03   0.386682E+03   0.982032E-06
   0.178029E+02   0.480339E+03   0.477203E+03   0.929725E-07   0.106509E-06   0.160910E-02   0.474463E+03   0.479852E+03   0.474463E+03  -0.170081E-04   0.364081E+03   0.364026E+03   0.920253E-06
   0.184063E+02   0.452180E+03   0.449221E+03   0.818776E-07   0.660850E-07   0.141707E-02   0.446647E+03   0.451720E+03   0.446647E+03  -0.160110E-04   0.342737E+03   0.342683E+03   0.863270E-06
   0.190302E+02   0.425656E+03   0.422865E+03   0.721042E-07   0.227404E-07   0.124789E-02   0.420446E+03   0.425222E+03   0.420446E+03  -0.150718E-04   0.322632E+03   0.322579E+03   0.810678E-06
   0.196752E+02   0.400671E+03   0.398038E+03   0.634947E-07   0.107514E-06   0.109892E-02   0.395767E+03   0.400262E+03   0.395767E+03  -0.141871E-04   0.303694E+03   0.303643E+03   0.762103E-06
   0.203421E+02   0.377140E+03   0.374655E+03   0.559113E-07   0.707616E-07   0.967677E-03   0.372522E+03   0.376754E+03   0.372522E+03  -0.133538E-04   0.285857E+03   0.285808E+03   0.717208E-06
   0.210316E+02   0.354976E+03   0.352631E+03   0.492316E-07   0.479111E-07   0.852089E-03   0.350629E+03   0.354612E+03   0.350629E+03  -0.125690E-04   0.269058E+03   0.269009E+03   0.675679E-06
   0.217445E+02   0.334103E+03   0.331890E+03   0.433483E-07   0.374675E-07   0.750230E-03   0.330011E+03   0.333759E+03   0.330011E+03  -0.118299E-04   0.253236E+03   0.253189E+03   0.637238E-06
   0.224815E+02   0.314446E+03   0.312357E+03   0.381669E-07   0.554949E-07   0.660608E-03   0.310594E+03   0.314122E+03   0.310594E+03  -0.111339E-04   0.238336E+03   0.238290E+03   0.601625E-06
   0.232435E+02   0.295934E+03   0.293962E+03   0.336034E-07   0.537147E-07   0.581631E-03   0.292308E+03   0.295628E+03   0.292308E+03  -0.104784E-04   0.224305E+03   0.224260E+03   0.568603E-06
   0.240314E+02   0.278503E+03   0.276640E+03   0.295846E-07   0.124709E-07   0.512063E-03   0.275089E+03   0.278214E+03   0.275089E+03  -0.986113E-05   0.211092E+03   0.211048E+03   0.537959E-06
   0.248459E+02   0.262088E+03   0.260329E+03   0.260454E-07   0.457447E-07   0.450774E-03   0.258874E+03   0.261815E+03   0.258874E+03  -0.927989E-05   0.198650E+03   0.198607E+03   0.509494E-06
   0.256881E+02   0.246633E+03   0.244971E+03   0.229289E-07   0.188792E-07   0.396854E-03   0.243608E+03   0.246375E+03   0.243608E+03  -0.873261E-05   0.186935E+03   0.186893E+03   0.483031E-06
   0.265588E+02   0.232080E+03   0.230510E+03   0.201845E-07   0.123904E-07   0.349338E-03   0.229232E+03   0.231836E+03   0.229232E+03  -0.821730E-05   0.175904E+03   0.175863E+03   0.458404E-06
   0.274590E+02   0.218379E+03   0.216895E+03   0.177680E-07  -0.112760E-09   0.307532E-03   0.215698E+03   0.218148E+03   0.215698E+03  -0.773214E-05   0.165518E+03   0.165478E+03   0.435463E-06
   0.283897E+02   0.205479E+03   0.204076E+03   0.156402E-07   0.220979E-07   0.270701E-03   0.202956E+03   0.205261E+03   0.202956E+03  -0.727536E-05   0.155740E+03   0.155700E+03   0.414073E-06
   0.293520E+02   0.193334E+03   0.192008E+03   0.137668E-07   0.113979E-07   0.238276E-03   0.190959E+03   0.193128E+03   0.190959E+03  -0.684533E-05   0.146535E+03   0.146496E+03   0.394108E-06
   0.303469E+02   0.181901E+03   0.180647E+03   0.121173E-07   0.167925E-07   0.209723E-03   0.179666E+03   0.181706E+03   0.179666E+03  -0.644048E-05   0.137869E+03   0.137830E+03   0.375453E-06
   0.313755E+02   0.171139E+03   0.169952E+03   0.106652E-07   0.138814E-07   0.184580E-03   0.169034E+03   0.170954E+03   0.169034E+03  -0.605937E-05   0.129711E+03   0.129673E+03   0.358005E-06
   0.324389E+02   0.161007E+03   0.159884E+03   0.938669E-08   0.607275E-08   0.162452E-03   0.159026E+03   0.160832E+03   0.159026E+03  -0.570062E-05   0.122031E+03   0.121994E+03   0.341667E-06
   0.335385E+02   0.151470E+03   0.150406E+03   0.826118E-08   0.696637E-09   0.142974E-03   0.149605E+03   0.151305E+03   0.149605E+03  -0.536291E-05   0.114802E+03   0.114765E+03   0.326352E-06
   0.346753E+02   0.142493E+03   0.141486E+03   0.727041E-08  -0.165611E-09   0.125833E-03   0.140738E+03   0.142337E+03   0.140738E+03  -0.504505E-05   0.107998E+03   0.107961E+03   0.311982E-06
   0.358506E+02   0.134044E+03   0.133089E+03   0.639822E-08  -0.471848E-09   0.110729E-03   0.132392E+03   0.133896E+03   0.132392E+03  -0.474585E-05   0.101593E+03   0.101557E+03   0.298481E-06
   0.370657E+02   0.126091E+03   0.125187E+03   0.563049E-08   0.238886E-08   0.974399E-04   0.124536E+03   0.125951E+03   0.124536E+03  -0.446426E-05   0.955654E+02   0.955295E+02   0.285785E-06
   0.383221E+02   0.118606E+03   0.117749E+03   0.495470E-08   0.469417E-08   0.857490E-04   0.117143E+03   0.118473E+03   0.117143E+03  -0.419922E-05   0.898920E+02   0.898564E+02   0.273831E-06
   0.396210E+02   0.111562E+03   0.110749E+03   0.435989E-08   0.233947E-08   0.754511E-04   0.110184E+03   0.111436E+03   0.110184E+03  -0.394978E-05   0.845526E+02   0.845173E+02   0.262564E-06
   0.409640E+02   0.104933E+03   0.104161E+03   0.383635E-08   0.485735E-08   0.663974E-04   0.103636E+03   0.104813E+03   0.103636E+03  -0.371503E-05   0.795275E+02   0.794925E+02   0.251933E-06
   0.423525E+02   0.986941E+02   0.979610E+02   0.337557E-08  -0.284812E-09   0.584170E-04   0.974731E+02   0.985802E+02   0.974731E+02  -0.349412E-05   0.747986E+02   0.747639E+02   0.241889E-06
   0.437880E+02   0.928231E+02   0.921266E+02   0.297003E-08   0.240085E-09   0.513962E-04   0.916736E+02   0.927149E+02   0.916736E+02  -0.328623E-05   0.703484E+02   0.703139E+02   0.232391E-06
   0.452722E+02   0.872985E+02   0.866364E+02   0.261312E-08  -0.219752E-09   0.452237E-04   0.862163E+02   0.871956E+02   0.862163E+02  -0.309060E-05   0.661608E+02   0.661265E+02   0.223400E-06
   0.468067E+02   0.821000E+02   0.814703E+02   0.229904E-08   0.156632E-08   0.397838E-04   0.810812E+02   0.820022E+02   0.810812E+02  -0.290652E-05   0.622203E+02   0.621862E+02   0.214878E-06
   0.483933E+02   0.772081E+02   0.766089E+02   0.202262E-08   0.596514E-09   0.350033E-04   0.762489E+02   0.771150E+02   0.762489E+02  -0.273330E-05   0.585123E+02   0.584784E+02   0.206792E-06
   0.500335E+02   0.726055E+02   0.720349E+02   0.177939E-08   0.140473E-08   0.307929E-04   0.717024E+02   0.725169E+02   0.717024E+02  -0.257032E-05   0.550236E+02   0.549898E+02   0.199113E-06
