1.738211176698623711e-02 2.613164241497333062e+00 1.300000000000000000e+01
2.945141047864370532e-02 2.191861521114002453e+00 3.300000000000000000e+01
4.189043332923508833e-02 1.606858713717400189e+00 7.900000000000000000e+01
5.436837454080618165e-02 1.279248280402941473e+00 1.170000000000000000e+02
6.709179269147286240e-02 1.097844773967091569e+00 2.050000000000000000e+02
7.906028830909658800e-02 9.178677538607983299e-01 2.350000000000000000e+02
9.134212272608749350e-02 7.203896423665488991e-01 3.690000000000000000e+02
1.036762715188662420e-01 5.753791763105238211e-01 4.330000000000000000e+02
1.161203601746208930e-01 4.999503951806288371e-01 5.850000000000000000e+02
1.284418909099373229e-01 4.529238528022007659e-01 6.790000000000000000e+02
1.405592364589596799e-01 3.975108957598569859e-01 8.130000000000000000e+02
1.528879085095380397e-01 3.333707994010847719e-01 9.850000000000000000e+02
1.654374794108308400e-01 2.822073034734314811e-01 1.183000000000000000e+03
1.776729418071751887e-01 2.529081708573280296e-01 1.269000000000000000e+03
1.898591753287150741e-01 2.337379430941195213e-01 1.537000000000000000e+03
2.021021560467512468e-01 2.122679576683390579e-01 1.653000000000000000e+03
2.143703992684685700e-01 1.871923962859432244e-01 1.963000000000000000e+03
2.266685712461119495e-01 1.650462945583348884e-01 2.121000000000000000e+03
2.389979817456025779e-01 1.496184032905956418e-01 2.413000000000000000e+03
2.513314966973230202e-01 1.388023021834172699e-01 2.635000000000000000e+03
2.635743753250157639e-01 1.285251053176408587e-01 2.877000000000000000e+03
2.757713982113569329e-01 1.172405703116117803e-01 3.169000000000000000e+03
2.881120265131774105e-01 1.062920210425725293e-01 3.507000000000000000e+03
3.003642723148961524e-01 9.757277367275152269e-02 3.685000000000000000e+03
3.126284265724824651e-01 9.087224038136677839e-02 4.165000000000000000e+03
3.249982751341953802e-01 8.488283586714510942e-02 4.377000000000000000e+03
3.373428995657114515e-01 7.885642603392703509e-02 4.855000000000000000e+03
3.495635182377118122e-01 7.301484023425466874e-02 4.929000000000000000e+03
3.617878302046586003e-01 6.785216698577553607e-02 5.581000000000000000e+03
3.739857006525697525e-01 6.353436443881892159e-02 5.679000000000000000e+03
3.863066149710030484e-01 5.971676452886152953e-02 6.385000000000000000e+03
3.986206514546336566e-01 5.609791670958176601e-02 6.553000000000000000e+03
4.109256450409854988e-01 5.261630664530553281e-02 7.125000000000000000e+03
4.232245526996682439e-01 4.939188015671869270e-02 7.447000000000000000e+03
4.354883361750296888e-01 4.652230872593276362e-02 7.929000000000000000e+03
4.477773490403011425e-01 4.395640413420123099e-02 8.353000000000000000e+03
4.599885758528930446e-01 4.160613765955990112e-02 8.775000000000000000e+03
4.722481609019255622e-01 3.936777545486602053e-02 9.313000000000000000e+03
4.845422928593006162e-01 3.725296318736966150e-02 9.841000000000000000e+03
4.967758314204989145e-01 3.531503321946737745e-02 1.019100000000000000e+04
5.090496585712509514e-01 3.353661671144115425e-02 1.089700000000000000e+04
5.213393302533125828e-01 3.189529824575727118e-02 1.130100000000000000e+04
5.336764342072569667e-01 3.034628431059094994e-02 1.202500000000000000e+04
5.460018906414875195e-01 2.888646663140269008e-02 1.242300000000000000e+04
5.582746664676744297e-01 2.752833189032917460e-02 1.302100000000000000e+04
5.704836467567014902e-01 2.626995860804976976e-02 1.340500000000000000e+04
5.827050477421528152e-01 2.509689339291273913e-02 1.424700000000000000e+04
5.949966092592182676e-01 2.398872957234151476e-02 1.471300000000000000e+04
6.072810794928119593e-01 2.294508562735894305e-02 1.548900000000000000e+04
6.195640960192183577e-01 2.196112768134034568e-02 1.591300000000000000e+04
6.318725718641450273e-01 2.103404527987707412e-02 1.687900000000000000e+04
6.441734799903116038e-01 2.016355944113245799e-02 1.719300000000000000e+04
6.564797713783508959e-01 1.934351981764977080e-02 1.815700000000000000e+04
6.686914796307175113e-01 1.857440247120140456e-02 1.833900000000000000e+04
6.809527720051307131e-01 1.784335882067741158e-02 1.957300000000000000e+04
6.932444559397105133e-01 1.715017703174199701e-02 1.994100000000000000e+04
7.054525264494219128e-01 1.649883399116206309e-02 2.062900000000000000e+04
7.177279471803852395e-01 1.587877492879477895e-02 2.165500000000000000e+04
7.300093350151545257e-01 1.529061006567336220e-02 2.211300000000000000e+04
7.423152405224867634e-01 1.473116152934892363e-02 2.318500000000000000e+04
7.545976291523092128e-01 1.420055861240244674e-02 2.366700000000000000e+04
7.668242541727441353e-01 1.369872179641626157e-02 2.438500000000000000e+04
7.791532227191277915e-01 1.321755298735062013e-02 2.574900000000000000e+04
7.914205555814117776e-01 1.276174742463675148e-02 2.567500000000000000e+04
8.036946245254837917e-01 1.232761118569592092e-02 2.740900000000000000e+04
8.159793500227521257e-01 1.191314260419774201e-02 2.740500000000000000e+04
8.282032517041271191e-01 1.151988626186205636e-02 2.871700000000000000e+04
8.405128301308969485e-01 1.114198008105649756e-02 2.959500000000000000e+04
8.528044062999269315e-01 1.078157945441441876e-02 3.030100000000000000e+04
8.650383170353053153e-01 1.043895199193111724e-02 3.110100000000000000e+04
8.772723473691131924e-01 1.011120423490662924e-02 3.202300000000000000e+04
8.895340129403773721e-01 9.796977545145935454e-03 3.297700000000000000e+04
9.018817324806753799e-01 9.494170638585245139e-03 3.444900000000000000e+04
9.141883285202558884e-01 9.205120326578875717e-03 3.454900000000000000e+04
9.264619614774151080e-01 8.929086893272651301e-03 3.611100000000000000e+04
9.387414329717578276e-01 8.664201902375630662e-03 3.654100000000000000e+04
9.509803239040424128e-01 8.411093408937551918e-03 3.771700000000000000e+04
9.632220897656164071e-01 8.168021103620857690e-03 3.861900000000000000e+04
9.754895990516671000e-01 7.934229319920294357e-03 3.966100000000000000e+04
9.877263772139494025e-01 7.710179395124707423e-03 4.054500000000000000e+04
9.999851555211123344e-01 7.494491735791994000e-03 4.181500000000000000e+04
1.012329315970391885e+00 7.285701030881508618e-03 4.312500000000000000e+04
1.024626882427558394e+00 7.085631608516380735e-03 4.368100000000000000e+04
1.036866661813151680e+00 6.894054645474402380e-03 4.462900000000000000e+04
1.049135454677095014e+00 6.709156718235144944e-03 4.622700000000000000e+04
1.061441321051521669e+00 6.530592020853336413e-03 4.690900000000000000e+04
1.073716924295355035e+00 6.358947830296827163e-03 4.823700000000000000e+04
1.085925278808941075e+00 6.194431267898729485e-03 4.858300000000000000e+04
1.098213804025323759e+00 6.034747859417841608e-03 5.099700000000000000e+04
1.110549128364700433e+00 5.880165662087599721e-03 5.139700000000000000e+04
1.122813396371499683e+00 5.731877930616796971e-03 5.248900000000000000e+04
1.135068400457140525e+00 5.588847732671023763e-03 5.378700000000000000e+04
1.147342675129095380e+00 5.450544547383364205e-03 5.491300000000000000e+04
1.159604730526738070e+00 5.317058288465559106e-03 5.597700000000000000e+04
1.171869522420641019e+00 5.188103116835273559e-03 5.741500000000000000e+04
1.184117014672710466e+00 5.063565748624863395e-03 5.810500000000000000e+04
1.196380776649323074e+00 4.943067817729785568e-03 6.003300000000000000e+04
1.208687057234670847e+00 4.826057213048772117e-03 6.094900000000000000e+04
1.220959095202714728e+00 4.713238023735976528e-03 6.223500000000000000e+04
1.233208486402970872e+00 4.604201788134949271e-03 6.322900000000000000e+04
1.245508508346104382e+00 4.498241844971679476e-03 6.513300000000000000e+04
1.257784723303624341e+00 4.395836499509624823e-03 6.570700000000000000e+04
1.270055745540256131e+00 4.296652390885238870e-03 6.756100000000000000e+04
1.282341038613093342e+00 4.200489061776706105e-03 6.850500000000000000e+04
1.294603375460791739e+00 4.107402530957452932e-03 6.994300000000000000e+04
1.306872157219178376e+00 4.017158954993095728e-03 7.109700000000000000e+04
1.319154335659298072e+00 3.929527297227410586e-03 7.302100000000000000e+04
1.331413186443985319e+00 3.844677303863630775e-03 7.331700000000000000e+04
1.343670416769862985e+00 3.762403612621197796e-03 7.579900000000000000e+04
1.355926624421783355e+00 3.682505804879979486e-03 7.602100000000000000e+04
1.368198320788034605e+00 3.604898073512429694e-03 7.875300000000000000e+04
1.380493155587640075e+00 3.529383877928160378e-03 7.929100000000000000e+04
1.392777150327133118e+00 3.456109053177132580e-03 8.112900000000000000e+04
1.405062158431919173e+00 3.384961162544194383e-03 8.244100000000000000e+04
1.417350353046506362e+00 3.315769264835484800e-03 8.394900000000000000e+04
1.429619664591669892e+00 3.248652089865733655e-03 8.512300000000000000e+04
1.441896091891586407e+00 3.183379899511572502e-03 8.692900000000000000e+04
1.454153484788269113e+00 3.119973090333720816e-03 8.778900000000000000e+04
1.466381074598185785e+00 3.058491494599830697e-03 8.962300000000000000e+04
1.478663762757040256e+00 2.998399467181154989e-03 9.134100000000000000e+04
1.490945553437686755e+00 2.939928857594282120e-03 9.284500000000000000e+04
1.503215421848099087e+00 2.883115516729365356e-03 9.408700000000000000e+04
1.515506809604572958e+00 2.827684235178463956e-03 9.633300000000000000e+04
1.527798660544841036e+00 2.773720055186324612e-03 9.724900000000000000e+04
1.540100573539109341e+00 2.721158804673642385e-03 9.950100000000000000e+04
1.552323548238187856e+00 2.670259522523751178e-03 9.928300000000000000e+04
1.564549042303194248e+00 2.620678072629983174e-03 1.025370000000000000e+05
1.576828918306125260e+00 2.572170082726845265e-03 1.034770000000000000e+05
1.589107321948020513e+00 2.524872197620933126e-03 1.057510000000000000e+05
1.601397070109577214e+00 2.478742774989701244e-03 1.068690000000000000e+05
1.613662624295466586e+00 2.433879518010942204e-03 1.086970000000000000e+05
1.625956459000079013e+00 2.390004525203375408e-03 1.105770000000000000e+05
1.638273302580230073e+00 2.347152315134445801e-03 1.125550000000000000e+05
1.650514578067000970e+00 2.305627563921748471e-03 1.125930000000000000e+05
1.662750560070829442e+00 2.265111648975222294e-03 1.155730000000000000e+05
1.675038723418361242e+00 2.225418862867295684e-03 1.172830000000000000e+05
1.687316108801252934e+00 2.186735184228175231e-03 1.185810000000000000e+05
1.699577879978046324e+00 2.149000161940260983e-03 1.206250000000000000e+05
1.711843964077200742e+00 2.112149725808936188e-03 1.219350000000000000e+05
1.724121850273385714e+00 2.076154129376082090e-03 1.244410000000000000e+05
1.736393118826927484e+00 2.041006474848415953e-03 1.255170000000000000e+05
1.748649267014282582e+00 2.006710736074993149e-03 1.273570000000000000e+05
1.760929008138104601e+00 1.973161593738759299e-03 1.298950000000000000e+05
1.773209634393521306e+00 1.940382757916600835e-03 1.307010000000000000e+05
1.785496895765598335e+00 1.908319121835278095e-03 1.339210000000000000e+05
1.797779456585471447e+00 1.877008822731833287e-03 1.341870000000000000e+05
1.810045784231388843e+00 1.846457628024709844e-03 1.371250000000000000e+05
1.822328944795884365e+00 1.816530583193056575e-03 1.384570000000000000e+05
1.834622223744897918e+00 1.787253510501307825e-03 1.409370000000000000e+05
1.846870080155897709e+00 1.758742835027114065e-03 1.413670000000000000e+05
1.859113284872103700e+00 1.730861365304481965e-03 1.443810000000000000e+05
1.871369776471062174e+00 1.703547155335499805e-03 1.455490000000000000e+05
1.883662293966622325e+00 1.676761285985950119e-03 1.491390000000000000e+05
1.895967897181298545e+00 1.650534281355960390e-03 1.496410000000000000e+05
1.908218900087896186e+00 1.624968449505241911e-03 1.518250000000000000e+05
1.920473305735041603e+00 1.599945881109770618e-03 1.534530000000000000e+05
1.932728455462241035e+00 1.575462918111673188e-03 1.558870000000000000e+05
1.945010996468966136e+00 1.551439584733664426e-03 1.581210000000000000e+05
1.957297286609057219e+00 1.527900361285340408e-03 1.598410000000000000e+05
1.969540674482686216e+00 1.504941325816301981e-03 1.611750000000000000e+05
1.981824511398913025e+00 1.482393052759295666e-03 1.646770000000000000e+05
1.994126084838471202e+00 1.460265648353407941e-03 1.660570000000000000e+05
2.006394493041785854e+00 1.438647964282210217e-03 1.677030000000000000e+05
2.018670277140658609e+00 1.417466830599069597e-03 1.702690000000000000e+05
2.030952260532412179e+00 1.396710150072354075e-03 1.722570000000000000e+05
2.043216747936142497e+00 1.376385451154370091e-03 1.736530000000000000e+05
2.055475462521540120e+00 1.356479478466074981e-03 1.766190000000000000e+05
2.067735751272673284e+00 1.336974345749836852e-03 1.775650000000000000e+05
2.080008463019119347e+00 1.317840106273361449e-03 1.812850000000000000e+05
2.092298393439131488e+00 1.299043942979237606e-03 1.825470000000000000e+05
2.104578220314605286e+00 1.280636040832261111e-03 1.849930000000000000e+05
2.116845351929772523e+00 1.262612157748789271e-03 1.867770000000000000e+05
2.129117234263313563e+00 1.244932764849432730e-03 1.890730000000000000e+05
2.141386066321568471e+00 1.227585870561051203e-03 1.914910000000000000e+05
2.153674086052424830e+00 1.210549243991115072e-03 1.938450000000000000e+05
2.165943452333749963e+00 1.193868987928677072e-03 1.951810000000000000e+05
2.178174664968279828e+00 1.177557687873753266e-03 1.973190000000000000e+05
2.190433842997593139e+00 1.161504740124329714e-03 2.002330000000000000e+05
2.202719870751546960e+00 1.145721823393195142e-03 2.030370000000000000e+05
2.215018657555435588e+00 1.130223320463871447e-03 2.048710000000000000e+05
2.227273534473448890e+00 1.115070532784046822e-03 2.062210000000000000e+05
2.239529649064412986e+00 1.100186220476082445e-03 2.095290000000000000e+05
2.251840650374316244e+00 1.085512027525076034e-03 2.125450000000000000e+05
2.264118958498200662e+00 1.071149616767696133e-03 2.132070000000000000e+05
2.276384222436070193e+00 1.057068089604678478e-03 2.165770000000000000e+05
2.288658352062910684e+00 1.043222161870136768e-03 2.181930000000000000e+05
2.300952024159490072e+00 1.029602189401025800e-03 2.221510000000000000e+05
2.313218074710013283e+00 1.016260568264766139e-03 2.216410000000000000e+05
2.325458285740755304e+00 1.003188824696251520e-03 2.261730000000000000e+05
2.337719157879688758e+00 9.903246398151235169e-04 2.269810000000000000e+05
2.350003080769816677e+00 9.776581858752389845e-04 2.319030000000000000e+05
2.362278993050206388e+00 9.652259794608531373e-04 2.314930000000000000e+05
2.374538871239863180e+00 9.530312643554028195e-04 2.360410000000000000e+05
2.386815928068645842e+00 9.410338016769096174e-04 2.372310000000000000e+05
2.399102766838841827e+00 9.292264998576088737e-04 2.409250000000000000e+05
2.411392551908071891e+00 9.176210648210384856e-04 2.427690000000000000e+05
2.423637201517297779e+00 9.062598913142274736e-04 2.437570000000000000e+05
2.435888357704467655e+00 8.950899270697222675e-04 2.479830000000000000e+05
2.448174726432504222e+00 8.840753451468168428e-04 2.502730000000000000e+05
2.460449124789410913e+00 8.732524051335065294e-04 2.523730000000000000e+05
2.472719029545417779e+00 8.626186546474204743e-04 2.554470000000000000e+05
2.484992750921887428e+00 8.521627743333914104e-04 2.570890000000000000e+05
2.497273740348870064e+00 8.418778183222191134e-04 2.612370000000000000e+05
2.509544119010925556e+00 8.317649584895187931e-04 2.616670000000000000e+05
2.521826992317544924e+00 8.218083200090625868e-04 2.668890000000000000e+05
2.534112746823773854e+00 8.120158492756617561e-04 2.670490000000000000e+05
2.546370755882703563e+00 8.024083299015400111e-04 2.705770000000000000e+05
2.558627583833518848e+00 7.929590798243432975e-04 2.726430000000000000e+05
2.570901264966575450e+00 7.836442748764850790e-04 2.762050000000000000e+05
2.583177266334576228e+00 7.744793923438952291e-04 2.781690000000000000e+05
2.595440414947020713e+00 7.654737828297655507e-04 2.808190000000000000e+05
2.607704697176866038e+00 7.566137985611352422e-04 2.836290000000000000e+05
2.620001008344286841e+00 7.478721198674438903e-04 2.877370000000000000e+05
2.632286852377137443e+00 7.392705476084939116e-04 2.882290000000000000e+05
2.644534355458745267e+00 7.308329451012786490e-04 2.915190000000000000e+05
2.656801971284723507e+00 7.225164158666143440e-04 2.946970000000000000e+05
2.669073606362495354e+00 7.143294958684026381e-04 2.968170000000000000e+05
2.681350582973501151e+00 7.062660468210841093e-04 3.007390000000000000e+05
2.693623775252737662e+00 6.983239663728284816e-04 3.019210000000000000e+05
2.705878060838002419e+00 6.905181781796411716e-04 3.054570000000000000e+05
2.718161408631444065e+00 6.828162385127718595e-04 3.088390000000000000e+05
2.730438381717716467e+00 6.752382123965551932e-04 3.106410000000000000e+05
2.742710709783558354e+00 6.677790700655309233e-04 3.144850000000000000e+05
2.754989803681385130e+00 6.604250586756578315e-04 3.161130000000000000e+05
2.767261393647393319e+00 6.531880507584428806e-04 3.202750000000000000e+05
2.779527689818626968e+00 6.460648013359941016e-04 3.211090000000000000e+05
2.791792580398906320e+00 6.390509978501070698e-04 3.261210000000000000e+05
2.804076019185131052e+00 6.321323804106324497e-04 3.277270000000000000e+05
2.816361565955662893e+00 6.253106441654971087e-04 3.318210000000000000e+05
2.828620445026039487e+00 6.186045524634224777e-04 3.324970000000000000e+05
2.840883494086274386e+00 6.119967849079631286e-04 3.373530000000000000e+05
2.853162732718515393e+00 6.054790214684523629e-04 3.395590000000000000e+05
2.865449930472707685e+00 5.990540959878088616e-04 3.433090000000000000e+05
2.877720525290941467e+00 5.927286971642826236e-04 3.447570000000000000e+05
2.889980400866404064e+00 5.864990190858115817e-04 3.487030000000000000e+05
2.902258094927428811e+00 5.803518947154311927e-04 3.512610000000000000e+05
2.914518771021708865e+00 5.743030859499118675e-04 3.540610000000000000e+05
2.926762637460898375e+00 5.683504115792443372e-04 3.561150000000000000e+05
2.939034671974965818e+00 5.624689121967575787e-04 3.616690000000000000e+05
2.951320296669093679e+00 5.566599172171971975e-04 3.628930000000000000e+05
2.963596943330394584e+00 5.509383418303942341e-04 3.671010000000000000e+05
2.975876115174083125e+00 5.452976727973474907e-04 3.694390000000000000e+05
2.988160226007601672e+00 5.397354201478589495e-04 3.732570000000000000e+05
3.000449564284945136e+00 5.342500402539114264e-04 3.759490000000000000e+05
3.012716247615992771e+00 5.288490142883304655e-04 3.780430000000000000e+05
3.024968677896445524e+00 5.235277268777005846e-04 3.811170000000000000e+05
3.037252089413381206e+00 5.182680229902630192e-04 3.864490000000000000e+05
3.049526025248503469e+00 5.130859604411217457e-04 3.863970000000000000e+05
3.061775627056916083e+00 5.079863582913481806e-04 3.913150000000000000e+05
3.074050190242934466e+00 5.029468963495366870e-04 3.943050000000000000e+05
3.086335049279050669e+00 4.979684277768714343e-04 3.980770000000000000e+05
3.098604284051831748e+00 4.930635733519530108e-04 3.999190000000000000e+05
3.110859402857432787e+00 4.882316720871349093e-04 4.031130000000000000e+05
3.123137571083341335e+00 4.834569677096573620e-04 4.082290000000000000e+05
3.135433860620076008e+00 4.787404772050426398e-04 4.103130000000000000e+05
3.147695040858610405e+00 4.741006670169521740e-04 4.126870000000000000e+05
3.159956244300143879e+00 4.695195961369268253e-04 4.165890000000000000e+05
3.172232881799067705e+00 4.649939954240317475e-04 4.199410000000000000e+05
3.184501169007643906e+00 4.605322621003837022e-04 4.229950000000000000e+05
3.196775362788355945e+00 4.561281464365240200e-04 4.264410000000000000e+05
3.209044772849387162e+00 4.517844587903226236e-04 4.296730000000000000e+05
3.221306985641626763e+00 4.475002605109448285e-04 4.319670000000000000e+05
3.233581316289749541e+00 4.432650056876103546e-04 4.375090000000000000e+05
3.245858537900559337e+00 4.390841188732491477e-04 4.387050000000000000e+05
3.258143284541348272e+00 4.349557682934536494e-04 4.445530000000000000e+05
3.270410452207983099e+00 4.308872814879586167e-04 4.443910000000000000e+05
3.282661560504875009e+00 4.268771470502689199e-04 4.497330000000000000e+05
3.294949006525297541e+00 4.229069516629238319e-04 4.541290000000000000e+05
3.307244111148282872e+00 4.189822845066719457e-04 4.569030000000000000e+05
3.319496381696187992e+00 4.151210198320493179e-04 4.575370000000000000e+05
3.331765130967058397e+00 4.113043428203305317e-04 4.652170000000000000e+05
3.344051629460721653e+00 4.075311098770444595e-04 4.655250000000000000e+05
3.356324964022264101e+00 4.038101476383923949e-04 4.712350000000000000e+05
3.368596219656374569e+00 4.001370751734666348e-04 4.721250000000000000e+05
3.380854377493985208e+00 3.965117797314256383e-04 4.769410000000000000e+05
3.393138815484900928e+00 3.929232193582241225e-04 4.815630000000000000e+05
3.405406234137748456e+00 3.893847733388487394e-04 4.820410000000000000e+05
3.417657578539513796e+00 3.858953357588915329e-04 4.876690000000000000e+05
3.429938572445236034e+00 3.824411812579280663e-04 4.911990000000000000e+05
3.442213936181234946e+00 3.790316787326971043e-04 4.940890000000000000e+05
3.454484741542898085e+00 3.756646438571668010e-04 4.983090000000000000e+05
3.466756561287216876e+00 3.723363915803088895e-04 5.007370000000000000e+05
3.479034288235220540e+00 3.690475777256502568e-04 5.063670000000000000e+05
3.491307476230946172e+00 3.658004094084971766e-04 5.070610000000000000e+05
3.503582265647720462e+00 3.625926788478323450e-04 5.140570000000000000e+05
3.515849710063451372e+00 3.594259848567271719e-04 5.135430000000000000e+05
3.528113095419004530e+00 3.562988223825756221e-04 5.205010000000000000e+05
3.540379081381022086e+00 3.532065129967846520e-04 5.215290000000000000e+05
3.552650234588581757e+00 3.501492685322512427e-04 5.276890000000000000e+05
3.564930008043383225e+00 3.471267602616713902e-04 5.300710000000000000e+05
3.577201673129291049e+00 3.441425691247653536e-04 5.339130000000000000e+05
3.589475185421321157e+00 3.411936807983703126e-04 5.375170000000000000e+05
3.601759213693743522e+00 3.382775267470521183e-04 5.425110000000000000e+05
3.614032845297826313e+00 3.353980534150306889e-04 5.438890000000000000e+05
3.626300897920319954e+00 3.325515641058449838e-04 5.492610000000000000e+05
3.638569782569557987e+00 3.297381366594308891e-04 5.513410000000000000e+05
3.650838524349331760e+00 3.269579135558139038e-04 5.569630000000000000e+05
3.663120345318307880e+00 3.242074133191506823e-04 5.600370000000000000e+05
3.675392127019131205e+00 3.214913518998642581e-04 5.631370000000000000e+05
3.687654030110239400e+00 3.188091393168584271e-04 5.669070000000000000e+05
3.699910107777807600e+00 3.161587699429867313e-04 5.701810000000000000e+05
3.712192804988637462e+00 3.135315073392165672e-04 5.770050000000000000e+05
3.724479481931025404e+00 3.109336313331125239e-04 5.780110000000000000e+05
3.736733532571433258e+00 3.083725219989918369e-04 5.814730000000000000e+05
3.749005634242537077e+00 3.058370928121372000e-04 5.877810000000000000e+05
3.761282921258348289e+00 3.033296178471364853e-04 5.891770000000000000e+05
3.773563384691363432e+00 3.008501597764764134e-04 5.961390000000000000e+05
3.785825410215798215e+00 2.984020205237986100e-04 5.949130000000000000e+05
3.798082698326972650e+00 2.959806759030065735e-04 6.033930000000000000e+05
3.810363789459987771e+00 2.935818681287884809e-04 6.053710000000000000e+05
3.822645618386320887e+00 2.912099988108812895e-04 6.107410000000000000e+05
3.834921122185569242e+00 2.888659996937076638e-04 6.131130000000000000e+05
3.847188206118976606e+00 2.865498527613706699e-04 6.172810000000000000e+05
3.859469466864462017e+00 2.842569362688820143e-04 6.227790000000000000e+05
3.871753887143852157e+00 2.819886841646117889e-04 6.253570000000000000e+05
3.884018533710083432e+00 2.797471394677330473e-04 6.286690000000000000e+05
3.896281876299207081e+00 2.775302267648518582e-04 6.334350000000000000e+05
3.908553898872709542e+00 2.753362214198604684e-04 6.370090000000000000e+05
3.920819837741210456e+00 2.731674290463931894e-04 6.414090000000000000e+05
3.933080855037441204e+00 2.710232633166595570e-04 6.441310000000000000e+05
3.945346161479486469e+00 2.689017967773851651e-04 6.499650000000000000e+05
3.957637209013813884e+00 2.667990495638520101e-04 6.549250000000000000e+05
3.969922935445351797e+00 2.647188285052954520e-04 6.576010000000000000e+05
3.982175514047068710e+00 2.626658651824716520e-04 6.596430000000000000e+05
3.994441577776709718e+00 2.606328482169551776e-04 6.668650000000000000e+05
4.006727938504470288e+00 2.586184097115742475e-04 6.701370000000000000e+05
4.019004746641884118e+00 2.566271783857499594e-04 6.742630000000000000e+05
4.031277227451610656e+00 2.546579701110048585e-04 6.776970000000000000e+05
4.043554474959882405e+00 2.527090418862825783e-04 6.831370000000000000e+05
4.055839296806413863e+00 2.507793311465950276e-04 6.865810000000000000e+05
4.068096648036075180e+00 2.488728587214447804e-04 6.886950000000000000e+05
4.080340810272203633e+00 2.469883995590464536e-04 6.934330000000000000e+05
4.092625412812637364e+00 2.451176747961642498e-04 7.011570000000000000e+05
4.104896712235945877e+00 2.432686371762097328e-04 7.007830000000000000e+05
4.117161081901492103e+00 2.414400519933485837e-04 7.084530000000000000e+05
4.129437122155980688e+00 2.396288636767641164e-04 7.110370000000000000e+05
4.141704525954867044e+00 2.378378373731349093e-04 7.153330000000000000e+05
4.153978385170237431e+00 2.360637944261285385e-04 7.203510000000000000e+05
4.166253993732757621e+00 2.343068226369527415e-04 7.245250000000000000e+05
4.178538499825864783e+00 2.325667748360179068e-04 7.293210000000000000e+05
4.190814603076742806e+00 2.308458703530193135e-04 7.327030000000000000e+05
4.203073337122014586e+00 2.291450748474640445e-04 7.352410000000000000e+05
4.215351393663523183e+00 2.274590787753132364e-04 7.440810000000000000e+05
4.227627727927940171e+00 2.257905531690177988e-04 7.435750000000000000e+05
4.239903711675261810e+00 2.241391179206453789e-04 7.523850000000000000e+05
4.252176052439746279e+00 2.225040040661752626e-04 7.523290000000000000e+05
4.264428999173489387e+00 2.208871456518205888e-04 7.580970000000000000e+05
4.276699753296243856e+00 2.192843085318428250e-04 7.639510000000000000e+05
4.288984663933998576e+00 2.176958209386779938e-04 7.680850000000000000e+05
4.301254992808039468e+00 2.161251900114642536e-04 7.710450000000000000e+05
4.313518859337963640e+00 2.145711362060513910e-04 7.761550000000000000e+05
4.325790306799478735e+00 2.130316732862750132e-04 7.806930000000000000e+05
4.338071451854346172e+00 2.115063740271204776e-04 7.865170000000000000e+05
4.350337682795837324e+00 2.099972846113260861e-04 7.874610000000000000e+05
4.362611642859859806e+00 2.085012959567744293e-04 7.964230000000000000e+05
4.374889619911012772e+00 2.070196285454899252e-04 7.970410000000000000e+05
4.387156592313711911e+00 2.055539130444774014e-04 8.037690000000000000e+05
4.399426520354007053e+00 2.041022719600123225e-04 8.067310000000000000e+05
4.411686361434122183e+00 2.026660605733308842e-04 8.110050000000000000e+05
4.423963041741128421e+00 2.012419603866814292e-04 8.182210000000000000e+05
4.436231205164318681e+00 1.998327370150481872e-04 8.191390000000000000e+05
4.448503896768269072e+00 1.984364988951655177e-04 8.274210000000000000e+05
4.460785975742031617e+00 1.970521191195927398e-04 8.300170000000000000e+05
4.473052489047368852e+00 1.956828569262131223e-04 8.339010000000000000e+05
4.485333554630674513e+00 1.943252242745537831e-04 8.418790000000000000e+05
4.497601113152791541e+00 1.929821434771556831e-04 8.406570000000000000e+05
4.509865945633409368e+00 1.916522737891142650e-04 8.509570000000000000e+05
4.522145512771656328e+00 1.903335577356739380e-04 8.519350000000000000e+05
4.534428391609130138e+00 1.890271139587738729e-04 8.603850000000000000e+05
4.546702887299255202e+00 1.877339451715813413e-04 8.607130000000000000e+05
4.558957497227143385e+00 1.864540606515249137e-04 8.661090000000000000e+05
4.571226507544313478e+00 1.851844058128196489e-04 8.726590000000000000e+05
4.583509650333473573e+00 1.839253191981820852e-04 8.772330000000000000e+05
4.595789930773827692e+00 1.826784182378694149e-04 8.815930000000000000e+05
4.608061822879042424e+00 1.814441049019548048e-04 8.857990000000000000e+05
4.620318454667698305e+00 1.802228922849005450e-04 8.882130000000000000e+05
4.632589671362627115e+00 1.790116761612081035e-04 8.980330000000000000e+05
4.644869733582068783e+00 1.778109023664946027e-04 8.985150000000000000e+05
4.657136751053478463e+00 1.766223374820137743e-04 9.058810000000000000e+05
4.669407123720282549e+00 1.754435889447260571e-04 9.086130000000000000e+05
4.681668230269437458e+00 1.742765672494229806e-04 9.134650000000000000e+05
4.693936504051409386e+00 1.731196610699323093e-04 9.200110000000000000e+05
4.706220800141615257e+00 1.719719316533792645e-04 9.251730000000000000e+05
4.718499420244769205e+00 1.708352955239100985e-04 9.287890000000000000e+05
4.730782524158375857e+00 1.697086906667411878e-04 9.355710000000000000e+05
4.743047201606930940e+00 1.685940681773831105e-04 9.355210000000000000e+05
4.755307563249784764e+00 1.674900124441339774e-04 9.450490000000000000e+05
4.767582922269617107e+00 1.663943483485223838e-04 9.470250000000000000e+05
4.779863242782285582e+00 1.653075577103364714e-04 9.557350000000000000e+05
4.792132509236800786e+00 1.642315649582426300e-04 9.555210000000000000e+05
4.804399814675896607e+00 1.631654750596254002e-04 9.646210000000000000e+05
4.816678189892614981e+00 1.621080460686394093e-04 9.677190000000000000e+05
4.828949147307209699e+00 1.610607666483528534e-04 9.724810000000000000e+05
4.841208045262156645e+00 1.600239012641516839e-04 9.765370000000000000e+05
4.853478205860069394e+00 1.589953691088788696e-04 9.838530000000000000e+05
4.865760389471367020e+00 1.579750238696822498e-04 9.882910000000000000e+05
4.878024424099666412e+00 1.569649837410844390e-04 9.911130000000000000e+05
4.890296224946505177e+00 1.559626203303523476e-04 9.990610000000000000e+05
4.902574098288927651e+00 1.549686247259315875e-04 1.003023000000000000e+06
4.914845182971244952e+00 1.539839683923339118e-04 1.007017000000000000e+06
4.927125443033921748e+00 1.530072777328625130e-04 1.015189000000000000e+06
4.939397843462237425e+00 1.520398022966268380e-04 1.015659000000000000e+06
4.951664139468105574e+00 1.510813010155762743e-04 1.024297000000000000e+06
4.963940457310106247e+00 1.501304163309550633e-04 1.027545000000000000e+06
4.976216814155414170e+00 1.491878422048522788e-04 1.034173000000000000e+06
4.988477864415409968e+00 1.482545177799137869e-04 1.035639000000000000e+06
5.000735915789408459e+00 1.473287874587092517e-04 1.043377000000000000e+06
5.013022503127924523e+00 1.464088337587364746e-04 1.051105000000000000e+06
5.025302855931816914e+00 1.454973099131233417e-04 1.052487000000000000e+06
5.037565960542966792e+00 1.445949329984341314e-04 1.058257000000000000e+06
5.049844070900289417e+00 1.436992374537179374e-04 1.065633000000000000e+06
5.062119395180531001e+00 1.428114419935149881e-04 1.067869000000000000e+06
5.074382958383321984e+00 1.419321054787211307e-04 1.074235000000000000e+06
5.086641414448522802e+00 1.410606439274716549e-04 1.077393000000000000e+06
5.098920283477419879e+00 1.401951837429574221e-04 1.087621000000000000e+06
5.111195046990768098e+00 1.393369143483113616e-04 1.087923000000000000e+06
5.123449429513799558e+00 1.384869425648899643e-04 1.093945000000000000e+06
5.135725833092325665e+00 1.376426611600920012e-04 1.102629000000000000e+06
5.148004898403597984e+00 1.368053403690941178e-04 1.104619000000000000e+06
5.160275467432149377e+00 1.359756644325958415e-04 1.111669000000000000e+06
5.172546563924425023e+00 1.351529364231784296e-04 1.116021000000000000e+06
5.184827810497764311e+00 1.343364473048337259e-04 1.122973000000000000e+06
5.197107424309186818e+00 1.335269114508727518e-04 1.127175000000000000e+06
5.209372119394659606e+00 1.327251186054914634e-04 1.130377000000000000e+06
5.221649037183656361e+00 1.319291799809498250e-04 1.140669000000000000e+06
5.233932398542673781e+00 1.311389315771415624e-04 1.142023000000000000e+06
5.246207456313063844e+00 1.303556306206761159e-04 1.149277000000000000e+06
5.258474098046987955e+00 1.295793520958152050e-04 1.152213000000000000e+06
5.270738325951615622e+00 1.288096403893769905e-04 1.158781000000000000e+06
5.282998927164604730e+00 1.280464981995316914e-04 1.162875000000000000e+06
5.295264990085316370e+00 1.272892946094307846e-04 1.169989000000000000e+06
5.307538736263589740e+00 1.265378382375374582e-04 1.175577000000000000e+06
5.319815882732508605e+00 1.257923315854241075e-04 1.181755000000000000e+06
5.332106279005067506e+00 1.250521269864373513e-04 1.188433000000000000e+06
5.344371073829666585e+00 1.243194246573713199e-04 1.188297000000000000e+06
5.356624723728983462e+00 1.235928375461568102e-04 1.196761000000000000e+06
5.368905759786676057e+00 1.228704280653147428e-04 1.204935000000000000e+06
5.381178523097380761e+00 1.221543547318553228e-04 1.206061000000000000e+06
5.393451085206741880e+00 1.214440879273326627e-04 1.215613000000000000e+06
5.405726736201903471e+00 1.207393711555880452e-04 1.218267000000000000e+06
5.417998930511218170e+00 1.200405263943090918e-04 1.225501000000000000e+06
5.430270772852717975e+00 1.193473125906363802e-04 1.229565000000000000e+06
5.442534130395002556e+00 1.186601266906608162e-04 1.235035000000000000e+06
5.454800748457352633e+00 1.179782509738135776e-04 1.240689000000000000e+06
5.467077716641037810e+00 1.173012207845530822e-04 1.249249000000000000e+06
5.479355582811181513e+00 1.166291076236186869e-04 1.251241000000000000e+06
5.491630973065976917e+00 1.159623186204663267e-04 1.260723000000000000e+06
5.503885297849166136e+00 1.153019445110401526e-04 1.257637000000000000e+06
5.516150725772924979e+00 1.146462029675069912e-04 1.274037000000000000e+06
5.528443391487898317e+00 1.139941905483117686e-04 1.275475000000000000e+06
5.540720216702386125e+00 1.133481531846563790e-04 1.281105000000000000e+06
5.552988335676034559e+00 1.127076479066770840e-04 1.285969000000000000e+06
5.565261517407040337e+00 1.120719027167992792e-04 1.292461000000000000e+06
5.577534110395362177e+00 1.114411624485456693e-04 1.298067000000000000e+06
5.589802343380241290e+00 1.108155670485408694e-04 1.302997000000000000e+06
5.602075135577400999e+00 1.101943539852525506e-04 1.309605000000000000e+06
5.614350310950690037e+00 1.095774739723382363e-04 1.315999000000000000e+06
5.626623264592821805e+00 1.089654897989606244e-04 1.319869000000000000e+06
5.638893001899184299e+00 1.083584054112509651e-04 1.327641000000000000e+06
5.651161142041371654e+00 1.077560887612938095e-04 1.330255000000000000e+06
5.663425121361393089e+00 1.071586185947917975e-04 1.338453000000000000e+06
5.675691325365977313e+00 1.065656353256909486e-04 1.342849000000000000e+06
5.687970933799141982e+00 1.059765630188047039e-04 1.352361000000000000e+06
5.700246086653653954e+00 1.053922165496093091e-04 1.354147000000000000e+06
5.712517647315798364e+00 1.048125089455602686e-04 1.362613000000000000e+06
5.724796711511103808e+00 1.042368540280986432e-04 1.368069000000000000e+06
5.737066762903856088e+00 1.036656522681967887e-04 1.372087000000000000e+06
5.749335898934315736e+00 1.030987048341911421e-04 1.379481000000000000e+06
5.761614168757597909e+00 1.025356398250724065e-04 1.386229000000000000e+06
5.773882136137113541e+00 1.019773040948177435e-04 1.388517000000000000e+06
5.786153279038012798e+00 1.014230433996483443e-04 1.399267000000000000e+06
5.798430732772348328e+00 1.008726762350723799e-04 1.401733000000000000e+06
5.810698549564207838e+00 1.003268781440596805e-04 1.408377000000000000e+06
5.822968489764107858e+00 9.978508164231720916e-05 1.414855000000000000e+06
5.835247581202454015e+00 9.924694352746591991e-05 1.421757000000000000e+06
5.847517653067185961e+00 9.871321875961604154e-05 1.425493000000000000e+06
5.859777763361255332e+00 9.818386494379535701e-05 1.430859000000000000e+06
5.872043305473467534e+00 9.765787481771156121e-05 1.438525000000000000e+06
5.884316039475769422e+00 9.713540526245728417e-05 1.445293000000000000e+06
5.896588172512050363e+00 9.661683529323701473e-05 1.449561000000000000e+06
5.908862119422366277e+00 9.610202845233839497e-05 1.458919000000000000e+06
5.921140107029507327e+00 9.559085523254148115e-05 1.461273000000000000e+06
5.933415941515375991e+00 9.508354225421933455e-05 1.471645000000000000e+06
5.945693490519592395e+00 9.457988954358865444e-05 1.473643000000000000e+06
5.957960045863613274e+00 9.408038262921559114e-05 1.480653000000000000e+06
5.970224520582573469e+00 9.358461645572718052e-05 1.485901000000000000e+06
5.982501053823231274e+00 9.309199078845553177e-05 1.495089000000000000e+06
5.994772850496791428e+00 9.260312833505835405e-05 1.498099000000000000e+06
6.007052134068161742e+00 9.211719520554237622e-05 1.508373000000000000e+06
6.019323824238122178e+00 9.163496918955228677e-05 1.508617000000000000e+06
6.031590917086010251e+00 9.115642295757170950e-05 1.519927000000000000e+06
6.043864522720445720e+00 9.068108751377410828e-05 1.522125000000000000e+06
6.056140591663200290e+00 9.020909458341547086e-05 1.533337000000000000e+06
6.068414280758688051e+00 8.974059535753191482e-05 1.533597000000000000e+06
6.080682225889637138e+00 8.927568745320642264e-05 1.544503000000000000e+06
6.092950513412580982e+00 8.881410288170357053e-05 1.546305000000000000e+06
6.105222669570649963e+00 8.835568460725348630e-05 1.557601000000000000e+06
6.117498537411333537e+00 8.790040648009115872e-05 1.559959000000000000e+06
6.129764009308477313e+00 8.744876268276143547e-05 1.567305000000000000e+06
6.142038804140286246e+00 8.699984773624360119e-05 1.575241000000000000e+06
6.154304592301876653e+00 8.655423531352665135e-05 1.577367000000000000e+06
6.166569656506958985e+00 8.611181139783099354e-05 1.587385000000000000e+06
6.178846322624687026e+00 8.567210631007168300e-05 1.593597000000000000e+06
6.191116526792562524e+00 8.523574156746396315e-05 1.597477000000000000e+06
6.203393953742370570e+00 8.480220396209248743e-05 1.609027000000000000e+06
6.215665868805944072e+00 8.437191241660245932e-05 1.608405000000000000e+06
6.227935179444486380e+00 8.394473919276047651e-05 1.621081000000000000e+06
6.240215859392558073e+00 8.352016966990450958e-05 1.624239000000000000e+06
6.252490868470671259e+00 8.309877049586990186e-05 1.631845000000000000e+06
6.264748734726292234e+00 8.268089955994816572e-05 1.633729000000000000e+06
6.277021907689533720e+00 8.226541406251211411e-05 1.647165000000000000e+06
6.289301913709186564e+00 8.161271086658008188e-05 1.644751000000000000e+06
6.301575403552062582e+00 8.120049232955087464e-05 1.643340000000000000e+06
6.313842558761026069e+00 8.079547277247701163e-05 1.636708000000000000e+06
6.326111565000890558e+00 8.039249750204306006e-05 1.637478000000000000e+06
6.338388186618338693e+00 7.998896766703034742e-05 1.631182000000000000e+06
6.350653318429953842e+00 7.959184281250371090e-05 1.629010000000000000e+06
6.362925353107523385e+00 7.919790954199569576e-05 1.625526000000000000e+06
6.375199539363470613e+00 7.880094016924772920e-05 1.623166000000000000e+06
6.387469047145446943e+00 7.841127931015320430e-05 1.617270000000000000e+06
6.399744975540756720e+00 7.802501518935429014e-05 1.617742000000000000e+06
6.412020876688491633e+00 7.764008922234338949e-05 1.611330000000000000e+06
6.424291406904193202e+00 7.725554136393548293e-05 1.608274000000000000e+06
6.436561693531712258e+00 7.687619023840964766e-05 1.604740000000000000e+06
6.448839799472561474e+00 7.649854603607450846e-05 1.603290000000000000e+06
6.461108371528202277e+00 7.612504506138723244e-05 1.595068000000000000e+06
6.473374277801224430e+00 7.575371553234704156e-05 1.595556000000000000e+06
6.485648261195692044e+00 7.537770423968472261e-05 1.589470000000000000e+06
6.497912617923548240e+00 7.501633338402673948e-05 1.586370000000000000e+06
6.510188500873471895e+00 7.464795032936002430e-05 1.585024000000000000e+06
6.522469705898394032e+00 7.428586543689483452e-05 1.579984000000000000e+06
6.534739853144390764e+00 7.392295687573744692e-05 1.575540000000000000e+06
6.547013925813042867e+00 7.357016708068162176e-05 1.572502000000000000e+06
6.559280266219190025e+00 7.321284135182919226e-05 1.566954000000000000e+06
6.571544123190218301e+00 7.285943981621803339e-05 1.563766000000000000e+06
6.583820908623135182e+00 7.251179015486750457e-05 1.562734000000000000e+06
6.596089750057448242e+00 7.215433940559492479e-05 1.554546000000000000e+06
6.608365359019697571e+00 7.181413232275540100e-05 1.555762000000000000e+06
6.620644516454042616e+00 7.147234511543126465e-05 1.548906000000000000e+06
6.632912755636684032e+00 7.112868924911549206e-05 1.543888000000000000e+06
6.645177498319265297e+00 7.078558029617623118e-05 1.541424000000000000e+06
6.657442360062594489e+00 7.045404600621557438e-05 1.535002000000000000e+06
6.669722339251252130e+00 7.011792499444775666e-05 1.537504000000000000e+06
6.681993132914268330e+00 6.977956801286209804e-05 1.525410000000000000e+06
6.694261014948919453e+00 6.945226926285047236e-05 1.527532000000000000e+06
6.706541327428630517e+00 6.912138310945242390e-05 1.521270000000000000e+06
6.718813763001558748e+00 6.880024313386614069e-05 1.516912000000000000e+06
6.731080793033955345e+00 6.847142875805933219e-05 1.512240000000000000e+06
6.743359639422138230e+00 6.815103970823408841e-05 1.511140000000000000e+06
6.755631157842590717e+00 6.782973354590953851e-05 1.501846000000000000e+06
6.767898114069756943e+00 6.751296370416955247e-05 1.502364000000000000e+06
6.780174472238728711e+00 6.719520528038253244e-05 1.495330000000000000e+06
6.792450149910261636e+00 6.688090510091642587e-05 1.493730000000000000e+06
6.804725883725046387e+00 6.656968429754754656e-05 1.486852000000000000e+06
6.816986365956470451e+00 6.625863213837547344e-05 1.481290000000000000e+06
6.829262668914804379e+00 6.594761391430842474e-05 1.482678000000000000e+06
6.841539156341532646e+00 6.564708208546360618e-05 1.471900000000000000e+06
6.853798143643459184e+00 6.533804332052001282e-05 1.470168000000000000e+06
6.866070472662335611e+00 6.503910396792766295e-05 1.466200000000000000e+06
6.878341858641983109e+00 6.473605563705584658e-05 1.461120000000000000e+06
6.890609083895967935e+00 6.443957117128685976e-05 1.456756000000000000e+06
6.902881925247460693e+00 6.413992742008780570e-05 1.452556000000000000e+06
6.915161390665570451e+00 6.385109940450113270e-05 1.450452000000000000e+06
6.927430489760197041e+00 6.355247037115882916e-05 1.440316000000000000e+06
6.939709739753434192e+00 6.326014830213911103e-05 1.444164000000000000e+06
6.951990631273369026e+00 6.297194152255567031e-05 1.431532000000000000e+06
6.964253850737460283e+00 6.269152381460655818e-05 1.430340000000000000e+06
6.976522576435152168e+00 6.239436797319935504e-05 1.424632000000000000e+06
6.988800341007487482e+00 6.211331161891904345e-05 1.421998000000000000e+06
7.001070917518267933e+00 6.183340262811864616e-05 1.414698000000000000e+06
7.013333679531310594e+00 6.155348715110001590e-05 1.409980000000000000e+06
7.025600208486784126e+00 6.127177546121342086e-05 1.406532000000000000e+06
7.037876624594197494e+00 6.099759237717942615e-05 1.402948000000000000e+06
7.050142987934711059e+00 6.072256952908716585e-05 1.394214000000000000e+06
7.062412914322297119e+00 6.044877423051447213e-05 1.394872000000000000e+06
7.074690640180437917e+00 6.017453977688707716e-05 1.385464000000000000e+06
7.086953618626321116e+00 5.990239973117180463e-05 1.382634000000000000e+06
7.099228178846583859e+00 5.963686883939480122e-05 1.378150000000000000e+06
7.111513636306372454e+00 5.936776432135540215e-05 1.374948000000000000e+06
7.123795927594998467e+00 5.910236990831150552e-05 1.368208000000000000e+06
7.136061101421339536e+00 5.884245990038803269e-05 1.360624000000000000e+06
7.148327156390927861e+00 5.857581133667122154e-05 1.358970000000000000e+06
7.160609375549098488e+00 5.831869448231072263e-05 1.354042000000000000e+06
7.172879319684213328e+00 5.805819008512134126e-05 1.345926000000000000e+06
7.185144833371175821e+00 5.779393331518644099e-05 1.343698000000000000e+06
7.197419183324042180e+00 5.754684122425086299e-05 1.336938000000000000e+06
7.209685957222612629e+00 5.728705744826011339e-05 1.332418000000000000e+06
7.221957750339435655e+00 5.703657695189905125e-05 1.327732000000000000e+06
7.234230071748588564e+00 5.678400385807697481e-05 1.321878000000000000e+06
7.246500469462226590e+00 5.653330181005823018e-05 1.317706000000000000e+06
7.258778502192162030e+00 5.628730401274854031e-05 1.312086000000000000e+06
7.271045677069522206e+00 5.604036918010627053e-05 1.306132000000000000e+06
7.283317173600549310e+00 5.579278044534339881e-05 1.301652000000000000e+06
7.295585445724233509e+00 5.554973693513853573e-05 1.295260000000000000e+06
7.307853078892518006e+00 5.530703440901774007e-05 1.291120000000000000e+06
7.320126553552271709e+00 5.506688728859612320e-05 1.285230000000000000e+06
7.332403580627381068e+00 5.483095484036828012e-05 1.282204000000000000e+06
7.344684000036938443e+00 5.458173951546276697e-05 1.273920000000000000e+06
7.356944411276296947e+00 5.435086216027634444e-05 1.268410000000000000e+06
7.369203301045217813e+00 5.411405521156996618e-05 1.262274000000000000e+06
7.381489361353313683e+00 5.388067493165935463e-05 1.262920000000000000e+06
7.393767792443961540e+00 5.364375689568253114e-05 1.250194000000000000e+06
7.406034816281826139e+00 5.341692172607353638e-05 1.249224000000000000e+06
7.418310200590694237e+00 5.318763161132295338e-05 1.241506000000000000e+06
7.430583317877912819e+00 5.295954930823449746e-05 1.236786000000000000e+06
7.442848511905709508e+00 5.272829770655470790e-05 1.229380000000000000e+06
7.455114941964349207e+00 5.250737202109856226e-05 1.225756000000000000e+06
7.467393191815288489e+00 5.227610267760471232e-05 1.220370000000000000e+06
7.479670498433187653e+00 5.205561337983717905e-05 1.214428000000000000e+06
7.491938078263377321e+00 5.182876500997907654e-05 1.206828000000000000e+06
7.504211483575987884e+00 5.161381246170030881e-05 1.204744000000000000e+06
7.516487326365844268e+00 5.139447659300397673e-05 1.195512000000000000e+06
7.528756512454854999e+00 5.117297273505877920e-05 1.191598000000000000e+06
7.541024884189051924e+00 5.095624489069977808e-05 1.184566000000000000e+06
7.553289720020821107e+00 5.073740539296270785e-05 1.178694000000000000e+06
7.565561264997616497e+00 5.052881364672315219e-05 1.174768000000000000e+06
7.577833325840669154e+00 5.031249987954045268e-05 1.166658000000000000e+06
7.590111451558873235e+00 5.010034644917349926e-05 1.164202000000000000e+06
7.602381763767824374e+00 4.988764868053370473e-05 1.154202000000000000e+06
7.614655742829341101e+00 4.967693170353031616e-05 1.151548000000000000e+06
7.626936442945662087e+00 4.946775769169633059e-05 1.145062000000000000e+06
7.639200863715046808e+00 4.926588274625791673e-05 1.135518000000000000e+06
7.651464465780415836e+00 4.905413390073688805e-05 1.133722000000000000e+06
7.663742199615411366e+00 4.884634321796796867e-05 1.125570000000000000e+06
7.676018461909904111e+00 4.864606252417992674e-05 1.121032000000000000e+06
7.688277681363731020e+00 4.844634233135194234e-05 1.111578000000000000e+06
7.700552813331956514e+00 4.823866161726547144e-05 1.110370000000000000e+06
7.712841327547615755e+00 4.804271160987017648e-05 1.102594000000000000e+06
7.725115679677861280e+00 4.783950240675754773e-05 1.095120000000000000e+06
7.737377294768349678e+00 4.764210185378061350e-05 1.088182000000000000e+06
7.749648862533475402e+00 4.744593008825220820e-05 1.084686000000000000e+06
7.761924921547985967e+00 4.724573909885568452e-05 1.075606000000000000e+06
7.774188921740621261e+00 4.705569332120497494e-05 1.071370000000000000e+06
7.786454278984081157e+00 4.685734547400870989e-05 1.062492000000000000e+06
7.798729724903661342e+00 4.666673610740077252e-05 1.060702000000000000e+06
7.811006007363213932e+00 4.647632753498489282e-05 1.050174000000000000e+06
7.823272881866079942e+00 4.627777120737662346e-05 1.045918000000000000e+06
7.835543817082966100e+00 4.609530070786075734e-05 1.039026000000000000e+06
7.847819758291274539e+00 4.590702859920543462e-05 1.032862000000000000e+06
7.860089257915242378e+00 4.570840092237894465e-05 1.025860000000000000e+06
7.872351486015352506e+00 4.553481657676126135e-05 1.018710000000000000e+06
7.884626384621514106e+00 4.534345049072948026e-05 1.014568000000000000e+06
7.896910463695346216e+00 4.515280792426124896e-05 1.007796000000000000e+06
7.909185584936841984e+00 4.497307261260455953e-05 9.993400000000000000e+05
7.921449021407247493e+00 4.479653956027746848e-05 9.937800000000000000e+05
7.933712491448440929e+00 4.460547584123175077e-05 9.853000000000000000e+05
7.945991924520928507e+00 4.443095761709380995e-05 9.834640000000000000e+05
7.958263724947784112e+00 4.424801602484505281e-05 9.712140000000000000e+05
7.970528979543122894e+00 4.406443239153222358e-05 9.683560000000000000e+05
7.982814850276255036e+00 4.389096801361911363e-05 9.620400000000000000e+05
7.995091442562386241e+00 4.371626480210421406e-05 9.524620000000000000e+05
8.007352319016611375e+00 4.353013430909224784e-05 9.471100000000000000e+05
8.019627279175121970e+00 4.336834894470069867e-05 9.408420000000000000e+05
8.031903435627652854e+00 4.318587418742698996e-05 9.330760000000000000e+05
8.044177589960026964e+00 4.301665026843383562e-05 9.280620000000000000e+05
8.056443246154517013e+00 4.283313255357576276e-05 9.171520000000000000e+05
8.068702016722001602e+00 4.267115283124469461e-05 9.141240000000000000e+05
8.080979616769809581e+00 4.250273348370994754e-05 9.056920000000000000e+05
8.093253918379238243e+00 4.232586348668246443e-05 8.998600000000000000e+05
8.105526954068290379e+00 4.215806540384291001e-05 8.922480000000000000e+05
8.117799591180954621e+00 4.198981091000009895e-05 8.849020000000000000e+05
8.130070519226100245e+00 4.182527367362190484e-05 8.790780000000000000e+05
8.142347349886266628e+00 4.166015263181705423e-05 8.708860000000000000e+05
8.154613498189881682e+00 4.148644060972665092e-05 8.642460000000000000e+05
8.166891744956171095e+00 4.132867044806959469e-05 8.580640000000000000e+05
8.179177309500333948e+00 4.115817428354498784e-05 8.508160000000000000e+05
8.191440306992516796e+00 4.100363196068313186e-05 8.416440000000000000e+05
8.203698384183137904e+00 4.083706905740691693e-05 8.349700000000000000e+05
8.215976944299894669e+00 4.066843218103075394e-05 8.307180000000000000e+05
8.228243446586366971e+00 4.051802942723974586e-05 8.187820000000000000e+05
8.240504205918190550e+00 4.035154805634257790e-05 8.154840000000000000e+05
8.252785472848209736e+00 4.020297315693501926e-05 8.074600000000000000e+05
8.265065442812074892e+00 4.002950765498068057e-05 7.999360000000000000e+05
8.277324329252326862e+00 3.988595690707767997e-05 7.911960000000000000e+05
8.289585514935046362e+00 3.972100352284280579e-05 7.851280000000000000e+05
8.301876289419068300e+00 3.956576585161523029e-05 7.801680000000000000e+05
8.314155732114585362e+00 3.940776342331336646e-05 7.694320000000000000e+05
8.326420118621983946e+00 3.926430310230094394e-05 7.628980000000000000e+05
8.338685274282241267e+00 3.909636514407391247e-05 7.556700000000000000e+05
8.350960295863657734e+00 3.895740182456624212e-05 7.480840000000000000e+05
8.363227371463903381e+00 3.878630531779362126e-05 7.408020000000000000e+05
8.375495150013193779e+00 3.864856601623532605e-05 7.328140000000000000e+05
8.387774453438462174e+00 3.849073679518440623e-05 7.269300000000000000e+05
8.400050279144005927e+00 3.834569454355799451e-05 7.179880000000000000e+05
8.412323897445121546e+00 3.819766020406237917e-05 7.106380000000000000e+05
8.424591653278149295e+00 3.804323159113179173e-05 7.032900000000000000e+05
8.436851522422974980e+00 3.790023141625933071e-05 6.936700000000000000e+05
8.449126168249581070e+00 3.775245971953793020e-05 6.897900000000000000e+05
8.461409466866058438e+00 3.759615292020160445e-05 6.799720000000000000e+05
8.473680557849798234e+00 3.745269715376750829e-05 6.721320000000000000e+05
8.485955758068611132e+00 3.731753238049202861e-05 6.659740000000000000e+05
8.498224021861652488e+00 3.716480093793937629e-05 6.549880000000000000e+05
8.510487716422499460e+00 3.701861265804928959e-05 6.507840000000000000e+05
8.522772165951511880e+00 3.688543903953531459e-05 6.413980000000000000e+05
8.535053551330060273e+00 3.672952608438780450e-05 6.342960000000000000e+05
8.547317518097319322e+00 3.659469042585763521e-05 6.247360000000000000e+05
8.559569055920173142e+00 3.644668386012348032e-05 6.167760000000000000e+05
8.571845654644560497e+00 3.631316575989795728e-05 6.119020000000000000e+05
8.584118547479452133e+00 3.615493335860814100e-05 6.003820000000000000e+05
8.596382739027404796e+00 3.603426756762657788e-05 5.949300000000000000e+05
8.608649228704134515e+00 3.588739086084491447e-05 5.857120000000000000e+05
8.620929418330351979e+00 3.574689996946487719e-05 5.787780000000000000e+05
8.633209303777858779e+00 3.561169427070767112e-05 5.710660000000000000e+05
8.645469357428481771e+00 3.547396269871859177e-05 5.599180000000000000e+05
8.657746042272750131e+00 3.533517560802361244e-05 5.570520000000000000e+05
8.670026156296621878e+00 3.519584742287863878e-05 5.439400000000000000e+05
8.682297151046071804e+00 3.506421506236327153e-05 5.393460000000000000e+05
8.694564924638441994e+00 3.492069015080973568e-05 5.287960000000000000e+05
8.706838868613887783e+00 3.479363022339425414e-05 5.220780000000000000e+05
8.719120119322299800e+00 3.464731836540831128e-05 5.141980000000000000e+05
8.731387104587362558e+00 3.452802007282676809e-05 5.037100000000000000e+05
8.743648523961962127e+00 3.437751468819251011e-05 4.976520000000000000e+05
8.755929668290336920e+00 3.425495661831703915e-05 4.889080000000000000e+05
8.768209632129938313e+00 3.411423214329395312e-05 4.802880000000000000e+05
8.780467014976435891e+00 3.397816157451276066e-05 4.715380000000000000e+05
8.792716646247644263e+00 3.386021606052050603e-05 4.623600000000000000e+05
8.804990552495517875e+00 3.371043207025794998e-05 4.569760000000000000e+05
8.817278224909140150e+00 3.358923640895865933e-05 4.463980000000000000e+05
8.829538855554407206e+00 3.344953363884823651e-05 4.383120000000000000e+05
8.841804262617491972e+00 3.332014214270073965e-05 4.301560000000000000e+05
8.854088059785766518e+00 3.319197401356683072e-05 4.220880000000000000e+05
8.866365214578202369e+00 3.305330054971218970e-05 4.131460000000000000e+05
8.878627275129836960e+00 3.293578922054601449e-05 4.040560000000000000e+05
8.890896397550831054e+00 3.283250993240784333e-05 3.966450000000000000e+05
8.903187591580362437e+00 3.274143122398986971e-05 3.892900000000000000e+05
8.915455983161111320e+00 3.261907665745113259e-05 3.802770000000000000e+05
8.927709519791491743e+00 3.252018423597834130e-05 3.740800000000000000e+05
8.939989879201259981e+00 3.240218908889083195e-05 3.678570000000000000e+05
8.952271999783864231e+00 3.228331593079992236e-05 3.605980000000000000e+05
8.964540853524345820e+00 3.218138404337278231e-05 3.541540000000000000e+05
8.976809101527353008e+00 3.206625440164536712e-05 3.478350000000000000e+05
8.989080225777927424e+00 3.195715232930953185e-05 3.415870000000000000e+05
9.001360614975869368e+00 3.183412609284002719e-05 3.362760000000000000e+05
9.013628215818087597e+00 3.172242563438529343e-05 3.289840000000000000e+05
9.025896392635795351e+00 3.161820423868115114e-05 3.245970000000000000e+05
9.038179675739989705e+00 3.150021516036836310e-05 3.181960000000000000e+05
9.050449517051912807e+00 3.139073990543718104e-05 3.126610000000000000e+05
9.062703135483113570e+00 3.128074514152427395e-05 3.065010000000000000e+05
9.074964961692879584e+00 3.117275244748845078e-05 3.021610000000000000e+05
9.087254323695255209e+00 3.106379920626914777e-05 2.970210000000000000e+05
9.099527913664491763e+00 3.094260550227713886e-05 2.910610000000000000e+05
9.111784404433924678e+00 3.084339225570791851e-05 2.861100000000000000e+05
9.124063819746693227e+00 3.073031218607054544e-05 2.816890000000000000e+05
9.136356155726907957e+00 3.061736873203111639e-05 2.767660000000000000e+05
9.148620507313745875e+00 3.051246212929341204e-05 2.707740000000000000e+05
9.160876291938610194e+00 3.040333835038942035e-05 2.667940000000000000e+05
9.173170450676668253e+00 3.030248705548340354e-05 2.626620000000000000e+05
9.185440350095079864e+00 3.018752099934824814e-05 2.565220000000000000e+05
9.197674161800641457e+00 3.008637623616739344e-05 2.521060000000000000e+05
9.209944599127076970e+00 2.998771641211815249e-05 2.489100000000000000e+05
9.222234992744009929e+00 2.987553423713919132e-05 2.437780000000000000e+05
9.234498168615418834e+00 2.976074771763570809e-05 2.392110000000000000e+05
9.246752780042326592e+00 2.965970087067671998e-05 2.348620000000000000e+05
9.259037156434654747e+00 2.955568432537862499e-05 2.316150000000000000e+05
9.271318350907318262e+00 2.945193204124500481e-05 2.263180000000000000e+05
9.283583476701339876e+00 2.934833268811556226e-05 2.227630000000000000e+05
9.295857210673403870e+00 2.924942821146848186e-05 2.185860000000000000e+05
9.308129681401091204e+00 2.914025968051790197e-05 2.143990000000000000e+05
9.320409143058975943e+00 2.904246509769202602e-05 2.109150000000000000e+05
9.332685724653499548e+00 2.894452807310222343e-05 2.065420000000000000e+05
9.344943030082799140e+00 2.883873156526541837e-05 2.026110000000000000e+05
9.357240832438430189e+00 2.873552648593204862e-05 1.999990000000000000e+05
9.369539155676596565e+00 2.864069478652297212e-05 1.951330000000000000e+05
9.381778960346688123e+00 2.852296003793026251e-05 1.908990000000000000e+05
9.394040723783835034e+00 2.843617197318272071e-05 1.884550000000000000e+05
9.406338508958207001e+00 2.833489366064602340e-05 1.845510000000000000e+05
9.418611798190426043e+00 2.823445092528762635e-05 1.807750000000000000e+05
9.430853043411074665e+00 2.813584208532547170e-05 1.767510000000000000e+05
9.443145181565174795e+00 2.802783260952250032e-05 1.750390000000000000e+05
9.455452451282019055e+00 2.793730517355117046e-05 1.703350000000000000e+05
9.467696108335937666e+00 2.784885961985920358e-05 1.666830000000000000e+05
9.479945563518231921e+00 2.775118965834442807e-05 1.639390000000000000e+05
9.492244411686275640e+00 2.764711165051589778e-05 1.611630000000000000e+05
9.504520706507847194e+00 2.755395220087678687e-05 1.569790000000000000e+05
9.516771535682037708e+00 2.745076619328316937e-05 1.542790000000000000e+05
9.529051214352033838e+00 2.735833930920174593e-05 1.513560000000000000e+05
9.541349761989566858e+00 2.726479802545731920e-05 1.483510000000000000e+05
9.553614511585660551e+00 2.716278906287130862e-05 1.445190000000000000e+05
9.565852505371527315e+00 2.707424345651652831e-05 1.418110000000000000e+05
9.578130536320831112e+00 2.698515372755184023e-05 1.394040000000000000e+05
9.590421598058176400e+00 2.689082048534849792e-05 1.361050000000000000e+05
9.602685914288876745e+00 2.679691320119341824e-05 1.331320000000000000e+05
9.614937394916179159e+00 2.669119308731445034e-05 1.302510000000000000e+05
9.627210288002249428e+00 2.659758359193978769e-05 1.277710000000000000e+05
9.639520429969216764e+00 2.651537804661455760e-05 1.254000000000000000e+05
9.651793971295985486e+00 2.642713165928717420e-05 1.216630000000000000e+05
9.664020751487894856e+00 2.633284087116358009e-05 1.192080000000000000e+05
9.676318357831698691e+00 2.624524510313870642e-05 1.174270000000000000e+05
9.688615419394409400e+00 2.614091405688963706e-05 1.139920000000000000e+05
9.700826577396394867e+00 2.605387736993257150e-05 1.108470000000000000e+05
9.713080895293627393e+00 2.596023232301735963e-05 1.096600000000000000e+05
9.725420175656996236e+00 2.587853428374314480e-05 1.070790000000000000e+05
9.737699379551500556e+00 2.577427441227681440e-05 1.037440000000000000e+05
9.749902316070345520e+00 2.570945322158514360e-05 1.011150000000000000e+05
9.762190598275241271e+00 2.561275242052408089e-05 1.001380000000000000e+05
9.774524678918144360e+00 2.551529433668763415e-05 9.700300000000000000e+04
9.786774718166423526e+00 2.541724093793257320e-05 9.429600000000000000e+04
9.798978964262767377e+00 2.533643836053827718e-05 9.179200000000000000e+04
9.811278153824439130e+00 2.525085908048182510e-05 9.093900000000000000e+04
9.823611081190524175e+00 2.516701002013704835e-05 8.782000000000000000e+04
9.835856276531492526e+00 2.508399098220294782e-05 8.539600000000000000e+04
9.848110679020482650e+00 2.499027625564696227e-05 8.367900000000000000e+04
9.860407726310109311e+00 2.488312142112193836e-05 8.142400000000000000e+04
9.872697502788055246e+00 2.481471824391468122e-05 7.946400000000000000e+04
9.884901386356604647e+00 2.471440627273013303e-05 7.632700000000000000e+04
9.897163696785352016e+00 2.465300388157537858e-05 7.603200000000000000e+04
9.909521583262559830e+00 2.457847015598647032e-05 7.331800000000000000e+04
9.921769391384721359e+00 2.444798607304756783e-05 7.085200000000000000e+04
9.933970688566546414e+00 2.437037064219764717e-05 6.908700000000000000e+04
9.946258064394848830e+00 2.428990909443700156e-05 6.776800000000000000e+04
9.958599462316573891e+00 2.421159944981723729e-05 6.583200000000000000e+04
9.970855893410924153e+00 2.412362872678760169e-05 6.328000000000000000e+04
9.983056790183725937e+00 2.406951151477280888e-05 6.172800000000000000e+04
9.995367888381297306e+00 2.393563980133538594e-05 6.055900000000000000e+04
1.000768738160844862e+01 2.387045795205975767e-05 5.830000000000000000e+04
1.001992026626095900e+01 2.376805753149884874e-05 5.640000000000000000e+04
1.003216794116962340e+01 2.371339903120303318e-05 5.504800000000000000e+04
1.004452693104755490e+01 2.362763046935351178e-05 5.377200000000000000e+04
1.005681714461683995e+01 2.353529128358959214e-05 5.126200000000000000e+04
1.006892554656264416e+01 2.341973755014965425e-05 4.921600000000000000e+04
1.008118070553574341e+01 2.337214805057347841e-05 4.914300000000000000e+04
1.009358725292190506e+01 2.328279863441880528e-05 4.714000000000000000e+04
1.010587104414638482e+01 2.321214158775665649e-05 4.522800000000000000e+04
1.011803675936291569e+01 2.311186425779208168e-05 4.344400000000000000e+04
1.013033026673756787e+01 2.301750406006665913e-05 4.296000000000000000e+04
1.014269234577691492e+01 2.293755148062209123e-05 4.097200000000000000e+04
1.015492092078972242e+01 2.285738309653453156e-05 3.934000000000000000e+04
1.016713729606320626e+01 2.279358008245484921e-05 3.819600000000000000e+04
1.017948237709778603e+01 2.272020633007157815e-05 3.715000000000000000e+04
1.019180021159561988e+01 2.258602480407984474e-05 3.541200000000000000e+04
1.020392951519547431e+01 2.250762755947048784e-05 3.359200000000000000e+04
1.021616725130168390e+01 2.244145508293464463e-05 3.342000000000000000e+04
1.022862642492139962e+01 2.239683577446171340e-05 3.200800000000000000e+04
1.024089215827277499e+01 2.226981790230485704e-05 3.006400000000000000e+04
1.025291694566059597e+01 2.216204155555039166e-05 2.863200000000000000e+04
1.026520901902015304e+01 2.209688795020694016e-05 2.878000000000000000e+04
1.027774478013064297e+01 2.202210746942840334e-05 2.730000000000000000e+04
1.028999562177447658e+01 2.200317214912270137e-05 2.534200000000000000e+04
1.030201604229439916e+01 2.179914286501809026e-05 2.437200000000000000e+04
1.031435652991144458e+01 2.176928579589798910e-05 2.419600000000000000e+04
1.032681180668896559e+01 2.166653695160367264e-05 2.267200000000000000e+04
1.033902804527374286e+01 2.159524473723506806e-05 2.136000000000000000e+04
1.035115232939432417e+01 2.155552282053745585e-05 2.046400000000000000e+04
1.036349894605856825e+01 2.139672191998912362e-05 1.990800000000000000e+04
1.037588421463306432e+01 2.129821226976140469e-05 1.872400000000000000e+04
1.038798852119735550e+01 2.121597971342310251e-05 1.733200000000000000e+04
1.040024031861292819e+01 2.127842414275287673e-05 1.728600000000000000e+04
1.041275436944961896e+01 2.100978944302795540e-05 1.613200000000000000e+04
1.042497407594987990e+01 2.091096912599222954e-05 1.490400000000000000e+04
1.043688514148603197e+01 2.082635677181328480e-05 1.390000000000000000e+04
1.044935675725634461e+01 2.088684232909890993e-05 1.434000000000000000e+04
1.046202492686499674e+01 2.071856814856633746e-05 1.269700000000000000e+04
1.047400755602441436e+01 2.050046534166032996e-05 1.157200000000000000e+04
1.048587736115725910e+01 2.046418718354318388e-05 1.116000000000000000e+04
1.049857448827671291e+01 2.048620902892909750e-05 1.133200000000000000e+04
1.051126949813551903e+01 2.040919993000356658e-05 9.726000000000000000e+03
1.052285357494718276e+01 1.999717284489133521e-05 8.536000000000000000e+03
1.053473958593998283e+01 2.005714236291026981e-05 8.904000000000000000e+03
1.054774640839725741e+01 2.006298550794374723e-05 8.596000000000000000e+03
1.056046301500879103e+01 2.005450943304499506e-05 7.261000000000000000e+03
1.057159311026059711e+01 1.943199425228388092e-05 5.988000000000000000e+03
1.058363531105575461e+01 1.968932788290332742e-05 6.928000000000000000e+03
1.059705194212168777e+01 1.963325291397348258e-05 6.276000000000000000e+03
1.060979978027766535e+01 1.961419383242876452e-05 5.122000000000000000e+03
1.062040978823683268e+01 1.864771294814131236e-05 4.020000000000000000e+03
1.063264532034351184e+01 1.921727281433203741e-05 5.029000000000000000e+03
1.064639355798109399e+01 1.915294647565288978e-05 4.324000000000000000e+03
1.065914783282394751e+01 1.919453462250589234e-05 3.336000000000000000e+03
1.066936572292022767e+01 1.786541941758771265e-05 2.620000000000000000e+03
1.068170620224867839e+01 1.851602611601278821e-05 3.252000000000000000e+03
1.069565962972710516e+01 1.846366205566394596e-05 2.773000000000000000e+03
1.070841589004406558e+01 1.862850291667375162e-05 1.894000000000000000e+03
1.071820782228195412e+01 1.695173721518993004e-05 1.608000000000000000e+03
1.073084821288305868e+01 1.762616983508001397e-05 1.852000000000000000e+03
1.074490521681495281e+01 1.729047676414529906e-05 1.524000000000000000e+03
1.075610977084585684e+01 1.722172748337872671e-05 6.970000000000000000e+02
1.076616800791103223e+01 1.650705761958620228e-05 1.044000000000000000e+03
1.078006945972073360e+01 1.614611520592213796e-05 8.440000000000000000e+02
1.079413804415958822e+01 1.548331512741086093e-05 6.280000000000000000e+02
1.080500523918458633e+01 1.484201789868098724e-05 2.430000000000000000e+02
1.081522875784597382e+01 1.405708018944926255e-05 3.640000000000000000e+02
1.082926319626019129e+01 1.258088741451501846e-05 2.280000000000000000e+02
1.084324087403835257e+01 1.024673269233561233e-05 1.240000000000000000e+02
1.085447911459942816e+01 7.199235948395322978e-06 3.300000000000000000e+01
1.086383146309143832e+01 2.823436911317652708e-06 2.800000000000000000e+01
1.087748578188118032e+01 0.000000000000000000e+00 4.000000000000000000e+00
