5.4502000000e-06	4.3405031834e-03
5.6350000000e-06	4.4819647973e-03
5.8260000000e-06	4.6280671202e-03
6.0234000000e-06	4.7788101521e-03
6.2276000000e-06	4.9345139420e-03
6.4387000000e-06	5.0953385143e-03
6.6569000000e-06	5.2612838690e-03
6.8826000000e-06	5.4326700551e-03
7.1159000000e-06	5.6098171213e-03
7.3571000000e-06	5.7925650432e-03
7.6064000000e-06	5.9812338699e-03
7.8642000000e-06	6.1761436500e-03
8.1308000000e-06	6.3774544082e-03
8.4064000000e-06	6.5851661444e-03
8.6913000000e-06	6.7997589319e-03
8.9859000000e-06	7.0212327708e-03
9.2905000000e-06	7.2500677344e-03
9.6054000000e-06	7.4862638227e-03
9.9310000000e-06	7.7303011090e-03
1.0268000000e-05	7.9821795934e-03
1.0616000000e-05	8.2422193248e-03
1.0975000000e-05	8.5107403520e-03
1.1347000000e-05	8.7880627239e-03
1.1732000000e-05	9.0743464651e-03
1.2130000000e-05	9.3700716488e-03
1.2541000000e-05	9.6753983704e-03
1.2966000000e-05	9.9906465393e-03
1.3405000000e-05	1.0316136273e-02
1.3860000000e-05	1.0652187621e-02
1.4330000000e-05	1.0999281100e-02
1.4815000000e-05	1.1357735966e-02
1.5317000000e-05	1.1727712515e-02
1.5837000000e-05	1.2109851487e-02
1.6373000000e-05	1.2504472409e-02
1.6928000000e-05	1.2911894719e-02
1.7502000000e-05	1.3332599061e-02
1.8095000000e-05	1.3767066050e-02
1.8709000000e-05	1.4215614668e-02
1.9343000000e-05	1.4678725513e-02
1.9999000000e-05	1.5157038684e-02
2.0676000000e-05	1.5650874342e-02
2.1377000000e-05	1.6160872600e-02
2.2102000000e-05	1.6687353807e-02
2.2851000000e-05	1.7231437199e-02
2.3625000000e-05	1.7793125698e-02
2.4426000000e-05	1.8372414438e-02
2.5254000000e-05	1.8970907286e-02
2.6110000000e-05	1.9588603473e-02
2.6995000000e-05	2.0227101516e-02
2.7910000000e-05	2.0886405199e-02
2.8856000000e-05	2.1566510414e-02
2.9834000000e-05	2.2269018564e-02
3.0846000000e-05	2.2995531362e-02
3.1891000000e-05	2.3744446371e-02
3.2972000000e-05	2.4517367341e-02
3.4090000000e-05	2.5315892218e-02
3.5245000000e-05	2.6141620403e-02
3.6440000000e-05	2.6992954115e-02
3.7675000000e-05	2.7873090775e-02
3.8952000000e-05	2.8780432980e-02
4.0272000000e-05	2.9718182567e-02
4.1637000000e-05	3.0686337657e-02
4.3048000000e-05	3.1686122611e-02
4.4508000000e-05	3.2718272799e-02
4.6016000000e-05	3.3784402215e-02
4.7576000000e-05	3.4883123343e-02
4.9188000000e-05	3.6021406574e-02
5.0856000000e-05	3.7195988110e-02
5.2580000000e-05	3.8407373720e-02
5.4362000000e-05	3.9658765742e-02
5.6204000000e-05	4.0950167400e-02
5.8109000000e-05	4.2284772936e-02
6.0079000000e-05	4.3660995747e-02
6.2115000000e-05	4.5083622531e-02
6.4221000000e-05	4.6552650543e-02
6.6398000000e-05	4.8069660318e-02
6.8648000000e-05	4.9634713993e-02
7.0975000000e-05	5.1252568727e-02
7.3381000000e-05	5.2921423030e-02
7.5868000000e-05	5.4644888967e-02
7.8439000000e-05	5.6424372897e-02
8.1098000000e-05	5.8263708890e-02
8.3847000000e-05	6.0160925707e-02
8.6689000000e-05	6.2119653029e-02
8.9627000000e-05	6.4143724149e-02
9.2665000000e-05	6.6232048709e-02
9.5806000000e-05	6.8389149729e-02
9.9053000000e-05	7.0616708474e-02
1.0241000000e-04	7.2916294250e-02
1.0588000000e-04	7.5291608359e-02
1.0947000000e-04	7.7742330233e-02
1.1318000000e-04	8.0273944528e-02
1.1702000000e-04	8.2893112109e-02
1.2098000000e-04	8.5586437624e-02
1.2508000000e-04	8.8372501060e-02
1.2932000000e-04	9.1249356835e-02
1.3371000000e-04	9.4221063513e-02
1.3824000000e-04	9.7293003133e-02
1.4293000000e-04	1.0045476692e-01
1.4777000000e-04	1.0372923220e-01
1.5278000000e-04	1.0710029639e-01
1.5796000000e-04	1.1059235062e-01
1.6331000000e-04	1.1418295459e-01
1.6885000000e-04	1.1789668444e-01
1.7457000000e-04	1.2174125713e-01
1.8049000000e-04	1.2570167293e-01
1.8660000000e-04	1.2978227571e-01
1.9293000000e-04	1.3400328042e-01
1.9947000000e-04	1.3836031038e-01
2.0623000000e-04	1.4286736322e-01
2.1322000000e-04	1.4750308826e-01
2.2045000000e-04	1.5229694473e-01
2.2792000000e-04	1.5725714113e-01
2.3565000000e-04	1.6236483736e-01
2.4363000000e-04	1.6764740839e-01
2.5189000000e-04	1.7308544307e-01
2.6043000000e-04	1.7870212141e-01
2.6926000000e-04	1.8451002295e-01
2.7838000000e-04	1.9049609715e-01
2.8782000000e-04	1.9670084090e-01
2.9757000000e-04	2.0306697090e-01
3.0766000000e-04	2.0964823463e-01
3.1809000000e-04	2.1646133244e-01
3.2887000000e-04	2.2346982521e-01
3.4002000000e-04	2.3071746507e-01
3.5154000000e-04	2.3819178564e-01
3.6346000000e-04	2.4590069377e-01
3.7578000000e-04	2.5385227934e-01
3.8851000000e-04	2.6207866398e-01
4.0168000000e-04	2.7055790941e-01
4.1530000000e-04	2.7930901403e-01
4.2937000000e-04	2.8833216360e-01
4.4393000000e-04	2.9764874319e-01
4.5897000000e-04	3.0726332728e-01
4.7453000000e-04	3.1716595975e-01
4.9062000000e-04	3.2741216794e-01
5.0724000000e-04	3.3795424773e-01
5.2444000000e-04	3.4883622966e-01
5.4221000000e-04	3.6004895462e-01
5.6059000000e-04	3.7163597608e-01
5.7959000000e-04	3.8359677923e-01
5.9924000000e-04	3.9590199487e-01
6.1955000000e-04	4.0858048814e-01
6.4055000000e-04	4.2169362970e-01
6.6226000000e-04	4.3517568565e-01
6.8471000000e-04	4.4912704362e-01
7.0792000000e-04	4.6348432614e-01
7.3191000000e-04	4.7827895152e-01
7.5672000000e-04	4.9350779921e-01
7.8237000000e-04	5.0924175646e-01
8.0889000000e-04	5.2544373909e-01
8.3631000000e-04	5.4209247263e-01
8.6465000000e-04	5.5933733999e-01
8.9396000000e-04	5.7704967970e-01
9.2426000000e-04	5.9529983250e-01
9.5559000000e-04	6.1408685585e-01
9.8798000000e-04	6.3344526125e-01
1.0215000000e-03	6.5341240833e-01
1.0561000000e-03	6.7393032806e-01
1.0919000000e-03	6.9509805824e-01
1.1289000000e-03	7.1687440759e-01
1.1672000000e-03	7.3918147763e-01
1.2067000000e-03	7.6222645501e-01
1.2476000000e-03	7.8599997296e-01
1.2899000000e-03	8.1038765696e-01
1.3336000000e-03	8.3546275274e-01
1.3788000000e-03	8.6130071522e-01
1.4256000000e-03	8.8779449476e-01
1.4739000000e-03	9.1503021259e-01
1.5238000000e-03	9.4307142577e-01
1.5755000000e-03	9.7192442294e-01
1.6289000000e-03	1.0014336035e+00
1.6841000000e-03	1.0318597998e+00
1.7412000000e-03	1.0631016491e+00
1.8002000000e-03	1.0951390214e+00
1.8612000000e-03	1.1281044712e+00
1.9243000000e-03	1.1617960065e+00
1.9895000000e-03	1.1964480394e+00
2.0570000000e-03	1.2319419240e+00
2.1267000000e-03	1.2683074519e+00
2.1988000000e-03	1.3057368757e+00
2.2733000000e-03	1.3438748622e+00
2.3504000000e-03	1.3831721467e+00
2.4300000000e-03	1.4231796553e+00
2.5124000000e-03	1.4642984543e+00
2.5976000000e-03	1.5062099495e+00
2.6856000000e-03	1.5492407753e+00
2.7766000000e-03	1.5931886144e+00
2.8707000000e-03	1.6382137454e+00
2.9680000000e-03	1.6839908019e+00
3.0687000000e-03	1.7308526157e+00
3.1727000000e-03	1.7786317701e+00
3.2802000000e-03	1.8275230750e+00
3.3914000000e-03	1.8772608686e+00
3.5063000000e-03	1.9280931765e+00
3.6252000000e-03	1.9797162094e+00
3.7481000000e-03	2.0323831362e+00
3.8751000000e-03	2.0859981995e+00
4.0064000000e-03	2.1405229204e+00
4.1422000000e-03	2.1956342142e+00
4.2826000000e-03	2.2521395353e+00
4.4278000000e-03	2.3092496518e+00
4.5779000000e-03	2.3671195324e+00
4.7331000000e-03	2.4257112482e+00
4.8935000000e-03	2.4850812898e+00
5.0593000000e-03	2.5452312697e+00
5.2308000000e-03	2.6059705914e+00
5.4081000000e-03	2.6676407232e+00
5.5914000000e-03	2.7295236436e+00
5.7810000000e-03	2.7918867552e+00
5.9769000000e-03	2.8548571046e+00
6.1795000000e-03	2.9178728571e+00
6.3890000000e-03	2.9812093081e+00
6.6055000000e-03	3.0447689043e+00
6.8294000000e-03	3.1084424202e+00
7.0609000000e-03	3.1721820778e+00
7.3002000000e-03	3.2359687219e+00
7.5477000000e-03	3.2990415411e+00
7.8035000000e-03	3.3616544007e+00
8.0680000000e-03	3.4241052343e+00
8.3415000000e-03	3.4857938027e+00
8.6242000000e-03	3.5466426283e+00
8.9165000000e-03	3.6063966208e+00
9.2187000000e-03	3.6651334778e+00
9.5312000000e-03	3.7220801871e+00
9.8543000000e-03	3.7781930572e+00
1.0188000000e-02	3.8317993664e+00
1.0534000000e-02	3.8843122522e+00
1.0891000000e-02	3.9338346341e+00
1.1260000000e-02	3.9819740824e+00
1.1641000000e-02	4.0267525231e+00
1.2036000000e-02	4.0693865230e+00
1.2444000000e-02	4.1085938513e+00
1.2866000000e-02	4.1449627705e+00
1.3302000000e-02	4.1776444541e+00
1.3753000000e-02	4.2067998767e+00
1.4219000000e-02	4.2323434794e+00
1.4701000000e-02	4.2539464052e+00
1.5199000000e-02	4.2712886035e+00
1.5714000000e-02	4.2844992494e+00
1.6247000000e-02	4.2927125995e+00
1.6798000000e-02	4.2963629157e+00
1.7367000000e-02	4.2950064319e+00
1.7956000000e-02	4.2888762973e+00
1.8564000000e-02	4.2770470721e+00
1.9194000000e-02	4.2595665947e+00
1.9844000000e-02	4.2370639511e+00
2.0517000000e-02	4.2087000953e+00
2.1212000000e-02	4.1742765144e+00
2.1931000000e-02	4.1350279514e+00
2.2674000000e-02	4.0892317139e+00
2.3443000000e-02	4.0378111360e+00
2.4238000000e-02	3.9809641869e+00
2.5059000000e-02	3.9188894334e+00
2.5909000000e-02	3.8519911308e+00
2.6787000000e-02	3.7800179949e+00
2.7695000000e-02	3.7033400959e+00
2.8633000000e-02	3.6228606412e+00
2.9604000000e-02	3.5388001520e+00
3.0607000000e-02	3.4513684368e+00
3.1645000000e-02	3.3615760073e+00
3.2717000000e-02	3.2699196864e+00
3.3826000000e-02	3.1766779279e+00
3.4973000000e-02	3.0830899351e+00
3.6158000000e-02	2.9895900897e+00
3.7384000000e-02	2.8969377616e+00
3.8651000000e-02	2.8057307639e+00
3.9961000000e-02	2.7168179009e+00
4.1316000000e-02	2.6306774105e+00
4.2716000000e-02	2.5479807760e+00
4.4164000000e-02	2.4691092064e+00
4.5661000000e-02	2.3945771217e+00
4.7208000000e-02	2.3246088355e+00
4.8809000000e-02	2.2592912077e+00
5.0463000000e-02	2.1988004771e+00
5.2173000000e-02	2.1426242422e+00
5.3942000000e-02	2.0903966236e+00
5.5770000000e-02	2.0417933791e+00
5.7660000000e-02	1.9960130318e+00
5.9615000000e-02	1.9519155419e+00
6.1635000000e-02	1.9086358877e+00
6.3725000000e-02	1.8650275073e+00
6.5885000000e-02	1.8198272943e+00
6.8118000000e-02	1.7717886659e+00
7.0427000000e-02	1.7199096770e+00
7.2814000000e-02	1.6634440907e+00
7.5282000000e-02	1.6019746645e+00
7.7833000000e-02	1.5354768796e+00
8.0472000000e-02	1.4645327340e+00
8.3199000000e-02	1.3900443819e+00
8.6019000000e-02	1.3136175525e+00
8.8935000000e-02	1.2371517002e+00
9.1949000000e-02	1.1626466656e+00
9.5066000000e-02	1.0922229343e+00
9.8288000000e-02	1.0276646094e+00
1.0162000000e-01	9.7037889283e-01
1.0506000000e-01	9.2106954549e-01
1.0863000000e-01	8.7991413574e-01
1.1231000000e-01	8.4609523584e-01
1.1611000000e-01	8.1805049013e-01
1.2005000000e-01	7.9363381751e-01
1.2412000000e-01	7.7025535852e-01
1.2833000000e-01	7.4529683359e-01
1.3268000000e-01	7.1655590965e-01
1.3717000000e-01	6.8285562084e-01
1.4182000000e-01	6.4420750529e-01
1.4663000000e-01	6.0217041436e-01
1.5160000000e-01	5.5928302495e-01
1.5674000000e-01	5.1842806119e-01
1.6205000000e-01	4.8235295286e-01
1.6754000000e-01	4.5257678592e-01
1.7322000000e-01	4.2940930813e-01
1.7909000000e-01	4.1141564522e-01
1.8516000000e-01	3.9629746966e-01
1.9144000000e-01	3.8108660926e-01
1.9793000000e-01	3.6335379238e-01
2.0464000000e-01	3.4224681693e-01
2.1157000000e-01	3.1860711763e-01
2.1874000000e-01	2.9476271387e-01
2.2616000000e-01	2.7321222624e-01
2.3382000000e-01	2.5566552533e-01
2.4175000000e-01	2.4204062633e-01
2.4994000000e-01	2.3079333340e-01
2.5842000000e-01	2.1968524779e-01
2.6718000000e-01	2.0715707555e-01
2.7623000000e-01	1.9315254845e-01
2.8559000000e-01	1.7906806397e-01
2.9527000000e-01	1.6653725993e-01
3.0528000000e-01	1.5629458553e-01
3.1563000000e-01	1.4767120575e-01
3.2633000000e-01	1.3934500408e-01
3.3739000000e-01	1.3047631782e-01
3.4883000000e-01	1.2134961035e-01
3.6065000000e-01	1.1289137854e-01
3.7287000000e-01	1.0562483458e-01
3.8551000000e-01	9.9193998241e-02
3.9858000000e-01	9.2915209833e-02
4.1209000000e-01	8.6586825890e-02
4.2606000000e-01	8.0583915911e-02
4.4050000000e-01	7.5217774245e-02
4.5543000000e-01	7.0331443175e-02
4.7087000000e-01	6.5622706533e-02
4.8683000000e-01	6.1083347311e-02
5.0333000000e-01	5.6892180198e-02
5.2039000000e-01	5.3051831758e-02
5.3802000000e-01	4.9420988094e-02
5.5626000000e-01	4.5981661548e-02
5.7512000000e-01	4.2790691758e-02
5.9461000000e-01	3.9826114107e-02
6.1476000000e-01	3.7038351740e-02
6.3560000000e-01	3.4430020704e-02
6.5715000000e-01	3.2010436452e-02
6.7942000000e-01	2.9745374046e-02
7.0245000000e-01	2.7629491578e-02
7.2626000000e-01	2.5660928525e-02
7.5087000000e-01	2.3824664558e-02
7.7633000000e-01	2.2112984186e-02
8.0264000000e-01	2.0518195361e-02
8.2984000000e-01	1.9034597248e-02
8.5797000000e-01	1.7654413508e-02
8.8705000000e-01	1.6369410423e-02
9.1712000000e-01	1.5172746220e-02
9.4821000000e-01	1.4061040427e-02
9.8035000000e-01	1.3026590628e-02
1.0136000000e+00	1.2065859394e-02
1.0479000000e+00	1.1173701412e-02
1.0834000000e+00	1.0344760013e-02
1.1202000000e+00	9.5750198035e-03
1.1581000000e+00	8.8604546417e-03
1.1974000000e+00	8.1972721133e-03
1.2380000000e+00	7.5822014554e-03
1.2799000000e+00	7.0117660436e-03
1.3233000000e+00	6.4828204765e-03
1.3682000000e+00	5.9924162809e-03
1.4146000000e+00	5.5379164843e-03
1.4625000000e+00	5.1170099840e-03
1.5121000000e+00	4.7269124230e-03
1.5633000000e+00	4.3657352613e-03
1.6163000000e+00	4.0314037436e-03
1.6711000000e+00	3.7220800404e-03
1.7277000000e+00	3.4356390434e-03
1.7863000000e+00	3.1706871011e-03
1.8469000000e+00	2.9255404235e-03
1.9095000000e+00	2.6990125540e-03
1.9742000000e+00	2.4895416447e-03
2.0411000000e+00	2.2958815782e-03
2.1103000000e+00	2.1169011839e-03
2.1818000000e+00	1.9515159753e-03
2.2558000000e+00	1.7988897614e-03
2.3322000000e+00	1.6577622680e-03
2.4113000000e+00	1.5275048750e-03
2.4930000000e+00	1.4071958315e-03
2.5775000000e+00	1.2962234371e-03
2.6649000000e+00	1.1937762297e-03
2.7552000000e+00	1.0992615186e-03
2.8486000000e+00	1.0120812406e-03
2.9451000000e+00	9.3166626176e-04
3.0449000000e+00	8.5758279032e-04
3.1482000000e+00	7.8912916246e-04
3.2549000000e+00	7.2617310745e-04
3.3652000000e+00	6.6811494167e-04
3.4792000000e+00	6.1454066585e-04
3.5972000000e+00	5.6522499925e-04
3.7191000000e+00	5.1982531011e-04
3.8452000000e+00	4.7795180643e-04
3.9755000000e+00	4.3940733193e-04
4.1102000000e+00	4.0394387051e-04
4.2496000000e+00	3.7127368553e-04
4.3936000000e+00	3.4120188593e-04
4.5425000000e+00	3.1353068586e-04
4.6965000000e+00	2.8806267995e-04
4.8557000000e+00	2.6463189959e-04
5.0203000000e+00	2.4308077364e-04
5.1904000000e+00	2.2325859117e-04
5.3664000000e+00	2.0503689771e-04
5.5483000000e+00	1.8825963640e-04
5.7363000000e+00	1.7284777773e-04
5.9307000000e+00	1.5867370843e-04
6.1318000000e+00	1.4565027507e-04
6.3396000000e+00	1.3368065379e-04
6.5545000000e+00	1.2267867839e-04
6.7767000000e+00	1.1256771638e-04
7.0063000000e+00	1.0328527249e-04
7.2438000000e+00	9.4752565772e-05
7.4894000000e+00	8.6915750997e-05
7.7432000000e+00	7.9723261934e-05
8.0057000000e+00	7.3114223672e-05
8.2770000000e+00	6.7046638310e-05
8.5576000000e+00	6.1478249325e-05
8.8476000000e+00	5.6367194073e-05
9.1475000000e+00	5.1673263826e-05
9.4576000000e+00	4.7368357982e-05
9.7781000000e+00	4.3417130166e-05
1.0110000000e+01	3.9793670880e-05
1.0452000000e+01	3.6465383543e-05
1.0807000000e+01	3.3415605315e-05
1.1173000000e+01	3.0614039229e-05
1.1552000000e+01	2.8048249978e-05
1.1943000000e+01	2.5694225648e-05
1.2348000000e+01	2.3534208130e-05
1.2766000000e+01	2.1555970971e-05
1.3199000000e+01	1.9744690629e-05
1.3647000000e+01	1.8077666764e-05
1.4109000000e+01	1.6554468909e-05
1.4587000000e+01	1.5157991880e-05
1.5082000000e+01	1.3877504870e-05
1.5593000000e+01	1.2704209719e-05
1.6121000000e+01	1.1629097638e-05
1.6668000000e+01	1.0644162895e-05
1.7233000000e+01	9.7419705560e-06
1.7817000000e+01	8.9155259702e-06
1.8421000000e+01	8.1583428856e-06
1.9045000000e+01	7.4649854078e-06
1.9691000000e+01	6.8301575944e-06
2.0358000000e+01	6.2487944231e-06
2.1048000000e+01	5.7164134147e-06
2.1762000000e+01	5.2290053514e-06
2.2499000000e+01	4.7829175000e-06
2.3262000000e+01	4.3744418000e-06
2.4050000000e+01	4.0006397728e-06
2.4866000000e+01	3.6584346402e-06
2.5708000000e+01	3.3453932486e-06
2.6580000000e+01	3.0588267288e-06
2.7481000000e+01	2.7966916876e-06
2.8412000000e+01	2.5566584632e-06
2.9375000000e+01	2.3371560711e-06
3.0371000000e+01	2.1363713994e-06
3.1400000000e+01	1.9526743594e-06
3.2465000000e+01	1.7847423463e-06
3.3565000000e+01	1.6309998325e-06
3.4703000000e+01	1.4905145139e-06
3.5879000000e+01	1.3619618700e-06
3.7095000000e+01	1.2444992000e-06
3.8352000000e+01	1.1369687344e-06
3.9652000000e+01	1.0387607631e-06
4.0996000000e+01	9.4896191084e-07
4.2386000000e+01	8.6681404065e-07
4.3823000000e+01	7.9168613558e-07
4.5308000000e+01	7.2313125981e-07
4.6844000000e+01	6.6037387477e-07
4.8432000000e+01	6.0307226067e-07
5.0073000000e+01	5.5065736577e-07
