1.279999999999999858e+02 -1.000000000000000000e+00 8.330290801641788789e+01
1.273798257220292811e+02 -1.000000000000000000e+00 8.269101329155442670e+01
1.267626562576138269e+02 -1.000000000000000000e+00 8.208364663347863655e+01
1.261484770480965238e+02 -1.000000000000000000e+00 8.148077415485278152e+01
1.255372736053590899e+02 -1.000000000000000000e+00 8.088236220143801347e+01
1.249290315114792804e+02 -1.000000000000000000e+00 8.028837740144459190e+01
1.243237364183916895e+02 -1.000000000000000000e+00 7.969878660291503536e+01
1.237213740475488777e+02 -1.000000000000000000e+00 7.911355693792320665e+01
1.231219301895841625e+02 -1.000000000000000000e+00 7.853265577870253367e+01
1.225253907039773793e+02 -1.000000000000000000e+00 7.795605074414297064e+01
1.219317415187202016e+02 -1.000000000000000000e+00 7.738370968533645566e+01
1.213409686299851700e+02 -1.000000000000000000e+00 7.681560072983651821e+01
1.207530581017949203e+02 -1.000000000000000000e+00 7.625169222560222693e+01
1.201679960656930888e+02 -1.000000000000000000e+00 7.569195275708406712e+01
1.195857687204179882e+02 -1.000000000000000000e+00 7.513635117353319970e+01
1.190063623315761276e+02 -1.000000000000000000e+00 7.458485653284347450e+01
1.184297632313190576e+02 -1.000000000000000000e+00 7.403743814005827062e+01
1.178559578180205420e+02 -1.000000000000000000e+00 7.349406553245866291e+01
1.172849325559554075e+02 -1.000000000000000000e+00 7.295470848126410601e+01
1.167166739749810489e+02 -1.000000000000000000e+00 7.241933699872261343e+01
1.161511686702187234e+02 -1.000000000000000000e+00 7.188792128677269488e+01
1.155884033017383246e+02 -1.000000000000000000e+00 7.136043181655473688e+01
1.150283645942426745e+02 -1.000000000000000000e+00 7.083683926217551630e+01
1.144710393367552825e+02 -1.000000000000000000e+00 7.031711451339981522e+01
1.139164143823083037e+02 -1.000000000000000000e+00 6.980122871259482054e+01
1.133644766476320456e+02 -1.000000000000000000e+00 6.928915317840568378e+01
1.128152131128472178e+02 -1.000000000000000000e+00 6.878085948770947766e+01
1.122686108211568126e+02 -1.000000000000000000e+00 6.827631939957524310e+01
1.117246568785413103e+02 -1.000000000000000000e+00 6.777550490612310341e+01
1.111833384534541125e+02 -1.000000000000000000e+00 6.727838821511237200e+01
1.106446427765186229e+02 -1.000000000000000000e+00 6.678494172069977708e+01
1.101085571402276742e+02 -1.000000000000000000e+00 6.629513806438711754e+01
1.095750688986430106e+02 -1.000000000000000000e+00 6.580895005846795698e+01
1.090441654670976419e+02 -1.000000000000000000e+00 6.532635074214455528e+01
1.085158343218987227e+02 -1.000000000000000000e+00 6.484731335993052426e+01
1.079900630000317534e+02 -1.000000000000000000e+00 6.437181133883468931e+01
1.074668390988673679e+02 -1.000000000000000000e+00 6.389981832883160706e+01
1.069461502758678790e+02 -1.000000000000000000e+00 6.343130816942576189e+01
1.064279842482969087e+02 -1.000000000000000000e+00 6.296625490593804386e+01
1.059123287929293156e+02 -1.000000000000000000e+00 6.250463277426415232e+01
1.053991717457625157e+02 -1.000000000000000000e+00 6.204641619025568389e+01
1.048885010017302761e+02 -1.000000000000000000e+00 6.159157980154108714e+01
1.043803045144163946e+02 -1.000000000000000000e+00 6.114009841287874281e+01
1.038745702957711501e+02 -1.000000000000000000e+00 6.069194702014276999e+01
1.033712864158283082e+02 -1.000000000000000000e+00 6.024710084109818808e+01
1.028704410024233056e+02 -1.000000000000000000e+00 5.980553525736035425e+01
1.023720222409139922e+02 -1.000000000000000000e+00 5.936722582468433984e+01
1.018760183739010188e+02 -1.000000000000000000e+00 5.893214830939198379e+01
1.013824177009512937e+02 -1.000000000000000000e+00 5.850027863963828878e+01
1.008912085783216099e+02 -1.000000000000000000e+00 5.807159294505678560e+01
1.004023794186836938e+02 -1.000000000000000000e+00 5.764606752211341245e+01
9.991591869085152666e+01 -1.000000000000000000e+00 5.722367885061767367e+01
9.943181491950878126e+01 -1.000000000000000000e+00 5.680440358763534903e+01
9.895005668493833184e+01 -1.000000000000000000e+00 5.638821856561849444e+01
9.847063262275290185e+01 -1.000000000000000000e+00 5.597510079531000571e+01
9.799353142362684821e+01 -1.000000000000000000e+00 5.556502745490396933e+01
9.751874183302963672e+01 -1.000000000000000000e+00 5.515797590301046682e+01
9.704625265096007070e+01 -1.000000000000000000e+00 5.475392365966742148e+01
9.657605273168221061e+01 -1.000000000000000000e+00 5.435284842361021163e+01
9.610813098346248751e+01 -1.000000000000000000e+00 5.395472805561738028e+01
9.564247636830792487e+01 -1.000000000000000000e+00 5.355954058533594520e+01
9.517907790170605153e+01 -1.000000000000000000e+00 5.316726420870701020e+01
9.471792465236541148e+01 -1.000000000000000000e+00 5.277787728687571445e+01
9.425900574195792103e+01 -1.000000000000000000e+00 5.239135834324823549e+01
9.380231034486222086e+01 -1.000000000000000000e+00 5.200768605958604240e+01
9.334782768790823582e+01 -1.000000000000000000e+00 5.162683928499792785e+01
9.289554705012326963e+01 -1.000000000000000000e+00 5.124879702398362724e+01
9.244545776247875324e+01 -1.000000000000000000e+00 5.087353844069765785e+01
9.199754920763882637e+01 -1.000000000000000000e+00 5.050104285193920362e+01
9.155181081970978596e+01 -1.000000000000000000e+00 5.013128973707329550e+01
9.110823208399084194e+01 -1.000000000000000000e+00 4.976425872536557193e+01
9.066680253672622314e+01 -1.000000000000000000e+00 4.939992960126715360e+01
9.022751176485809310e+01 -1.000000000000000000e+00 4.903828230137600741e+01
8.979034940578107182e+01 -1.000000000000000000e+00 4.867929691176097151e+01
8.935530514709778060e+01 -1.000000000000000000e+00 4.832295367172187639e+01
8.892236872637548117e+01 -1.000000000000000000e+00 4.796923296597840647e+01
8.849152993090423536e+01 -1.000000000000000000e+00 4.761811532678781589e+01
8.806277859745567582e+01 -1.000000000000000000e+00 4.726958143469876461e+01
8.763610461204343949e+01 -1.000000000000000000e+00 4.692361211645312835e+01
8.721149790968458149e+01 -1.000000000000000000e+00 4.658018833855149410e+01
8.678894847416205494e+01 -1.000000000000000000e+00 4.623929121654865071e+01
8.636844633778865443e+01 -1.000000000000000000e+00 4.590090200281542820e+01
8.594998158117159903e+01 -1.000000000000000000e+00 4.556500209416758906e+01
8.553354433297867843e+01 -1.000000000000000000e+00 4.523157302535610569e+01
8.511912476970543651e+01 -1.000000000000000000e+00 4.490059646991458919e+01
8.470671311544336390e+01 -1.000000000000000000e+00 4.457205424065170263e+01
8.429629964164928424e+01 -1.000000000000000000e+00 4.424592828479664774e+01
8.388787466691601935e+01 -1.000000000000000000e+00 4.392220068650075859e+01
8.348142855674379348e+01 -1.000000000000000000e+00 4.360085366397704831e+01
8.307695172331303013e+01 -1.000000000000000000e+00 4.328186957039611826e+01
8.267443462525828579e+01 -1.000000000000000000e+00 4.296523088975541782e+01
8.227386776744300789e+01 -1.000000000000000000e+00 4.265092023766104035e+01
8.187524170073577068e+01 -1.000000000000000000e+00 4.233892036098774270e+01
8.147854702178712216e+01 -1.000000000000000000e+00 4.202921413565511699e+01
8.108377437280795164e+01 -1.000000000000000000e+00 4.172178456552246217e+01
8.069091444134865299e+01 -1.000000000000000000e+00 4.141661478385291417e+01
8.029995796007943909e+01 -1.000000000000000000e+00 4.111368804782274111e+01
7.991089570657189256e+01 -1.000000000000000000e+00 4.081298774146100072e+01
7.952371850308118439e+01 -1.000000000000000000e+00 4.051449737618199265e+01
7.913841721632969950e+01 -1.000000000000000000e+00 4.021820058085055649e+01
7.875498275729160014e+01 -1.000000000000000000e+00 3.992408111216397515e+01
7.837340608097832728e+01 -1.000000000000000000e+00 3.963212284774464678e+01
7.799367818622543780e+01 -1.000000000000000000e+00 3.934230978375415333e+01
7.761579011547998164e+01 -1.000000000000000000e+00 3.905462603767884389e+01
7.723973295458944222e+01 -1.000000000000000000e+00 3.876905584595767351e+01
7.686549783259134472e+01 -1.000000000000000000e+00 3.848558356536286595e+01
7.649307592150394441e+01 -1.000000000000000000e+00 3.820419366679031725e+01
7.612245843611822238e+01 -1.000000000000000000e+00 3.792487073889506632e+01
7.575363663379033596e+01 -1.000000000000000000e+00 3.764759948342486240e+01
7.538660181423556139e+01 -1.000000000000000000e+00 3.737236472107215945e+01
7.502134531932301797e+01 -1.000000000000000000e+00 3.709915138083862729e+01
7.465785853287144391e+01 -1.000000000000000000e+00 3.682794450885954518e+01
7.429613288044599528e+01 -1.000000000000000000e+00 3.655872926301849901e+01
7.393615982915582663e+01 -1.000000000000000000e+00 3.629149090907090169e+01
7.357793088745293630e+01 -1.000000000000000000e+00 3.602621482570854994e+01
7.322143760493185027e+01 -1.000000000000000000e+00 3.576288649994977931e+01
7.286667157213015855e+01 -1.000000000000000000e+00 3.550149152696157273e+01
7.251362442033038747e+01 -1.000000000000000000e+00 3.524201561218311696e+01
7.216228782136232667e+01 -1.000000000000000000e+00 3.498444456444472905e+01
7.181265348740667775e+01 -1.000000000000000000e+00 3.472876430029738515e+01
7.146471317079956975e+01 -1.000000000000000000e+00 3.447496084313774389e+01
7.111845866383796988e+01 -1.000000000000000000e+00 3.422302031779284448e+01
7.077388179858617434e+01 -1.000000000000000000e+00 3.397292895641682264e+01
7.043097444668291018e+01 -1.000000000000000000e+00 3.372467308932325381e+01
7.008972851914977298e+01 -1.000000000000000000e+00 3.347823915383950322e+01
6.975013596620038925e+01 -1.000000000000000000e+00 3.323361368671150728e+01
6.941218877705044576e+01 -1.000000000000000000e+00 3.299078332242430633e+01
6.907587897972877045e+01 -1.000000000000000000e+00 3.274973479980608460e+01
6.874119864088939380e+01 -1.000000000000000000e+00 3.251045495514499351e+01
6.840813986562415039e+01 -1.000000000000000000e+00 3.227293072062814616e+01
6.807669479727667294e+01 -1.000000000000000000e+00 3.203714913154009736e+01
6.774685561725691230e+01 -1.000000000000000000e+00 3.180309731361514025e+01
6.741861454485676575e+01 -1.000000000000000000e+00 3.157076249392871858e+01
6.709196383706662914e+01 -1.000000000000000000e+00 3.134013198959928559e+01
6.676689578839253159e+01 -1.000000000000000000e+00 3.111119321818690153e+01
6.644340273067449232e+01 -1.000000000000000000e+00 3.088393368783159687e+01
6.612147703290567335e+01 -1.000000000000000000e+00 3.065834099844152050e+01
6.580111110105224270e+01 -1.000000000000000000e+00 3.043440284630517212e+01
6.548229737787443128e+01 -1.000000000000000000e+00 3.021210701782310792e+01
6.516502834274800193e+01 -1.000000000000000000e+00 2.999144138937739967e+01
6.484929651148705432e+01 -1.000000000000000000e+00 2.977239393018865243e+01
6.453509443616741237e+01 -1.000000000000000000e+00 2.955495269414570458e+01
6.422241470495083604e+01 -1.000000000000000000e+00 2.933910583130942484e+01
6.391124994191040543e+01 -1.000000000000000000e+00 2.912484157456532685e+01
6.360159280685630279e+01 -1.000000000000000000e+00 2.891214824766273495e+01
6.329343599516274566e+01 -1.000000000000000000e+00 2.870101425981298959e+01
6.298677223759570154e+01 -1.000000000000000000e+00 2.849142810569452067e+01
6.268159430014135580e+01 -1.000000000000000000e+00 2.828337837024561807e+01
6.237789498383558140e+01 -1.000000000000000000e+00 2.807685371630637761e+01
6.207566712459394864e+01 -1.000000000000000000e+00 2.787184289674016924e+01
6.177490359304285050e+01 -1.000000000000000000e+00 2.766833474779018687e+01
6.147559729435127451e+01 -1.000000000000000000e+00 2.746631818531171731e+01
6.117774116806344153e+01 -1.000000000000000000e+00 2.726578221198301222e+01
6.088132818793236112e+01 -1.000000000000000000e+00 2.706671590890991297e+01
6.058635136175388425e+01 -1.000000000000000000e+00 2.686910844013404187e+01
6.029280373120192138e+01 -1.000000000000000000e+00 2.667294905088120061e+01
6.000067837166422891e+01 -1.000000000000000000e+00 2.647822706544837956e+01
5.970996839207907669e+01 -1.000000000000000000e+00 2.628493188960481319e+01
5.942066693477276829e+01 -1.000000000000000000e+00 2.609305300283473983e+01
5.913276717529771531e+01 -1.000000000000000000e+00 2.590257996885367930e+01
5.884626232227157061e+01 -1.000000000000000000e+00 2.571350242704489375e+01
5.856114561721699374e+01 -1.000000000000000000e+00 2.552581008969508503e+01
5.827741033440219098e+01 -1.000000000000000000e+00 2.533949275399544376e+01
5.799504978068237193e+01 -1.000000000000000000e+00 2.515454028486708893e+01
5.771405729534169637e+01 -1.000000000000000000e+00 2.497094262708892742e+01
5.743442624993626566e+01 -1.000000000000000000e+00 2.478868979995856492e+01
5.715615004813773226e+01 -1.000000000000000000e+00 2.460777189561193268e+01
5.687922212557765533e+01 -1.000000000000000000e+00 2.442817907883125983e+01
5.660363594969279433e+01 -1.000000000000000000e+00 2.424990159233907505e+01
5.632938501957081456e+01 -1.000000000000000000e+00 2.407292974599239344e+01
5.605646286579704451e+01 -1.000000000000000000e+00 2.389725392524282199e+01
5.578486305030185832e+01 -1.000000000000000000e+00 2.372286458377590890e+01
5.551457916620879018e+01 -1.000000000000000000e+00 2.354975224938745626e+01
5.524560483768338770e+01 -1.000000000000000000e+00 2.337790751770867104e+01
5.497793371978290367e+01 -1.000000000000000000e+00 2.320732105807094214e+01
5.471155949830646392e+01 -1.000000000000000000e+00 2.303798360317989591e+01
5.444647588964622997e+01 -1.000000000000000000e+00 2.286988595947770975e+01
5.418267664063914424e+01 -1.000000000000000000e+00 2.270301900126484185e+01
5.392015552841938586e+01 -1.000000000000000000e+00 2.253737366892133664e+01
5.365890636027170757e+01 -1.000000000000000000e+00 2.237294096733518955e+01
5.339892297348517758e+01 -1.000000000000000000e+00 2.220971197642402117e+01
5.314019923520790201e+01 -1.000000000000000000e+00 2.204767783445856466e+01
5.288272904230234417e+01 -1.000000000000000000e+00 2.188682974795007397e+01
5.262650632120132599e+01 -1.000000000000000000e+00 2.172715899117023497e+01
5.237152502776485363e+01 -1.000000000000000000e+00 2.156865689985418655e+01
5.211777914713739079e+01 -1.000000000000000000e+00 2.141131487620459595e+01
5.186526269360606278e+01 -1.000000000000000000e+00 2.125512438483156785e+01
5.161396971045946458e+01 -1.000000000000000000e+00 2.110007695401483119e+01
5.136389426984707285e+01 -1.000000000000000000e+00 2.094616417453297430e+01
5.111503047263954613e+01 -1.000000000000000000e+00 2.079337770127179041e+01
5.086737244828941584e+01 -1.000000000000000000e+00 2.064170924943097418e+01
5.062091435469268674e+01 -1.000000000000000000e+00 2.049115059384258331e+01
5.037565037805099877e+01 -1.000000000000000000e+00 2.034169357615047602e+01
5.013157473273449938e+01 -1.000000000000000000e+00 2.019333009386886246e+01
4.988868166114539804e+01 -1.000000000000000000e+00 2.004605210307323304e+01
4.964696543358204650e+01 -1.000000000000000000e+00 1.989985162512096650e+01
4.940642034810388594e+01 -1.000000000000000000e+00 1.975472073588357347e+01
4.916704073039685596e+01 -1.000000000000000000e+00 1.961065157038809659e+01
4.892882093363958518e+01 -1.000000000000000000e+00 1.946763632515729370e+01
4.869175533837024972e+01 -1.000000000000000000e+00 1.932566725096799232e+01
4.845583835235387227e+01 -1.000000000000000000e+00 1.918473665842034848e+01
4.822106441045048086e+01 -1.000000000000000000e+00 1.904483691370127474e+01
4.798742797448386455e+01 -1.000000000000000000e+00 1.890596044058612080e+01
4.775492353311084059e+01 -1.000000000000000000e+00 1.876809971648362918e+01
4.752354560169138864e+01 -1.000000000000000000e+00 1.863124727892239463e+01
4.729328872215909030e+01 -1.000000000000000000e+00 1.849539571651177283e+01
4.706414746289251383e+01 -1.000000000000000000e+00 1.836053767456376207e+01
4.683611641858701802e+01 -1.000000000000000000e+00 1.822666585348949297e+01
4.660919021012725949e+01 -1.000000000000000000e+00 1.809377300604467109e+01
4.638336348446036794e+01 -1.000000000000000000e+00 1.796185194205997604e+01
4.615863091446954058e+01 -1.000000000000000000e+00 1.783089551818405738e+01
4.593498719884848924e+01 -1.000000000000000000e+00 1.770089665065841800e+01
4.571242706197632799e+01 -1.000000000000000000e+00 1.757184830446391643e+01
4.549094525379315002e+01 -1.000000000000000000e+00 1.744374349838811256e+01
4.527053654967615159e+01 -1.000000000000000000e+00 1.731657530130614830e+01
4.505119575031646662e+01 -1.000000000000000000e+00 1.719033683451049654e+01
4.483291768159641322e+01 -1.000000000000000000e+00 1.706502126991811963e+01
4.461569719446750071e+01 -1.000000000000000000e+00 1.694062182862593957e+01
4.439952916482894096e+01 -1.000000000000000000e+00 1.681713178497714622e+01
4.418440849340677090e+01 -1.000000000000000000e+00 1.669454446142583137e+01
4.397033010563365707e+01 -1.000000000000000000e+00 1.657285322665794070e+01
4.375728895152903419e+01 -1.000000000000000000e+00 1.645205150421121587e+01
4.354528000558006795e+01 -1.000000000000000000e+00 1.633213276394216606e+01
4.333429826662311513e+01 -1.000000000000000000e+00 1.621309052068339795e+01
4.312433875772568825e+01 -1.000000000000000000e+00 1.609491834163703672e+01
4.291539652606917343e+01 -1.000000000000000000e+00 1.597760984033734388e+01
4.270746664283183947e+01 -1.000000000000000000e+00 1.586115867751799513e+01
4.250054420307267122e+01 -1.000000000000000000e+00 1.574555855824955763e+01
4.229462432561563645e+01 -1.000000000000000000e+00 1.563080323859230347e+01
4.208970215293453521e+01 -1.000000000000000000e+00 1.551688651638160721e+01
4.188577285103847458e+01 -1.000000000000000000e+00 1.540380223882730526e+01
4.168283160935773424e+01 -1.000000000000000000e+00 1.529154429870534670e+01
4.148087364063034244e+01 -1.000000000000000000e+00 1.518010662815473921e+01
4.127989418078917794e+01 -1.000000000000000000e+00 1.506948321182454187e+01
4.107988848884950528e+01 -1.000000000000000000e+00 1.495966807305190116e+01
4.088085184679726325e+01 -1.000000000000000000e+00 1.485065528406833835e+01
4.068277955947763758e+01 -1.000000000000000000e+00 1.474243895712662678e+01
4.048566695448437258e+01 -1.000000000000000000e+00 1.463501324906994938e+01
4.028950938204954468e+01 -1.000000000000000000e+00 1.452837236032544155e+01
4.009430221493386881e+01 -1.000000000000000000e+00 1.442251053399407645e+01
3.990004084831759457e+01 -1.000000000000000000e+00 1.431742205614195385e+01
3.970672069969177898e+01 -1.000000000000000000e+00 1.421310125341617514e+01
3.951433720875026268e+01 -1.000000000000000000e+00 1.410954249658231952e+01
3.932288583728210085e+01 -1.000000000000000000e+00 1.400674019671864201e+01
3.913236206906443471e+01 -1.000000000000000000e+00 1.390468880555689779e+01
3.894276140975609479e+01 -1.000000000000000000e+00 1.380338281688492508e+01
3.875407938679141751e+01 -1.000000000000000000e+00 1.370281676511298485e+01
3.856631154927485028e+01 -1.000000000000000000e+00 1.360298522462374393e+01
3.837945346787592626e+01 -1.000000000000000000e+00 1.350388280933734286e+01
3.819350073472475060e+01 -1.000000000000000000e+00 1.340550417373533421e+01
3.800844896330811196e+01 -1.000000000000000000e+00 1.330784401210290291e+01
3.782429378836589962e+01 -1.000000000000000000e+00 1.321089705631202982e+01
3.764103086578816715e+01 -1.000000000000000000e+00 1.311465807794873051e+01
3.745865587251269346e+01 -1.000000000000000000e+00 1.301912188795431291e+01
3.727716450642295598e+01 -1.000000000000000000e+00 1.292428333514638972e+01
3.709655248624665802e+01 -1.000000000000000000e+00 1.283013730490469229e+01
3.691681555145479621e+01 -1.000000000000000000e+00 1.273667872232603315e+01
3.673794946216105473e+01 -1.000000000000000000e+00 1.264390254844174244e+01
3.655994999902185327e+01 -1.000000000000000000e+00 1.255180378254862106e+01
3.638281296313680713e+01 -1.000000000000000000e+00 1.246037746036911997e+01
3.620653417594964196e+01 -1.000000000000000000e+00 1.236961865385473480e+01
3.603110947914972684e+01 -1.000000000000000000e+00 1.227952247216644821e+01
3.585653473457384877e+01 -1.000000000000000000e+00 1.219008405933445260e+01
3.568280582410866231e+01 -1.000000000000000000e+00 1.210129859677195086e+01
3.550991864959355837e+01 -1.000000000000000000e+00 1.201316129949479894e+01
3.533786913272394514e+01 -1.000000000000000000e+00 1.192566741956145471e+01
3.516665321495513297e+01 -1.000000000000000000e+00 1.183881224311162406e+01
3.499626685740646792e+01 -1.000000000000000000e+00 1.175259109110120725e+01
3.482670604076615462e+01 -1.000000000000000000e+00 1.166699931853896466e+01
3.465796676519640585e+01 -1.000000000000000000e+00 1.158203231606904993e+01
3.449004505023907541e+01 -1.000000000000000000e+00 1.149768550683650581e+01
3.432293693472183094e+01 -1.000000000000000000e+00 1.141395434792066332e+01
3.415663847666461805e+01 -1.000000000000000000e+00 1.133083433117606376e+01
3.399114575318672848e+01 -1.000000000000000000e+00 1.124832098039160933e+01
3.382645486041425187e+01 -1.000000000000000000e+00 1.116640985229558503e+01
3.366256191338794679e+01 -1.000000000000000000e+00 1.108509653675963946e+01
3.349946304597172286e+01 -1.000000000000000000e+00 1.100437665595618597e+01
3.333715441076125074e+01 -1.000000000000000000e+00 1.092424586495704730e+01
3.317563217899336081e+01 -1.000000000000000000e+00 1.084469985014599303e+01
3.301489254045565502e+01 -1.000000000000000000e+00 1.076573432977608569e+01
3.285493170339660907e+01 -1.000000000000000000e+00 1.068734505332868601e+01
3.269574589443622870e+01 -1.000000000000000000e+00 1.060952780230279835e+01
3.253733135847690505e+01 -1.000000000000000000e+00 1.053227838874002131e+01
3.237968435861490946e+01 -1.000000000000000000e+00 1.045559265533552562e+01
3.222280117605224348e+01 -1.000000000000000000e+00 1.037946647659251553e+01
3.206667811000886559e+01 -1.000000000000000000e+00 1.030389575582518624e+01
3.191131147763549691e+01 -1.000000000000000000e+00 1.022887642713786427e+01
3.175669761392659751e+01 -1.000000000000000000e+00 1.015440445518861345e+01
3.160283287163402832e+01 -1.000000000000000000e+00 1.008047583310817252e+01
3.144971362118095826e+01 -1.000000000000000000e+00 1.000708658471359591e+01
3.129733625057626156e+01 -1.000000000000000000e+00 9.934232761738201134e+00
3.114569716532934152e+01 -1.000000000000000000e+00 9.861910446873491054e+00
3.099479278836527740e+01 -1.000000000000000000e+00 9.790115749576767001e+00
3.084461955994047599e+01 -1.000000000000000000e+00 9.718844808927041612e+00
3.069517393755871737e+01 -1.000000000000000000e+00 9.648093792627422616e+00
3.054645239588755601e+01 -1.000000000000000000e+00 9.577858896663444810e+00
3.039845142667516242e+01 -1.000000000000000000e+00 9.508136343877197305e+00
3.025116753866763020e+01 -1.000000000000000000e+00 9.438922386262101227e+00
3.010459725752652105e+01 -1.000000000000000000e+00 9.370213302315901771e+00
2.995873712574696057e+01 -1.000000000000000000e+00 9.302005398837186689e+00
2.981358370257608215e+01 -1.000000000000000000e+00 9.234295008757962719e+00
2.966913356393182966e+01 -1.000000000000000000e+00 9.167078493102684078e+00
2.952538330232225050e+01 -1.000000000000000000e+00 9.100352238806298288e+00
2.938232952676503018e+01 -1.000000000000000000e+00 9.034112659294452286e+00
2.923996886270755269e+01 -1.000000000000000000e+00 8.968356195089130622e+00
2.909829795194728774e+01 -1.000000000000000000e+00 8.903079312662338651e+00
2.895731345255255818e+01 -1.000000000000000000e+00 8.838278503824698262e+00
2.881701203878375850e+01 -1.000000000000000000e+00 8.773950287214526966e+00
2.867739040101482217e+01 -1.000000000000000000e+00 8.710091206275436093e+00
2.853844524565519691e+01 -1.000000000000000000e+00 8.646697829843072114e+00
2.840017329507215749e+01 -1.000000000000000000e+00 8.583766752719405702e+00
2.826257128751345249e+01 -1.000000000000000000e+00 8.521294593510988946e+00
2.812563597703042362e+01 -1.000000000000000000e+00 8.459277997327209420e+00
2.798936413340136298e+01 -1.000000000000000000e+00 8.397713632420133578e+00
2.785375254205535001e+01 -1.000000000000000000e+00 8.336598191815989267e+00
2.771879800399642590e+01 -1.000000000000000000e+00 8.275928393729738985e+00
2.758449733572810914e+01 -1.000000000000000000e+00 8.215700979579862562e+00
2.745084736917835855e+01 -1.000000000000000000e+00 8.155912715452922512e+00
2.731784495162474258e+01 -1.000000000000000000e+00 8.096560389982204953e+00
2.718548694562015200e+01 -1.000000000000000000e+00 8.037640816846248981e+00
2.705377022891874361e+01 -1.000000000000000000e+00 7.979150832501318291e+00
2.692269169440229604e+01 -1.000000000000000000e+00 7.921087296446859938e+00
2.679224825000696697e+01 -1.000000000000000000e+00 7.863447091047854443e+00
2.666243681865026005e+01 -1.000000000000000000e+00 7.806227122234274063e+00
2.653325433815850687e+01 -1.000000000000000000e+00 7.749424318875666629e+00
2.640469776119460832e+01 -1.000000000000000000e+00 7.693035631130136665e+00
2.627676405518614189e+01 -1.000000000000000000e+00 7.637058032469505875e+00
2.614945020225387751e+01 -1.000000000000000000e+00 7.581488518618274774e+00
2.602275319914049945e+01 -1.000000000000000000e+00 7.526324107076098890e+00
2.589667005713983627e+01 -1.000000000000000000e+00 7.471561837374168569e+00
2.577119780202631460e+01 -1.000000000000000000e+00 7.417198770757669202e+00
2.564633347398481433e+01 -1.000000000000000000e+00 7.363231989993452409e+00
2.552207412754088622e+01 -1.000000000000000000e+00 7.309658599056274575e+00
2.539841683149118978e+01 -1.000000000000000000e+00 7.256475724241103542e+00
2.527535866883441429e+01 -1.000000000000000000e+00 7.203680510973909712e+00
2.515289673670243431e+01 -1.000000000000000000e+00 7.151270127484901984e+00
2.503102814629183825e+01 -1.000000000000000000e+00 7.099241762363396546e+00
2.490975002279582640e+01 -1.000000000000000000e+00 7.047592623793858202e+00
2.478905950533632208e+01 -1.000000000000000000e+00 6.996319941784669538e+00
2.466895374689653053e+01 -1.000000000000000000e+00 6.945420965627900678e+00
2.454942991425377485e+01 -1.000000000000000000e+00 6.894892965928177020e+00
2.443048518791265522e+01 -1.000000000000000000e+00 6.844733231903556536e+00
2.431211676203853145e+01 -1.000000000000000000e+00 6.794939074046059346e+00
2.419432184439137856e+01 -1.000000000000000000e+00 6.745507821955281536e+00
2.407709765625985909e+01 -1.000000000000000000e+00 6.696436824287883560e+00
2.396044143239579682e+01 -1.000000000000000000e+00 6.647723450016022717e+00
2.384435042094897028e+01 -1.000000000000000000e+00 6.599365086993721263e+00
2.372882188340215137e+01 -1.000000000000000000e+00 6.551359142704420435e+00
2.361385309450658099e+01 -1.000000000000000000e+00 6.503703042482539942e+00
2.349944134221759384e+01 -1.000000000000000000e+00 6.456394232627286733e+00
2.338558392763069449e+01 -1.000000000000000000e+00 6.409430175519683637e+00
2.327227816491787848e+01 -1.000000000000000000e+00 6.362808354443903802e+00
2.315952138126427329e+01 -1.000000000000000000e+00 6.316526270108472119e+00
2.304731091680512378e+01 -1.000000000000000000e+00 6.270581440965178999e+00
2.293564412456297674e+01 -1.000000000000000000e+00 6.224971405045817363e+00
2.282451837038530229e+01 -1.000000000000000000e+00 6.179693718067436947e+00
2.271393103288232140e+01 -1.000000000000000000e+00 6.134745952340345809e+00
2.260387950336517804e+01 -1.000000000000000000e+00 6.090125699849552099e+00
2.249436118578443811e+01 -1.000000000000000000e+00 6.045830568718998599e+00
2.238537349666877674e+01 -1.000000000000000000e+00 6.001858185687587444e+00
2.227691386506408833e+01 -1.000000000000000000e+00 5.958206194652658994e+00
2.216897973247283815e+01 -1.000000000000000000e+00 5.914872256458493460e+00
2.206156855279366980e+01 -1.000000000000000000e+00 5.871854048723537112e+00
2.195467779226141403e+01 -1.000000000000000000e+00 5.829149267417872871e+00
2.184830492938724333e+01 -1.000000000000000000e+00 5.786755624184181102e+00
2.174244745489923147e+01 -1.000000000000000000e+00 5.744670847721229379e+00
2.163710287168316526e+01 -1.000000000000000000e+00 5.702892683605998769e+00
2.153226869472360150e+01 -1.000000000000000000e+00 5.661418894219279352e+00
2.142794245104531825e+01 -1.000000000000000000e+00 5.620247257779078076e+00
2.132412167965490113e+01 -1.000000000000000000e+00 5.579375568521191653e+00
2.122080393148272748e+01 -1.000000000000000000e+00 5.538801638249274184e+00
2.111798676932519570e+01 -1.000000000000000000e+00 5.498523292813960239e+00
2.101566776778721746e+01 -1.000000000000000000e+00 5.458538375439438539e+00
2.091384451322504390e+01 -1.000000000000000000e+00 5.418844745162354926e+00
2.081251460368926587e+01 -1.000000000000000000e+00 5.379440275551100825e+00
2.071167564886819790e+01 -1.000000000000000000e+00 5.340322857113174670e+00
2.061132527003148596e+01 -1.000000000000000000e+00 5.301490395086810636e+00
2.051146109997397815e+01 -1.000000000000000000e+00 5.262940809840726430e+00
2.041208078295991868e+01 -1.000000000000000000e+00 5.224672037596543639e+00
2.031318197466733722e+01 -1.000000000000000000e+00 5.186682029275512029e+00
2.021476234213276157e+01 -1.000000000000000000e+00 5.148968751244902720e+00
2.011681956369619684e+01 -1.000000000000000000e+00 5.111530183914006820e+00
2.001935132894634606e+01 -1.000000000000000000e+00 5.074364323710934599e+00
1.992235533866610098e+01 -1.000000000000000000e+00 5.037469180470318442e+00
1.982582930477835248e+01 -1.000000000000000000e+00 5.000842779468340993e+00
1.972977095029194317e+01 -1.000000000000000000e+00 4.964483160409013607e+00
1.963417800924801071e+01 -1.000000000000000000e+00 4.928388376660809200e+00
1.953904822666650531e+01 -1.000000000000000000e+00 4.892556496143350309e+00
1.944437935849300914e+01 -1.000000000000000000e+00 4.856985602125542201e+00
1.935016917154581506e+01 -1.000000000000000000e+00 4.821673789531671694e+00
1.925641544346321155e+01 -1.000000000000000000e+00 4.786619170023941550e+00
1.916311596265108363e+01 -1.000000000000000000e+00 4.751819866138833781e+00
1.907026852823073071e+01 -1.000000000000000000e+00 4.717274017100773875e+00
1.897787094998695778e+01 -1.000000000000000000e+00 4.682979773129498646e+00
1.888592104831642615e+01 -1.000000000000000000e+00 4.648935300117155833e+00
1.879441665417618879e+01 -1.000000000000000000e+00 4.615138775885968769e+00
1.870335560903257033e+01 -1.000000000000000000e+00 4.581588392250806052e+00
1.861273576481022829e+01 -1.000000000000000000e+00 4.548282354258780913e+00
1.852255498384147003e+01 -1.000000000000000000e+00 4.515218880091272702e+00
1.843281113881588240e+01 -1.000000000000000000e+00 4.482396200977602163e+00
1.834350211273006437e+01 -1.000000000000000000e+00 4.449812560797279382e+00
1.825462579883775760e+01 -1.000000000000000000e+00 4.417466216806769097e+00
1.816618010060011201e+01 -1.000000000000000000e+00 4.385355438362636527e+00
1.807816293163624266e+01 -1.000000000000000000e+00 4.353478508077536446e+00
1.799057221567402820e+01 -1.000000000000000000e+00 4.321833720927298117e+00
1.790340588650110476e+01 -1.000000000000000000e+00 4.290419384148997928e+00
1.781666188791613337e+01 -1.000000000000000000e+00 4.259233817880370587e+00
1.773033817368030896e+01 -1.000000000000000000e+00 4.228275353915479151e+00
1.764443270746907189e+01 -1.000000000000000000e+00 4.197542337033484117e+00
1.755894346282410012e+01 -1.000000000000000000e+00 4.167033122922453536e+00
1.747386842310547195e+01 -1.000000000000000000e+00 4.136746080783816559e+00
1.738920558144411643e+01 -1.000000000000000000e+00 4.106679590754735543e+00
1.730495294069446643e+01 -1.000000000000000000e+00 4.076832044668145194e+00
1.722110851338733895e+01 -1.000000000000000000e+00 4.047201847599569469e+00
1.713767032168308901e+01 -1.000000000000000000e+00 4.017787414067656826e+00
1.705463639732489511e+01 -1.000000000000000000e+00 3.988587172353061039e+00
1.697200478159237136e+01 -1.000000000000000000e+00 3.959599560454366340e+00
1.688977352525535380e+01 -1.000000000000000000e+00 3.930823029343091246e+00
1.680794068852789991e+01 -1.000000000000000000e+00 3.902256039835597878e+00
1.672650434102257933e+01 -1.000000000000000000e+00 3.873897065530250483e+00
1.664546256170487126e+01 -1.000000000000000000e+00 3.845744589748474773e+00
1.656481343884789581e+01 -1.000000000000000000e+00 3.817797107857868077e+00
1.648455506998730513e+01 -1.000000000000000000e+00 3.790053126115024984e+00
1.640468556187638427e+01 -1.000000000000000000e+00 3.762511161151506744e+00
1.632520303044144683e+01 -1.000000000000000000e+00 3.735169741345883754e+00
1.624610560073731946e+01 -1.000000000000000000e+00 3.708027404536947014e+00
1.616739140690316034e+01 -1.000000000000000000e+00 3.681082700862454260e+00
1.608905859211843392e+01 -1.000000000000000000e+00 3.654334189891188078e+00
1.601110530855910241e+01 -1.000000000000000000e+00 3.627780441939733258e+00
1.593352971735403578e+01 -1.000000000000000000e+00 3.601420038627764608e+00
1.585632998854166331e+01 -1.000000000000000000e+00 3.575251570143524571e+00
1.577950430102675483e+01 -1.000000000000000000e+00 3.549273639113524670e+00
1.570305084253750572e+01 -1.000000000000000000e+00 3.523484856710048518e+00
1.562696780958276399e+01 -1.000000000000000000e+00 3.497883845382336432e+00
1.555125340740948658e+01 -1.000000000000000000e+00 3.472469237152375321e+00
1.547590584996043361e+01 -1.000000000000000000e+00 3.447239673568872842e+00
1.540092335983198879e+01 -1.000000000000000000e+00 3.422193807108197205e+00
1.532630416823226227e+01 -1.000000000000000000e+00 3.397330299629629735e+00
1.525204651493935692e+01 -1.000000000000000000e+00 3.372647822367951687e+00
1.517814864825983889e+01 -1.000000000000000000e+00 3.348145057250335288e+00
1.510460882498745150e+01 -1.000000000000000000e+00 3.323820694622725558e+00
1.503142531036193930e+01 -1.000000000000000000e+00 3.299673435791065312e+00
1.495859637802816167e+01 -1.000000000000000000e+00 3.275701990009269426e+00
1.488612030999536628e+01 -1.000000000000000000e+00 3.251905077461168414e+00
1.481399539659664377e+01 -1.000000000000000000e+00 3.228281426435372747e+00
1.474221993644863815e+01 -1.000000000000000000e+00 3.204829775818228921e+00
1.467079223641136032e+01 -1.000000000000000000e+00 3.181548872372883086e+00
1.459971061154828398e+01 -1.000000000000000000e+00 3.158437472540055690e+00
1.452897338508658720e+01 -1.000000000000000000e+00 3.135494342565396941e+00
1.445857888837758942e+01 -1.000000000000000000e+00 3.112718256689332996e+00
1.438852546085742290e+01 -1.000000000000000000e+00 3.090107998461557592e+00
1.431881145000781785e+01 -1.000000000000000000e+00 3.067662360599531457e+00
1.424943521131714341e+01 -1.000000000000000000e+00 3.045380144430218206e+00
1.418039510824161020e+01 -1.000000000000000000e+00 3.023260159778902612e+00
1.411168951216666478e+01 -1.000000000000000000e+00 3.001301225724909205e+00
1.404331680236858659e+01 -1.000000000000000000e+00 2.979502169520500399e+00
1.397527536597622877e+01 -1.000000000000000000e+00 2.957861827007383315e+00
1.390756359793298458e+01 -1.000000000000000000e+00 2.936379043113118481e+00
1.384017990095892969e+01 -1.000000000000000000e+00 2.915052670584048045e+00
1.377312268551313323e+01 -1.000000000000000000e+00 2.893881570443678886e+00
1.370639036975618730e+01 -1.000000000000000000e+00 2.872864613057728889e+00
1.363998137951284839e+01 -1.000000000000000000e+00 2.852000675518966410e+00
1.357389414823493823e+01 -1.000000000000000000e+00 2.831288644849749847e+00
1.350812711696437951e+01 -1.000000000000000000e+00 2.810727414317248485e+00
1.344267873429641114e+01 -1.000000000000000000e+00 2.790315886958114167e+00
1.337754745634302367e+01 -1.000000000000000000e+00 2.770052972942538272e+00
1.331273174669649606e+01 -1.000000000000000000e+00 2.749937590204545756e+00
1.324823007639318106e+01 -1.000000000000000000e+00 2.729968665793365723e+00
1.318404092387742921e+01 -1.000000000000000000e+00 2.710145132947313851e+00
1.312016277496570282e+01 -1.000000000000000000e+00 2.690465934168564388e+00
1.305659412281083931e+01 -1.000000000000000000e+00 2.670930018598725919e+00
1.299333346786654175e+01 -1.000000000000000000e+00 2.651536343839783427e+00
1.293037931785196371e+01 -1.000000000000000000e+00 2.632283874581704541e+00
1.286773018771653199e+01 -1.000000000000000000e+00 2.613171583346570515e+00
1.280538459960490449e+01 -1.000000000000000000e+00 2.594198450029311598e+00
1.274334108282211453e+01 -1.000000000000000000e+00 2.575363462334189446e+00
1.268159817379888921e+01 -1.000000000000000000e+00 2.556665614864618963e+00
1.262015441605709576e+01 -1.000000000000000000e+00 2.538103909718740780e+00
1.255900836017540634e+01 -1.000000000000000000e+00 2.519677356470769514e+00
1.249815856375510137e+01 -1.000000000000000000e+00 2.501384971568350490e+00
1.243760359138603633e+01 -1.000000000000000000e+00 2.483225779518749121e+00
1.237734201461280925e+01 -1.000000000000000000e+00 2.465198810332218216e+00
1.231737241190102772e+01 -1.000000000000000000e+00 2.447303103104865762e+00
1.225769336860379077e+01 -1.000000000000000000e+00 2.429537702270403887e+00
1.219830347692832717e+01 -1.000000000000000000e+00 2.411901660426529759e+00
1.213920133590276684e+01 -1.000000000000000000e+00 2.394394036090671030e+00
1.208038555134312730e+01 -1.000000000000000000e+00 2.377013895773036012e+00
1.202185473582038355e+01 -1.000000000000000000e+00 2.359760311439719871e+00
1.196360750862776356e+01 -1.000000000000000000e+00 2.342632363025137998e+00
1.190564249574817524e+01 -1.000000000000000000e+00 2.325629136941236741e+00
1.184795832982178432e+01 -1.000000000000000000e+00 2.308749725768873606e+00
1.179055365011378775e+01 -1.000000000000000000e+00 2.291993229137692101e+00
1.173342710248227583e+01 -1.000000000000000000e+00 2.275358753125506617e+00
1.167657733934631459e+01 -1.000000000000000000e+00 2.258845410399102693e+00
1.162000301965414728e+01 -1.000000000000000000e+00 2.242452319750776635e+00
1.156370280885155744e+01 -1.000000000000000000e+00 2.226178607270629772e+00
1.150767537885041136e+01 -1.000000000000000000e+00 2.210023404733092001e+00
1.145191940799729302e+01 -1.000000000000000000e+00 2.193985850297730966e+00
1.139643358104235027e+01 -1.000000000000000000e+00 2.178065088668867499e+00
1.134121658910826191e+01 -1.000000000000000000e+00 2.162260270628002523e+00
1.128626712965935752e+01 -1.000000000000000000e+00 2.146570552888048766e+00
1.123158390647091842e+01 -1.000000000000000000e+00 2.130995099537117188e+00
1.117716562959855686e+01 -1.000000000000000000e+00 2.115533078542932710e+00
1.112301101534781722e+01 -1.000000000000000000e+00 2.100183666665748294e+00
1.106911878624388912e+01 -1.000000000000000000e+00 2.084946044397315568e+00
1.101548767100146087e+01 -1.000000000000000000e+00 2.069819399254143377e+00
1.096211640449475766e+01 -1.000000000000000000e+00 2.054802924774647988e+00
1.090900372772766680e+01 -1.000000000000000000e+00 2.039895820157019202e+00
1.085614838780405300e+01 -1.000000000000000000e+00 2.025097290299642250e+00
1.080354913789820515e+01 -1.000000000000000000e+00 2.010406546118903126e+00
1.075120473722541981e+01 -1.000000000000000000e+00 1.995822804186186517e+00
1.069911395101273222e+01 -1.000000000000000000e+00 1.981345287167717961e+00
1.064727555046980356e+01 -1.000000000000000000e+00 1.966973222678215505e+00
1.059568831275990419e+01 -1.000000000000000000e+00 1.952705844615803654e+00
1.054435102097109223e+01 -1.000000000000000000e+00 1.938542392230849787e+00
1.049326246408750052e+01 -1.000000000000000000e+00 1.924482110295075543e+00
1.044242143696076042e+01 -1.000000000000000000e+00 1.910524249242985029e+00
1.039182674028160314e+01 -1.000000000000000000e+00 1.896668064920346453e+00
1.034147718055152332e+01 -1.000000000000000000e+00 1.882912818494251184e+00
1.029137157005465930e+01 -1.000000000000000000e+00 1.869257776554837935e+00
1.024150872682976754e+01 -1.000000000000000000e+00 1.855702211351376363e+00
1.019188747464232669e+01 -1.000000000000000000e+00 1.842245400011478518e+00
1.014250664295682469e+01 -1.000000000000000000e+00 1.828886625212228667e+00
1.009336506690910440e+01 -1.000000000000000000e+00 1.815625174778575657e+00
1.004446158727891181e+01 -1.000000000000000000e+00 1.802460341934635002e+00
9.995795050462545461e+00 -1.000000000000000000e+00 1.789391424616832316e+00
9.947364308445646230e+00 -1.000000000000000000e+00 1.776417726430138400e+00
9.899168218776102535e+00 -1.000000000000000000e+00 1.763538555665271401e+00
9.851205644537122552e+00 -1.000000000000000000e+00 1.750753225980044681e+00
9.803475454320395244e+00 -1.000000000000000000e+00 1.738061055677065481e+00
9.755976522199407697e+00 -1.000000000000000000e+00 1.725461368358052638e+00
9.708707727702895696e+00 -1.000000000000000000e+00 1.712953492388825882e+00
9.661667955788391993e+00 -1.000000000000000000e+00 1.700536761190972967e+00
9.614856096815945108e+00 -1.000000000000000000e+00 1.688210512840019106e+00
9.568271046521925172e+00 -1.000000000000000000e+00 1.675974090602773581e+00
9.521911705992984309e+00 -1.000000000000000000e+00 1.663826842087718694e+00
9.475776981640137819e+00 -1.000000000000000000e+00 1.651768120010491447e+00
9.429865785172951931e+00 -1.000000000000000000e+00 1.639797281634755688e+00
9.384177033573891435e+00 -1.000000000000000000e+00 1.627913689246956785e+00
9.338709649072754360e+00 -1.000000000000000000e+00 1.616116709246679273e+00
9.293462559121259403e+00 -1.000000000000000000e+00 1.604405712990576882e+00
9.248434696367741736e+00 -1.000000000000000000e+00 1.592780076558855784e+00
9.203624998631971366e+00 -1.000000000000000000e+00 1.581239180306741821e+00
9.159032408880101173e+00 -1.000000000000000000e+00 1.569782409248631216e+00
9.114655875199733970e+00 -1.000000000000000000e+00 1.558409152835752653e+00
9.070494350775099690e+00 -1.000000000000000000e+00 1.547118805217529980e+00
9.026546793862374685e+00 -1.000000000000000000e+00 1.535910764617293589e+00
8.982812167765095168e+00 -1.000000000000000000e+00 1.524784433871738898e+00
8.939289440809705667e+00 -1.000000000000000000e+00 1.513739220151716802e+00
8.895977586321230035e+00 -1.000000000000000000e+00 1.502774534930747752e+00
8.852875582599041948e+00 -1.000000000000000000e+00 1.491889793925131658e+00
8.809982412892773951e+00 -1.000000000000000000e+00 1.481084417251915308e+00
8.767297065378322429e+00 -1.000000000000000000e+00 1.470357829188595922e+00
8.724818533133982257e+00 -1.000000000000000000e+00 1.459709458247324676e+00
8.682545814116707561e+00 -1.000000000000000000e+00 1.449138737078804695e+00
8.640477911138448874e+00 -1.000000000000000000e+00 1.438645102531978859e+00
8.598613831842655486e+00 -1.000000000000000000e+00 1.428227995533001948e+00
8.556952588680847072e+00 -1.000000000000000000e+00 1.417886861099734830e+00
8.515493198889327431e+00 -1.000000000000000000e+00 1.407621148340647554e+00
8.474234684466006584e+00 -1.000000000000000000e+00 1.397430310349833338e+00
8.433176072147313462e+00 -1.000000000000000000e+00 1.387313804265388972e+00
8.392316393385256035e+00 -1.000000000000000000e+00 1.377271091100862543e+00
8.351654684324561373e+00 -1.000000000000000000e+00 1.367301635931395198e+00
8.311189985779940059e+00 -1.000000000000000000e+00 1.357404907651822201e+00
8.270921343213473165e+00 -1.000000000000000000e+00 1.347580379107764736e+00
8.230847806712070280e+00 -1.000000000000000000e+00 1.337827526928310640e+00
8.190968430965085645e+00 -1.000000000000000000e+00 1.328145831603484872e+00
8.151282275242005326e+00 -1.000000000000000000e+00 1.318534777472859076e+00
8.111788403370260525e+00 -1.000000000000000000e+00 1.308993852530146329e+00
8.072485883713145682e+00 -1.000000000000000000e+00 1.299522548644959086e+00
8.033373789147832511e+00 -1.000000000000000000e+00 1.290120361295080675e+00
7.994451197043510149e+00 -1.000000000000000000e+00 1.280786789682075266e+00
7.955717189239619458e+00 -1.000000000000000000e+00 1.271521336710969896e+00
7.917170852024185024e+00 -1.000000000000000000e+00 1.262323508856517229e+00
7.878811276112275941e+00 -1.000000000000000000e+00 1.253192816256653241e+00
7.840637556624542093e+00 -1.000000000000000000e+00 1.244128772617767442e+00
7.802648793065874777e+00 -1.000000000000000000e+00 1.235130895156116182e+00
7.764844089304171249e+00 -1.000000000000000000e+00 1.226198704702477826e+00
7.727222553549178308e+00 -1.000000000000000000e+00 1.217331725548904231e+00
7.689783298331476225e+00 -1.000000000000000000e+00 1.208529485410385407e+00
7.652525440481527497e+00 -1.000000000000000000e+00 1.199791515562842470e+00
7.615448101108849066e+00 -1.000000000000000000e+00 1.191117350673711828e+00
7.578550405581285787e+00 -1.000000000000000000e+00 1.182506528756837483e+00
7.541831483504365607e+00 -1.000000000000000000e+00 1.173958591284598230e+00
7.505290468700782647e+00 -1.000000000000000000e+00 1.165473083030032386e+00
7.468926499189950441e+00 -1.000000000000000000e+00 1.157049552146931282e+00
7.432738717167675979e+00 -1.000000000000000000e+00 1.148687550037325256e+00
7.396726268985927000e+00 -1.000000000000000000e+00 1.140386631429599840e+00
7.360888305132685439e+00 -1.000000000000000000e+00 1.132146354306023062e+00
7.325223980211916341e+00 -1.000000000000000000e+00 1.123966279853479300e+00
7.289732452923625594e+00 -1.000000000000000000e+00 1.115845972497942817e+00
7.254412886044006470e+00 -1.000000000000000000e+00 1.107784999860789821e+00
7.219264446405698976e+00 -1.000000000000000000e+00 1.099782932672939140e+00
7.184286304878130913e+00 -1.000000000000000000e+00 1.091839344890568109e+00
7.149477636347955745e+00 -1.000000000000000000e+00 1.083953813533251820e+00
7.114837619699600602e+00 -1.000000000000000000e+00 1.076125918716327678e+00
7.080365437795883565e+00 -1.000000000000000000e+00 1.068355243655790821e+00
7.046060277458748189e+00 -1.000000000000000000e+00 1.060641374602687481e+00
7.011921329450071738e+00 -1.000000000000000000e+00 1.052983900839574938e+00
6.977947788452580014e+00 -1.000000000000000000e+00 1.045382414675983140e+00
6.944138853050858096e+00 -1.000000000000000000e+00 1.037836511347268065e+00
6.910493725712428592e+00 -1.000000000000000000e+00 1.030345789152020686e+00
6.877011612768956894e+00 -1.000000000000000000e+00 1.022909849202078059e+00
6.843691724397514164e+00 -1.000000000000000000e+00 1.015528295656166868e+00
6.810533274601950460e+00 -1.000000000000000000e+00 1.008200735478042898e+00
6.777535481194361999e+00 -1.000000000000000000e+00 1.000926778580849774e+00
6.744697565776626824e+00 -1.000000000000000000e+00 9.937060376814402796e-01
6.712018753722047926e+00 -1.000000000000000000e+00 9.865381283928957856e-01
6.679498274157086968e+00 -1.000000000000000000e+00 9.794226690354099762e-01
6.647135359943166399e+00 -1.000000000000000000e+00 9.723592808900181073e-01
6.614929247658589695e+00 -1.000000000000000000e+00 9.653475878417530076e-01
6.582879177580514884e+00 -1.000000000000000000e+00 9.583872166674207715e-01
6.550984393667044436e+00 -1.000000000000000000e+00 9.514777967839231909e-01
6.519244143539392411e+00 -1.000000000000000000e+00 9.446189604114973992e-01
6.487657678464126221e+00 -1.000000000000000000e+00 9.378103423355701462e-01
6.456224253335514973e+00 -1.000000000000000000e+00 9.310515801867408348e-01
6.424943126657945314e+00 -1.000000000000000000e+00 9.243423140954799555e-01
6.393813560528431417e+00 -1.000000000000000000e+00 9.176821869762321615e-01
6.362834820619215570e+00 -1.000000000000000000e+00 9.110708442130560636e-01
6.332006176160432709e+00 -1.000000000000000000e+00 9.045079338871200303e-01
6.301326899922886859e+00 -1.000000000000000000e+00 8.979931066765016734e-01
6.270796268200880874e+00 -1.000000000000000000e+00 8.915260157166045030e-01
6.240413560795157188e+00 -1.000000000000000000e+00 8.851063167900239392e-01
6.210178060995904303e+00 -1.000000000000000000e+00 8.787336681483927103e-01
6.180089055565845868e+00 -1.000000000000000000e+00 8.724077305749268207e-01
6.150145834723425686e+00 -1.000000000000000000e+00 8.661281673481964205e-01
6.120347692126052230e+00 -1.000000000000000000e+00 8.598946441696289078e-01
6.090693924853444408e+00 -1.000000000000000000e+00 8.537068292440409545e-01
6.061183833391052822e+00 -1.000000000000000000e+00 8.475643931921721386e-01
6.031816721613547649e+00 -1.000000000000000000e+00 8.414670090625141485e-01
6.002591896768405988e+00 -1.000000000000000000e+00 8.354143522621296780e-01
5.973508669459571152e+00 -1.000000000000000000e+00 8.294061006334597641e-01
5.944566353631183908e+00 -1.000000000000000000e+00 8.234419343795603696e-01
5.915764266551403416e+00 -1.000000000000000000e+00 8.175215359900356304e-01
5.887101728796301892e+00 -1.000000000000000000e+00 8.116445903723777944e-01
5.858578064233832094e+00 -1.000000000000000000e+00 8.058107846934867702e-01
5.830192600007887194e+00 -1.000000000000000000e+00 8.000198083896686851e-01
5.801944666522419247e+00 -1.000000000000000000e+00 7.942713532732190718e-01
5.773833597425652719e+00 -1.000000000000000000e+00 7.885651133186399875e-01
5.745858729594354841e+00 -1.000000000000000000e+00 7.829007848197553354e-01
5.718019403118201005e+00 -1.000000000000000000e+00 7.772780662723327572e-01
5.690314961284209438e+00 -1.000000000000000000e+00 7.716966583699611526e-01
5.662744750561238938e+00 -1.000000000000000000e+00 7.661562640519318235e-01
5.635308120584587854e+00 -1.000000000000000000e+00 7.606565884148287493e-01
5.608004424140637489e+00 -1.000000000000000000e+00 7.551973387245431990e-01
5.580833017151592301e+00 -1.000000000000000000e+00 7.497782243485787701e-01
5.553793258660289389e+00 -1.000000000000000000e+00 7.443989568876422380e-01
5.526884510815071927e+00 -1.000000000000000000e+00 7.390592500179160584e-01
5.500106138854743421e+00 -1.000000000000000000e+00 7.337588194686766041e-01
5.473457511093601013e+00 -1.000000000000000000e+00 7.284973831629187879e-01
5.446937998906525635e+00 -1.000000000000000000e+00 7.232746610162104073e-01
5.420546976714160969e+00 -1.000000000000000000e+00 7.180903750177072276e-01
5.394283821968147485e+00 -1.000000000000000000e+00 7.129442492325803737e-01
5.368147915136444404e+00 -1.000000000000000000e+00 7.078360097533916706e-01
5.342138639688715607e+00 -1.000000000000000000e+00 7.027653846246713076e-01
5.316255382081775949e+00 -1.000000000000000000e+00 6.977321039815398418e-01
5.290497531745134374e+00 -1.000000000000000000e+00 6.927358999042770860e-01
5.264864481066576118e+00 -1.000000000000000000e+00 6.877765063965346481e-01
5.239355625377834613e+00 -1.000000000000000000e+00 6.828536595330466641e-01
5.213970362940333558e+00 -1.000000000000000000e+00 6.779670972465701162e-01
5.188708094930981396e+00 -1.000000000000000000e+00 6.731165593940082736e-01
5.163568225428057268e+00 -1.000000000000000000e+00 6.683017877964182452e-01
5.138550161397143157e+00 -1.000000000000000000e+00 6.635225261487093240e-01
5.113653312677138629e+00 -1.000000000000000000e+00 6.587785200255056317e-01
5.088877091966343968e+00 -1.000000000000000000e+00 6.540695169189927327e-01
5.064220914808595708e+00 -1.000000000000000000e+00 6.493952661359578826e-01
5.039684199579492763e+00 -1.000000000000000000e+00 6.447555188319529229e-01
5.015266367472662523e+00 -1.000000000000000000e+00 6.401500280247077734e-01
4.990966842486115773e+00 -1.000000000000000000e+00 6.355785485347081876e-01
4.966785051408660223e+00 -1.000000000000000000e+00 6.310408370165503378e-01
4.942720423806373553e+00 -1.000000000000000000e+00 6.265366518519391859e-01
4.918772392009146621e+00 -1.000000000000000000e+00 6.220657532852896798e-01
4.894940391097301280e+00 -1.000000000000000000e+00 6.176279032681555314e-01
4.871223858888251712e+00 -1.000000000000000000e+00 6.132228655500622239e-01
4.847622235923256362e+00 -1.000000000000000000e+00 6.088504056013234189e-01
4.824134965454208945e+00 -1.000000000000000000e+00 6.045102906035004775e-01
4.800761493430508509e+00 -1.000000000000000000e+00 6.002022895130857405e-01
4.777501268485996100e+00 -1.000000000000000000e+00 5.959261729377307582e-01
4.754353741925939403e+00 -1.000000000000000000e+00 5.916817131987861522e-01
4.731318367714095530e+00 -1.000000000000000000e+00 5.874686842861600589e-01
4.708394602459827105e+00 -1.000000000000000000e+00 5.832868618882127709e-01
4.685581905405284076e+00 -1.000000000000000000e+00 5.791360233293196824e-01
4.662879738412651243e+00 -1.000000000000000000e+00 5.750159475694600619e-01
4.640287565951446425e+00 -1.000000000000000000e+00 5.709264152001889414e-01
4.617804855085898552e+00 -1.000000000000000000e+00 5.668672084899978314e-01
4.595431075462365733e+00 -1.000000000000000000e+00 5.628381112171209066e-01
4.573165699296827924e+00 -1.000000000000000000e+00 5.588389088501779511e-01
4.551008201362440886e+00 -1.000000000000000000e+00 5.548693883664229665e-01
4.528958058977138990e+00 -1.000000000000000000e+00 5.509293383839853897e-01
4.507014751991315293e+00 -1.000000000000000000e+00 5.470185490581577215e-01
4.485177762775539811e+00 -1.000000000000000000e+00 5.431368120702901869e-01
4.463446576208356831e+00 -1.000000000000000000e+00 5.392839206731233626e-01
4.441820679664133742e+00 -1.000000000000000000e+00 5.354596696354650964e-01
4.420299563000963161e+00 -1.000000000000000000e+00 5.316638552688265351e-01
4.398882718548633441e+00 -1.000000000000000000e+00 5.278962753518390283e-01
4.377569641096653363e+00 -1.000000000000000000e+00 5.241567291635934600e-01
4.356359827882329228e+00 -1.000000000000000000e+00 5.204450175043783267e-01
4.335252778578913002e+00 -1.000000000000000000e+00 5.167609426231946079e-01
4.314247995283793102e+00 -1.000000000000000000e+00 5.131043082210664519e-01
4.293344982506749119e+00 -1.000000000000000000e+00 5.094749194937091552e-01
4.272543247158273161e+00 -1.000000000000000000e+00 5.058725830226437070e-01
4.251842298537922282e+00 -1.000000000000000000e+00 5.022971069020722990e-01
4.231241648322759730e+00 -1.000000000000000000e+00 4.987483005263087521e-01
4.210740810555822833e+00 -1.000000000000000000e+00 4.952259747983998039e-01
4.190339301634665503e+00 -1.000000000000000000e+00 4.917299420357910122e-01
4.170036640299952246e+00 -1.000000000000000000e+00 4.882600158507380828e-01
4.149832347624099249e+00 -1.000000000000000000e+00 4.848160113324662124e-01
4.129725946999982078e+00 -1.000000000000000000e+00 4.813977448656686087e-01
4.109716964129689565e+00 -1.000000000000000000e+00 4.780050342438401101e-01
4.089804927013338087e+00 -1.000000000000000000e+00 4.746376985992706299e-01
4.069989365937938253e+00 -1.000000000000000000e+00 4.712955584093837524e-01
4.050269813466305990e+00 -1.000000000000000000e+00 4.679784354570338256e-01
4.030645804426050027e+00 -1.000000000000000000e+00 4.646861528998926794e-01
4.011116875898586009e+00 -1.000000000000000000e+00 4.614185351191670836e-01
3.991682567208223897e+00 -1.000000000000000000e+00 4.581754078968948152e-01
3.972342419911298883e+00 -1.000000000000000000e+00 4.549565982406865161e-01
3.953095977785356485e+00 -1.000000000000000000e+00 4.517619344751878097e-01
3.933942786818389159e+00 -1.000000000000000000e+00 4.485912461821487396e-01
3.914882395198131970e+00 -1.000000000000000000e+00 4.454443642086476363e-01
3.895914353301396460e+00 -1.000000000000000000e+00 4.423211206569464538e-01
3.877038213683473344e+00 -1.000000000000000000e+00 4.392213488928156107e-01
3.858253531067569408e+00 -1.000000000000000000e+00 4.361448834872402314e-01
3.839559862334306573e+00 -1.000000000000000000e+00 4.330915602891855509e-01
3.820956766511273361e+00 -1.000000000000000000e+00 4.300612162854184906e-01
3.802443804762614565e+00 -1.000000000000000000e+00 4.270536897402115728e-01
3.784020540378687958e+00 -1.000000000000000000e+00 4.240688201308847605e-01
3.765686538765754765e+00 -1.000000000000000000e+00 4.211064480541832356e-01
3.747441367435731863e+00 -1.000000000000000000e+00 4.181664153639667592e-01
3.729284595995991491e+00 -1.000000000000000000e+00 4.152485650292083719e-01
3.711215796139202272e+00 -1.000000000000000000e+00 4.123527412301633555e-01
3.693234541633234613e+00 -1.000000000000000000e+00 4.094787892888939740e-01
3.675340408311096763e+00 -1.000000000000000000e+00 4.066265556435598172e-01
3.657532974060934361e+00 -1.000000000000000000e+00 4.037958879191802519e-01
3.639811818816074407e+00 -1.000000000000000000e+00 4.009866348980705708e-01
3.622176524545111409e+00 -1.000000000000000000e+00 3.981986463802660303e-01
3.604626675242048162e+00 -1.000000000000000000e+00 3.954317733797635404e-01
3.587161856916485814e+00 -1.000000000000000000e+00 3.926858679876665814e-01
3.569781657583852130e+00 -1.000000000000000000e+00 3.899607833556841263e-01
3.552485667255688817e+00 -1.000000000000000000e+00 3.872563737990607491e-01
3.535273477929974817e+00 -1.000000000000000000e+00 3.845724946763156016e-01
3.518144683581505117e+00 -1.000000000000000000e+00 3.819090023851917093e-01
3.501098880152314408e+00 -1.000000000000000000e+00 3.792657544403871817e-01
3.484135665542139382e+00 -1.000000000000000000e+00 3.766426094393521273e-01
3.467254639598941424e+00 -1.000000000000000000e+00 3.740394269252103054e-01
3.450455404109459501e+00 -1.000000000000000000e+00 3.714560675984696081e-01
3.433737562789822118e+00 -1.000000000000000000e+00 3.688923931327719452e-01
3.417100721276198350e+00 -1.000000000000000000e+00 3.663482662351763008e-01
3.400544487115491066e+00 -1.000000000000000000e+00 3.638235506590787316e-01
3.384068469756085218e+00 -1.000000000000000000e+00 3.613181111127438117e-01
3.367672280538630769e+00 -1.000000000000000000e+00 3.588318133939176202e-01
3.351355532686873584e+00 -1.000000000000000000e+00 3.563645242069759522e-01
3.335117841298537389e+00 -1.000000000000000000e+00 3.539161113132128778e-01
3.318958823336237263e+00 -1.000000000000000000e+00 3.514864434382844460e-01
3.302878097618449527e+00 -1.000000000000000000e+00 3.490753902415722476e-01
3.286875284810514941e+00 -1.000000000000000000e+00 3.466828224194825614e-01
3.270950007415694749e+00 -1.000000000000000000e+00 3.443086115695039862e-01
3.255101889766264023e+00 -1.000000000000000000e+00 3.419526302487304048e-01
3.239330558014649419e+00 -1.000000000000000000e+00 3.396147520320223490e-01
3.223635640124609569e+00 -1.000000000000000000e+00 3.372948513170703766e-01
3.208016765862463426e+00 -1.000000000000000000e+00 3.349928034870207072e-01
3.192473566788349704e+00 -1.000000000000000000e+00 3.327084849087404428e-01
3.177005676247542265e+00 -1.000000000000000000e+00 3.304417727681610017e-01
3.161612729361796159e+00 -1.000000000000000000e+00 3.281925451884636358e-01
3.146294363020742946e+00 -1.000000000000000000e+00 3.259606812418281430e-01
3.131050215873325104e+00 -1.000000000000000000e+00 3.237460608319567834e-01
3.115879928319269521e+00 -1.000000000000000000e+00 3.215485648236867666e-01
3.100783142500608047e+00 -1.000000000000000000e+00 3.193680748806848047e-01
3.085759502293233592e+00 -1.000000000000000000e+00 3.172044735960432571e-01
3.070808653298500612e+00 -1.000000000000000000e+00 3.150576444176957924e-01
3.055930242834864696e+00 -1.000000000000000000e+00 3.129274716766333730e-01
3.041123919929561215e+00 -1.000000000000000000e+00 3.108138405116825931e-01
3.026389335310330164e+00 -1.000000000000000000e+00 3.087166369417688183e-01
3.011726141397172096e+00 -1.000000000000000000e+00 3.066357478204954079e-01
2.997133992294154226e+00 -1.000000000000000000e+00 3.045710608648469209e-01
2.982612543781245407e+00 -1.000000000000000000e+00 3.025224645496009113e-01
2.968161453306199959e+00 -1.000000000000000000e+00 3.004898482546033978e-01
2.953780379976477466e+00 -1.000000000000000000e+00 2.984731021011887142e-01
2.939468984551197650e+00 -1.000000000000000000e+00 2.964721170827492314e-01
2.925226929433141887e+00 -1.000000000000000000e+00 2.944867849747692667e-01
2.911053878660785799e+00 -1.000000000000000000e+00 2.925169982930738155e-01
2.896949497900378478e+00 -1.000000000000000000e+00 2.905626504478136529e-01
2.882913454438051915e+00 -1.000000000000000000e+00 2.886236355425701450e-01
2.868945417171973933e+00 -1.000000000000000000e+00 2.866998484737636743e-01
2.855045056604537557e+00 -1.000000000000000000e+00 2.847911849856976652e-01
2.841212044834588557e+00 -1.000000000000000000e+00 2.828975414823468593e-01
2.827446055549691639e+00 -1.000000000000000000e+00 2.810188151858861727e-01
2.813746764018429936e+00 -1.000000000000000000e+00 2.791549040622090527e-01
2.800113847082747132e+00 -1.000000000000000000e+00 2.773057068036370865e-01
2.786546983150323786e+00 -1.000000000000000000e+00 2.754711228739002427e-01
2.773045852186990956e+00 -1.000000000000000000e+00 2.736510524609382378e-01
2.759610135709181566e+00 -1.000000000000000000e+00 2.718453964639204745e-01
2.746239516776416423e+00 -1.000000000000000000e+00 2.700540565192382503e-01
2.732933679983828412e+00 -1.000000000000000000e+00 2.682769349679960946e-01
2.719692311454721789e+00 -1.000000000000000000e+00 2.665139348895126936e-01
2.706515098833168764e+00 -1.000000000000000000e+00 2.647649600342530940e-01
2.693401731276640731e+00 -1.000000000000000000e+00 2.630299148625905858e-01
2.680351899448676800e+00 -1.000000000000000000e+00 2.613087045437336720e-01
2.667365295511584300e+00 -1.000000000000000000e+00 2.596012348970454520e-01
2.654441613119178811e+00 -1.000000000000000000e+00 2.579074124801255530e-01
2.641580547409557944e+00 -1.000000000000000000e+00 2.562271444490099026e-01
2.628781794997908872e+00 -1.000000000000000000e+00 2.545603387012210228e-01
2.616045053969352718e+00 -1.000000000000000000e+00 2.529069037721536350e-01
2.603370023871820038e+00 -1.000000000000000000e+00 2.512667488471114208e-01
2.590756405708967591e+00 -1.000000000000000000e+00 2.496397837623506866e-01
2.578203901933120434e+00 -1.000000000000000000e+00 2.480259190191836105e-01
2.565712216438257087e+00 -1.000000000000000000e+00 2.464250657362460628e-01
2.553281054553022233e+00 -1.000000000000000000e+00 2.448371356805858212e-01
2.540910123033775392e+00 -1.000000000000000000e+00 2.432620412729570858e-01
2.528599130057675115e+00 -1.000000000000000000e+00 2.416996955170343242e-01
2.516347785215794275e+00 -1.000000000000000000e+00 2.401500120766246749e-01
2.504155799506269098e+00 -1.000000000000000000e+00 2.386129051798948353e-01
2.492022885327481063e+00 -1.000000000000000000e+00 2.370882897198711703e-01
2.479948756471275217e+00 -1.000000000000000000e+00 2.355760811307426594e-01
2.467933128116206465e+00 -1.000000000000000000e+00 2.340761955094856350e-01
2.455975716820821386e+00 -1.000000000000000000e+00 2.325885495100530609e-01
2.444076240516971144e+00 -1.000000000000000000e+00 2.311130603752386548e-01
2.432234418503159912e+00 -1.000000000000000000e+00 2.296496459108382793e-01
2.420449971437920844e+00 -1.000000000000000000e+00 2.281982245569093015e-01
2.408722621333228453e+00 -1.000000000000000000e+00 2.267587152578100507e-01
2.397052091547940300e+00 -1.000000000000000000e+00 2.253310375730288029e-01
2.385438106781269774e+00 -1.000000000000000000e+00 2.239151115798138636e-01
2.373880393066295280e+00 -1.000000000000000000e+00 2.225108579660681762e-01
2.362378677763493418e+00 -1.000000000000000000e+00 2.211181979358933791e-01
2.350932689554312116e+00 -1.000000000000000000e+00 2.197370532183866298e-01
2.339542158434765540e+00 -1.000000000000000000e+00 2.183673461534342553e-01
2.328206815709068511e+00 -1.000000000000000000e+00 2.170089995085493773e-01
2.316926393983297139e+00 -1.000000000000000000e+00 2.156619366696541640e-01
2.305700627159080529e+00 -1.000000000000000000e+00 2.143260815324611046e-01
2.294529250427323586e+00 -1.000000000000000000e+00 2.130013585107027319e-01
2.283412000261961783e+00 -1.000000000000000000e+00 2.116876924731330711e-01
2.272348614413743029e+00 -1.000000000000000000e+00 2.103850088971405685e-01
2.261338831904042390e+00 -1.000000000000000000e+00 2.090932337019668630e-01
2.250382393018705685e+00 -1.000000000000000000e+00 2.078122933156197616e-01
2.239479039301922825e+00 -1.000000000000000000e+00 2.065421146718658119e-01
2.228628513550129586e+00 -1.000000000000000000e+00 2.052826251882619302e-01
2.217830559805944013e+00 -1.000000000000000000e+00 2.040337528066576145e-01
2.207084923352124139e+00 -1.000000000000000000e+00 2.027954258601744053e-01
2.196391350705563461e+00 -1.000000000000000000e+00 2.015675732543701637e-01
2.185749589611306831e+00 -1.000000000000000000e+00 2.003501242998010079e-01
2.175159389036604995e+00 -1.000000000000000000e+00 1.991430088250679131e-01
2.164620499164988665e+00 -1.000000000000000000e+00 1.979461570557400907e-01
2.154132671390378118e+00 -1.000000000000000000e+00 1.967594997601093409e-01
2.143695658311217667e+00 -1.000000000000000000e+00 1.955829680908167667e-01
2.133309213724639886e+00 -1.000000000000000000e+00 1.944164936744090522e-01
2.122973092620656477e+00 -1.000000000000000000e+00 1.932600085694753944e-01
2.112687051176382003e+00 -1.000000000000000000e+00 1.921134452809593607e-01
2.102450846750278490e+00 -1.000000000000000000e+00 1.909767367706187990e-01
2.092264237876433342e+00 -1.000000000000000000e+00 1.898498164003878386e-01
2.082126984258864333e+00 -1.000000000000000000e+00 1.887326179656330927e-01
2.072038846765849041e+00 -1.000000000000000000e+00 1.876250756828322375e-01
2.061999587424285352e+00 -1.000000000000000000e+00 1.865271241966858229e-01
2.052008969414077288e+00 -1.000000000000000000e+00 1.854386985388470355e-01
2.042066757062548366e+00 -1.000000000000000000e+00 1.843597341601304618e-01
2.032172715838882926e+00 -1.000000000000000000e+00 1.832901669445018145e-01
2.022326612348593677e+00 -1.000000000000000000e+00 1.822299331395609290e-01
2.012528214328014098e+00 -1.000000000000000000e+00 1.811789693761390596e-01
2.002777290638823260e+00 -1.000000000000000000e+00 1.801372127354910202e-01
1.993073611262589306e+00 -1.000000000000000000e+00 1.791046006271412028e-01
1.983416947295346011e+00 -1.000000000000000000e+00 1.780810708801056630e-01
1.973807070942192432e+00 -1.000000000000000000e+00 1.770665616867986292e-01
1.964243755511919431e+00 -1.000000000000000000e+00 1.760610115822913713e-01
1.954726775411661732e+00 -1.000000000000000000e+00 1.750643595524128404e-01
1.945255906141577062e+00 -1.000000000000000000e+00 1.740765448658360970e-01
1.935830924289549504e+00 -1.000000000000000000e+00 1.730975071939832299e-01
1.926451607525920373e+00 -1.000000000000000000e+00 1.721271865816692004e-01
1.917117734598242418e+00 -1.000000000000000000e+00 1.711655233729539871e-01
1.907829085326061103e+00 -1.000000000000000000e+00 1.702124583428810956e-01
1.898585440595720986e+00 -1.000000000000000000e+00 1.692679325219526298e-01
1.889386582355197186e+00 -1.000000000000000000e+00 1.683318873577222541e-01
1.880232293608950611e+00 -1.000000000000000000e+00 1.674042645969090193e-01
1.871122358412809605e+00 -1.000000000000000000e+00 1.664850063435671101e-01
1.862056561868876470e+00 -1.000000000000000000e+00 1.655740549998875877e-01
1.853034690120458183e+00 -1.000000000000000000e+00 1.646713533433294130e-01
1.844056530347020217e+00 -1.000000000000000000e+00 1.637768444325402029e-01
1.835121870759168550e+00 -1.000000000000000000e+00 1.628904716864850166e-01
1.826230500593651218e+00 -1.000000000000000000e+00 1.620121787914054201e-01
1.817382210108388074e+00 -1.000000000000000000e+00 1.611419098058123056e-01
1.808576790577523408e+00 -1.000000000000000000e+00 1.602796090445346433e-01
1.799814034286500775e+00 -1.000000000000000000e+00 1.594252211638394201e-01
1.791093734527164028e+00 -1.000000000000000000e+00 1.585786911191288673e-01
1.782415685592881660e+00 -1.000000000000000000e+00 1.577399641495322302e-01
1.773779682773692912e+00 -1.000000000000000000e+00 1.569089857914000852e-01
1.765185522351480518e+00 -1.000000000000000000e+00 1.560857018956642028e-01
1.756633001595163446e+00 -1.000000000000000000e+00 1.552700585965557101e-01
1.748121918755915827e+00 -1.000000000000000000e+00 1.544620022981214591e-01
1.739652073062406989e+00 -1.000000000000000000e+00 1.536614797017200329e-01
1.731223264716066135e+00 -1.000000000000000000e+00 1.528684377906763259e-01
1.722835294886368551e+00 -1.000000000000000000e+00 1.520828238205569616e-01
1.714487965706145589e+00 -1.000000000000000000e+00 1.513045853429258736e-01
1.706181080266917727e+00 -1.000000000000000000e+00 1.505336701340436456e-01
1.697914442614247843e+00 -1.000000000000000000e+00 1.497700262690491169e-01
1.689687857743120913e+00 -1.000000000000000000e+00 1.490136021107347220e-01
1.681501131593342580e+00 -1.000000000000000000e+00 1.482643462465745854e-01
1.673354071044961922e+00 -1.000000000000000000e+00 1.475222075407504885e-01
1.665246483913715103e+00 -1.000000000000000000e+00 1.467871351167547300e-01
1.657178178946493441e+00 -1.000000000000000000e+00 1.460590783474462750e-01
1.649148965816830570e+00 -1.000000000000000000e+00 1.453379868624032900e-01
1.641158655120412480e+00 -1.000000000000000000e+00 1.446238105418279074e-01
1.633207058370610865e+00 -1.000000000000000000e+00 1.439164995075170039e-01
1.625293987994036016e+00 -1.000000000000000000e+00 1.432160041331931033e-01
1.617419257326112358e+00 -1.000000000000000000e+00 1.425222750295099261e-01
1.609582680606674421e+00 -1.000000000000000000e+00 1.418352630504561562e-01
1.601784072975585893e+00 -1.000000000000000000e+00 1.411549192846913992e-01
1.594023250468378672e+00 -1.000000000000000000e+00 1.404811950610539706e-01
1.586300030011912332e+00 -1.000000000000000000e+00 1.398140419374785948e-01
1.578614229420057358e+00 -1.000000000000000000e+00 1.391534117029900042e-01
1.570965667389394804e+00 -1.000000000000000000e+00 1.384992563790529707e-01
1.563354163494942384e+00 -1.000000000000000000e+00 1.378515282123608798e-01
1.555779538185896316e+00 -1.000000000000000000e+00 1.372101796712960897e-01
1.548241612781396714e+00 -1.000000000000000000e+00 1.365751634538490134e-01
1.540740209466312072e+00 -1.000000000000000000e+00 1.359464324713342553e-01
1.533275151287045501e+00 -1.000000000000000000e+00 1.353239398609488997e-01
1.525846262147359633e+00 -1.000000000000000000e+00 1.347076389729164048e-01
1.518453366804223048e+00 -1.000000000000000000e+00 1.340974833764679575e-01
1.511096290863676916e+00 -1.000000000000000000e+00 1.334934268510481747e-01
1.503774860776719624e+00 -1.000000000000000000e+00 1.328954233907782279e-01
1.496488903835214712e+00 -1.000000000000000000e+00 1.323034271996132161e-01
1.489238248167815470e+00 -1.000000000000000000e+00 1.317173926923616289e-01
1.482022722735911069e+00 -1.000000000000000000e+00 1.311372744892252418e-01
1.474842157329592007e+00 -1.000000000000000000e+00 1.305630274193705087e-01
1.467696382563634439e+00 -1.000000000000000000e+00 1.299946065122293826e-01
1.460585229873505142e+00 -1.000000000000000000e+00 1.294319670032623715e-01
1.453508531511384705e+00 -1.000000000000000000e+00 1.288750643329447942e-01
1.446466120542210909e+00 -1.000000000000000000e+00 1.283238541389790099e-01
1.439457830839739882e+00 -1.000000000000000000e+00 1.277782922596813475e-01
1.432483497082628565e+00 -1.000000000000000000e+00 1.272383347315467761e-01
1.425542954750534053e+00 -1.000000000000000000e+00 1.267039377925784360e-01
1.418636040120232700e+00 -1.000000000000000000e+00 1.261750578701670567e-01
1.411762590261758321e+00 -1.000000000000000000e+00 1.256516515941637491e-01
1.404922443034558599e+00 -1.000000000000000000e+00 1.251336757854198123e-01
1.398115437083670143e+00 -1.000000000000000000e+00 1.246210874584853107e-01
1.391341411835912201e+00 -1.000000000000000000e+00 1.241138438220836804e-01
1.384600207496099689e+00 -1.000000000000000000e+00 1.236119022758306318e-01
1.377891665043272207e+00 -1.000000000000000000e+00 1.231152204136750916e-01
1.371215626226944151e+00 -1.000000000000000000e+00 1.226237560161942269e-01
1.364571933563370809e+00 -1.000000000000000000e+00 1.221374670554705860e-01
1.357960430331834223e+00 -1.000000000000000000e+00 1.216563116941633271e-01
1.351380960570945478e+00 -1.000000000000000000e+00 1.211802482806654119e-01
1.344833369074965868e+00 -1.000000000000000000e+00 1.207092353570736326e-01
1.338317501390146269e+00 -1.000000000000000000e+00 1.202432316477716340e-01
1.331833203811082722e+00 -1.000000000000000000e+00 1.197821960672411784e-01
1.325380323377091329e+00 -1.000000000000000000e+00 1.193260877162135025e-01
1.318958707868600033e+00 -1.000000000000000000e+00 1.188748658849768380e-01
1.312568205803556820e+00 -1.000000000000000000e+00 1.184284900435320087e-01
1.306208666433857912e+00 -1.000000000000000000e+00 1.179869198539992142e-01
1.299879939741790613e+00 -1.000000000000000000e+00 1.175501151628101371e-01
1.293581876436494360e+00 -1.000000000000000000e+00 1.171180359997609360e-01
1.287314327950440207e+00 -1.000000000000000000e+00 1.166906425821195720e-01
1.281077146435924963e+00 -1.000000000000000000e+00 1.162678953131583010e-01
1.274870184761584202e+00 -1.000000000000000000e+00 1.158497547792111948e-01
1.268693296508921486e+00 -1.000000000000000000e+00 1.154361817536595641e-01
1.262546335968854017e+00 -1.000000000000000000e+00 1.150271371939540627e-01
1.256429158138276048e+00 -1.000000000000000000e+00 1.146225822431702762e-01
1.250341618716637848e+00 -1.000000000000000000e+00 1.142224782296311220e-01
1.244283574102542200e+00 -1.000000000000000000e+00 1.138267866658376898e-01
1.238254881390356443e+00 -1.000000000000000000e+00 1.134354692492768601e-01
1.232255398366841392e+00 -1.000000000000000000e+00 1.130484878654691716e-01
1.226284983507797577e+00 -1.000000000000000000e+00 1.126658045849343315e-01
1.220343495974725689e+00 -1.000000000000000000e+00 1.122873816629875593e-01
1.214430795611504577e+00 -1.000000000000000000e+00 1.119131815374086458e-01
1.208546742941084995e+00 -1.000000000000000000e+00 1.115431668403667337e-01
1.202691199162200020e+00 -1.000000000000000000e+00 1.111773003837195489e-01
1.196864026146090110e+00 -1.000000000000000000e+00 1.108155451669230185e-01
1.191065086433244602e+00 -1.000000000000000000e+00 1.104578643807971189e-01
1.185294243230160305e+00 -1.000000000000000000e+00 1.101042213970247485e-01
1.179551360406113192e+00 -1.000000000000000000e+00 1.097545797788693905e-01
1.173836302489947858e+00 -1.000000000000000000e+00 1.094089032776087850e-01
1.168148934666881855e+00 -1.000000000000000000e+00 1.090671558326496565e-01
1.162489122775325345e+00 -1.000000000000000000e+00 1.087293015683795105e-01
1.156856733303716522e+00 -1.000000000000000000e+00 1.083953048046980006e-01
1.151251633387371687e+00 -1.000000000000000000e+00 1.080651300446223151e-01
1.145673690805351752e+00 -1.000000000000000000e+00 1.077387419848044453e-01
1.140122773977342518e+00 -1.000000000000000000e+00 1.074161055117868607e-01
1.134598751960551155e+00 -1.000000000000000000e+00 1.070971857000318078e-01
1.129101494446617115e+00 -1.000000000000000000e+00 1.067819478177177844e-01
1.123630871758538818e+00 -1.000000000000000000e+00 1.064703573252904767e-01
1.118186754847613873e+00 -1.000000000000000000e+00 1.061623798715077283e-01
1.112769015290395513e+00 -1.000000000000000000e+00 1.058579813015147614e-01
1.107377525285662356e+00 -1.000000000000000000e+00 1.055571276490133437e-01
1.102012157651404811e+00 -1.000000000000000000e+00 1.052597851463465128e-01
1.096672785821823926e+00 -1.000000000000000000e+00 1.049659202149157283e-01
1.091359283844346439e+00 -1.000000000000000000e+00 1.046754994716607295e-01
1.086071526376653162e+00 -1.000000000000000000e+00 1.043884897298320569e-01
1.080809388683722450e+00 -1.000000000000000000e+00 1.041048579970000748e-01
1.075572746634887888e+00 -1.000000000000000000e+00 1.038245714731283603e-01
1.070361476700909531e+00 -1.000000000000000000e+00 1.035475975596967108e-01
1.065175455951061112e+00 -1.000000000000000000e+00 1.032739038507494711e-01
1.060014562050229037e+00 -1.000000000000000000e+00 1.030034581358329066e-01
1.054878673256026911e+00 -1.000000000000000000e+00 1.027362284074640891e-01
1.049767668415923616e+00 -1.000000000000000000e+00 1.024721828522348610e-01
1.044681426964386262e+00 -1.000000000000000000e+00 1.022112898522586077e-01
1.039619828920034905e+00 -1.000000000000000000e+00 1.019535179940316144e-01
1.034582754882812372e+00 -1.000000000000000000e+00 1.016988360567070010e-01
1.029570086031169174e+00 -1.000000000000000000e+00 1.014472130253816079e-01
1.024581704119258418e+00 -1.000000000000000000e+00 1.011986180791173418e-01
1.019617491474148263e+00 -1.000000000000000000e+00 1.009530206000073260e-01
1.014677330993044801e+00 -1.000000000000000000e+00 1.007103901701514592e-01
1.009761106140530718e+00 -1.000000000000000000e+00 1.004706965701507582e-01
1.004868700945815485e+00 -1.000000000000000000e+00 1.002339097865679041e-01
1.000000000000000000e+00 -1.000000000000000000e+00 1.000000000000000056e-01
