1.738211204512761163e-02 2.461594125600961706e+04
2.945141206410798254e-02 2.043696484375000000e+04
4.189043426060978098e-02 1.492906069521360769e+04
5.436837606323070837e-02 1.187037510016025590e+04
6.709179474813181665e-02 1.018235406345274350e+04
7.906029034168161884e-02 8.509040305019947482e+03
9.134212390678685123e-02 6.675619505843495972e+03
1.036762740919000836e-01 5.330198566956552895e+03
1.161203638865397486e-01 4.630869090544872051e+03
1.284418929702930146e-01 4.195518687005246647e+03
1.405592391961615062e-01 3.682307165842654740e+03
1.528879143562413834e-01 3.088560158480726386e+03
1.654374846088009499e-01 2.614281117714167067e+03
1.776729443817273990e-01 2.342041027745456631e+03
1.898591782008197670e-01 2.164347890860086409e+03
2.021021650674771353e-01 1.965654510885747413e+03
2.143704059761030734e-01 1.734013639849421224e+03
2.266685746852545591e-01 1.529052870430737357e+03
2.389979880971628001e-01 1.385682841295036042e+03
2.513315027420615633e-01 1.285229376695549718e+03
2.635743834303616029e-01 1.190001804069383752e+03
2.757714049283470081e-01 1.085875366519098634e+03
2.881120323268035466e-01 9.846840324303958596e+02
3.003642817203516779e-01 9.037981204650133122e+02
3.126284332764821539e-01 8.413756643819637020e+02
3.249982808288275904e-01 7.859423694257625357e+02
3.373429099698267986e-01 7.302359607197597597e+02
3.495635283624552447e-01 6.762297923110711508e+02
3.617878412179377778e-01 6.284990311803579743e+02
3.739857115225381223e-01 5.884749894502360803e+02
3.863066258986853074e-01 5.529465105861821712e+02
3.986206606301063715e-01 5.194712140767170467e+02
4.109256578244661062e-01 4.872853744474712130e+02
4.232245655456485234e-01 4.574555180010354434e+02
4.354883510192325557e-01 4.309075511711544664e+02
4.477773618515445975e-01 4.070407299369192060e+02
4.599885903973864876e-01 3.852932463191105512e+02
4.722481765309811674e-01 3.645128235892221369e+02
4.845423032090063198e-01 3.450469152611235586e+02
4.967758419901825429e-01 3.270423806061069740e+02
5.090496726262303540e-01 3.105191641176820099e+02
5.213393459973235666e-01 2.953860619861186478e+02
5.336764515809359066e-01 2.809593024937873338e+02
5.460019077520040787e-01 2.675348921893040597e+02
5.582746788338668331e-01 2.549331094226056393e+02
5.704836588526608354e-01 2.432025726614315033e+02
5.827050628875978244e-01 2.324281605318687696e+02
5.949966261260961620e-01 2.221458505477392009e+02
6.072810970026001343e-01 2.124445364739851811e+02
6.195641138211566146e-01 2.033733320550841199e+02
6.318725909241229566e-01 1.948060842627378406e+02
6.441734965778191935e-01 1.866950232353203774e+02
6.564797894961378333e-01 1.790766667263448824e+02
6.686914929796821117e-01 1.720089336278570045e+02
6.809527893726128323e-01 1.652485553622763348e+02
6.932444725786992556e-01 1.587986378090819528e+02
7.054525470905848028e-01 1.527301364088550883e+02
7.177279646031660132e-01 1.470241708900383060e+02
7.300093567625280944e-01 1.416039889352063881e+02
7.423152589350650032e-01 1.364254882233343835e+02
7.545976543671308878e-01 1.314904211689604097e+02
7.668242736309552887e-01 1.268168058988670168e+02
7.791532429173236851e-01 1.223668182525937027e+02
7.914205781278266238e-01 1.181696943223279135e+02
8.036946471889406807e-01 1.141653284567440778e+02
8.159793690377137310e-01 1.103229559812248226e+02
8.282032717995754245e-01 1.066693044660416660e+02
8.405128489456621388e-01 1.031569986141338262e+02
8.528044235981327992e-01 9.981620204327920476e+01
8.650383425504041268e-01 9.663603373531482532e+01
8.772723753339952690e-01 9.361617440775027887e+01
8.895340321420209806e-01 9.072416883362724604e+01
9.018817618365986277e-01 8.792164562251585380e+01
9.141883520666792551e-01 8.523977826776068412e+01
9.264619888246796719e-01 8.268531483162713869e+01
9.387414586625268953e-01 8.022521055922099720e+01
9.509803448018084859e-01 7.786529737105851723e+01
9.632221134977815291e-01 7.561557193999985316e+01
9.754896314977136162e-01 7.344711974334350657e+01
9.877264067106145129e-01 7.138053556351232487e+01
9.999851844861834538e-01 6.939960228056624203e+01
1.012329339168382747e+00 6.746288416376528119e+01
1.024626907347453875e+00 6.561599078734812451e+01
1.036866689471437342e+00 6.384452778607811751e+01
1.049135487527864008e+00 6.212453699294515985e+01
1.061441354492477229e+00 6.047617292100236597e+01
1.073716958242755926e+00 5.887378482924178513e+01
1.085925311725509657e+00 5.735056199339049243e+01
1.098213833495794933e+00 5.586444334493215536e+01
1.110549154774624014e+00 5.443115266801819274e+01
1.122813426886622556e+00 5.306603139365570598e+01
1.135068430671317463e+00 5.174175702367958252e+01
1.147342703947374032e+00 5.047294554490608931e+01
1.159604759492050663e+00 4.923219255381659565e+01
1.171869554121423906e+00 4.804783986918884153e+01
1.184117043636903954e+00 4.688742780725636550e+01
1.196380808473640034e+00 4.577895681430693742e+01
1.208687090056549174e+00 4.468680896667341074e+01
1.220959130578168628e+00 4.364719262057598570e+01
1.233208524119171701e+00 4.262768835952721247e+01
1.245508543932532852e+00 4.165014170049759201e+01
1.257784757305784762e+00 4.069120980095743079e+01
1.270055775740428938e+00 3.977810521294546930e+01
1.282341075690068832e+00 3.887905317690326967e+01
1.294603412909409723e+00 3.802864000696133928e+01
1.306872192362329876e+00 3.718945451605505781e+01
1.319154366677192103e+00 3.638816078356236972e+01
1.331413222210922065e+00 3.559801270496514292e+01
1.343670459103085024e+00 3.484365025602620847e+01
1.355926661325111748e+00 3.409983910080527636e+01
1.368198362306287663e+00 3.338505210075772567e+01
1.380493198358981433e+00 3.268407914935929881e+01
1.392777181745514348e+00 3.200401489714283798e+01
1.405062196910951799e+00 3.134682413346599006e+01
1.417350389671748312e+00 3.069961609768994393e+01
1.429619703122777752e+00 3.008211825022035413e+01
1.441896130395259989e+00 2.946903070026512594e+01
1.454153528625109715e+00 2.888515911546167558e+01
1.466381113760885535e+00 2.830971779679703459e+01
1.478663798537000362e+00 2.775420330042721062e+01
1.490945590056615089e+00 2.721842959575169374e+01
1.503215467901839242e+00 2.668973009449522493e+01
1.515506856276889414e+00 2.618431020018386945e+01
1.527798704103739080e+00 2.568161722248401801e+01
1.540100615359619285e+00 2.519875546141766520e+01
1.552323594607271318e+00 2.472932875344792691e+01
1.564549078286756156e+00 2.426646600826672540e+01
1.576828957669637710e+00 2.382255926918996991e+01
1.589107367637560886e+00 2.338047367359672890e+01
1.601397118763717042e+00 2.295474403631284588e+01
1.613662668137236356e+00 2.254038623337894975e+01
1.625956510086740581e+00 2.212862205945221916e+01
1.638273353518620468e+00 2.173556342698346810e+01
1.650514624911034955e+00 2.134783553197951633e+01
1.662750613141406264e+00 2.096941920074304022e+01
1.675038763356534233e+00 2.060439698679446963e+01
1.687316157434399555e+00 2.024023829440914568e+01
1.699577919034019002e+00 1.989300536295045774e+01
1.711844019198244693e+00 1.955482314878583949e+01
1.724121889976205191e+00 1.921805248011735401e+01
1.736393169926629509e+00 1.889762136006709170e+01
1.748649316593648084e+00 1.858157601107860657e+01
1.760929058575410933e+00 1.826822782167225867e+01
1.773209682934749454e+00 1.796953634966543589e+01
1.785496948406629647e+00 1.767245044101955642e+01
1.797779508081463584e+00 1.738009957713501308e+01
1.810045833062560616e+00 1.710129077198511993e+01
1.822328995141098806e+00 1.682288909196927662e+01
1.834622279524171340e+00 1.654952088669876531e+01
1.846870127325623168e+00 1.628888823853205992e+01
1.859113337231853569e+00 1.602879515234590357e+01
1.871369828971394922e+00 1.577339709139822688e+01
1.883662336941608340e+00 1.552828277746500696e+01
1.895967949490765081e+00 1.528329561122514235e+01
1.908218963624774167e+00 1.504352370132277983e+01
1.920473361096422416e+00 1.481439923519510238e+01
1.932728508001044121e+00 1.458581401707344050e+01
1.945011049581989448e+00 1.435975049666421910e+01
1.957297342392070760e+00 1.414530752484395570e+01
1.969540729633649123e+00 1.393276932726576511e+01
1.981824563452103227e+00 1.372096500986154943e+01
1.994126144882194751e+00 1.351970370380928621e+01
2.006394537955421775e+00 1.332123601494832421e+01
2.018670334343899864e+00 1.312292026866722949e+01
2.030952316497373289e+00 1.293279697122771310e+01
2.043216798362256004e+00 1.274685060842767825e+01
2.055475510122651617e+00 1.256099169863338894e+01
2.067735799890346726e+00 1.237988925155924491e+01
2.080008516254567397e+00 1.220549572499249358e+01
2.092298443663116014e+00 1.203090899313765050e+01
2.104578287136098957e+00 1.185805013194948287e+01
2.116845418601210227e+00 1.169361496706936698e+01
2.129117295843077962e+00 1.153030201687062117e+01
2.141386119469398608e+00 1.136708058554461864e+01
2.153674144242317734e+00 1.120971048594646469e+01
2.165943509394002930e+00 1.105676984597650758e+01
2.178174723454857631e+00 1.090430482870440621e+01
2.190433903448424591e+00 1.075318192337123868e+01
2.202719931868166281e+00 1.060893995406527957e+01
2.215018711620012848e+00 1.046536350274915605e+01
2.227273593520805672e+00 1.032230118857848389e+01
2.239529706996110647e+00 1.018418066652807319e+01
2.251840710091987496e+00 1.005011743312526029e+01
2.264119014215441705e+00 9.916410321289856000e+00
2.276384279003433875e+00 9.783503553149664356e+00
2.288658423418587606e+00 9.657491920060932600e+00
2.300952091017892887e+00 9.533172417537866039e+00
2.313218143961406348e+00 9.409132205322483955e+00
2.325458350675993380e+00 9.287013335805488268e+00
2.337719218738625759e+00 9.170391549897326300e+00
2.350003147866706943e+00 9.054037378870054553e+00
2.362279058175797530e+00 8.937759088572748922e+00
2.374538937598235311e+00 8.824320237607809148e+00
2.386816000033005647e+00 8.715329534827148450e+00
2.399102824518786203e+00 8.606331855712175738e+00
2.411392629484657046e+00 8.497307694120472377e+00
2.423637270133701449e+00 8.392032564640262038e+00
2.435888431421263434e+00 8.290263336492589730e+00
2.448174802894025337e+00 8.188202352252075045e+00
2.460449199376890217e+00 8.086244753041132327e+00
2.472719088229479834e+00 7.987788077323306091e+00
2.484992831186476625e+00 7.892332215457876110e+00
2.497273806662959394e+00 7.796820094834326476e+00
2.509544184074824269e+00 7.701390566083805567e+00
2.521827062063934477e+00 7.608960947876733272e+00
2.534112812322843578e+00 7.519516266086581524e+00
2.546370817755073013e+00 7.430273596689033866e+00
2.558627656962102925e+00 7.341039396484277724e+00
2.570901337570405953e+00 7.254021457914435089e+00
2.583177336304471883e+00 7.170420513967869169e+00
2.595440486720578921e+00 7.086936593641967264e+00
2.607704762491110717e+00 7.003444981514741485e+00
2.620001080686306771e+00 6.921306068147356605e+00
2.632286922231434456e+00 6.843654522154110076e+00
2.644534427140472932e+00 6.766513762157503109e+00
2.656802040265521470e+00 6.689246329707789762e+00
2.669073687515052029e+00 6.612411186092877813e+00
2.681350663644082921e+00 6.539206877710181942e+00
2.693623847875446398e+00 6.466816984675057611e+00
2.705878137328059818e+00 6.394538509179433561e+00
2.718161480124765106e+00 6.322100764171432630e+00
2.730438457898014093e+00 6.252320945142602504e+00
2.742710787932656658e+00 6.184563015550358145e+00
2.754989883536780759e+00 6.116767732372414557e+00
2.767261470157902359e+00 6.049013920279951328e+00
2.779527771137290770e+00 5.982130460093560309e+00
2.791792657323202587e+00 5.918445937020969438e+00
2.804076091151673555e+00 5.854969683138327774e+00
2.816361645196279184e+00 5.791482537920989770e+00
2.828620519698351377e+00 5.728147899721579783e+00
2.840883569190919111e+00 5.667147694524008017e+00
2.853162813112358975e+00 5.607765357749562085e+00
2.865450010721949603e+00 5.548344563001558427e+00
2.877720591785824400e+00 5.489004109435018819e+00
2.889980478242957229e+00 5.430117688691115774e+00
2.902258175496396753e+00 5.374005272975978187e+00
2.914518854472965437e+00 5.318529420235395655e+00
2.926762721606932960e+00 5.263129666213021807e+00
2.939034749745344843e+00 5.207602464579451862e+00
2.951320369754638406e+00 5.152981410440312438e+00
2.963597026501346932e+00 5.100884762392637661e+00
2.975876194561613453e+00 5.048901078458618130e+00
2.988160315109058551e+00 4.996896414941157438e+00
3.000449644660864834e+00 4.944869696205004495e+00
3.012716332634865157e+00 4.894583104133507945e+00
3.024968759761666348e+00 4.846549980019530857e+00
3.037252171006531665e+00 4.798406414470024473e+00
3.049526120964057618e+00 4.750299938335982297e+00
3.061775712289526830e+00 4.702289138635923571e+00
3.074050272894680358e+00 4.655800081602711415e+00
3.086335131672947263e+00 4.610834250982231985e+00
3.098604365236381053e+00 4.565925596537264930e+00
3.110859489026789326e+00 4.521068602796154856e+00
3.123137658326072597e+00 4.476127260231439919e+00
3.135433948671655369e+00 4.432564701929300632e+00
3.147695129457003915e+00 4.390567432396788483e+00
3.159956328254873270e+00 4.348570090380740716e+00
3.172232976043315666e+00 4.306519852692291650e+00
3.184501257851794165e+00 4.264498284777889836e+00
3.196775435955213851e+00 4.223525012535840339e+00
3.209044865222644205e+00 4.184189395432134972e+00
3.221307079525221884e+00 4.144893811420634400e+00
3.233581408312706795e+00 4.105559372194086620e+00
3.245858629450829369e+00 4.066215681096331913e+00
3.258143378674136947e+00 4.027428575069240679e+00
3.270410557577971389e+00 3.990520350065667632e+00
3.282661665213619351e+00 3.953794507680842507e+00
3.294949090802971714e+00 3.916959791065094176e+00
3.307244200655479638e+00 3.880102042855172684e+00
3.319496480125943449e+00 3.843523575484505184e+00
3.331765223362041173e+00 3.808633456113736493e+00
3.344051721244690523e+00 3.774183953802847213e+00
3.356325050698430346e+00 3.739771368321253675e+00
3.368596307392438316e+00 3.705364589089718663e+00
3.380854472437640812e+00 3.670994523294201173e+00
3.393138905317619081e+00 3.637524315354971449e+00
3.405406306535367467e+00 3.605354721745532398e+00
3.417657680989456548e+00 3.573232123038495800e+00
3.429938663402217092e+00 3.541031896086219710e+00
3.442214032587430417e+00 3.508846379737078802e+00
3.454484843056887300e+00 3.476857294188904657e+00
3.466756647980139938e+00 3.446573807714943261e+00
3.479034376591896738e+00 3.416692584729200011e+00
3.491307566462293899e+00 3.386822410736392897e+00
3.503582350785310773e+00 3.356948350115099178e+00
3.515849804558033309e+00 3.327092135451371835e+00
3.528113199069885297e+00 3.297837108519819260e+00
3.540379188868042704e+00 3.269995639594406978e+00
3.552650333566175433e+00 3.242204897343024417e+00
3.564930099127972429e+00 3.214394628605018678e+00
3.577201769827548006e+00 3.186602701211547650e+00
3.589475285534829307e+00 3.158806592864027429e+00
3.601759315099353209e+00 3.131881724500220621e+00
3.614032945244215256e+00 3.105879097233991359e+00
3.626301000303521871e+00 3.079888266383954853e+00
3.638569887417207216e+00 3.053895687907366874e+00
3.650838632506976822e+00 3.027903398816195413e+00
3.663120446880168135e+00 3.001896837568795551e+00
3.675392231131059617e+00 2.976939512129754384e+00
3.687654129504458478e+00 2.952644269574614455e+00
3.699910200907845059e+00 2.928360570738019586e+00
3.712192899007472846e+00 2.904024115282363816e+00
3.724479589655305123e+00 2.879679750486534573e+00
3.736733640063575113e+00 2.855414323797512477e+00
3.749005728100832435e+00 2.832086875305600771e+00
3.761283023631708744e+00 2.809340761434781175e+00
3.773563485184610933e+00 2.786588783944166536e+00
3.785825516964203885e+00 2.763870946982829313e+00
3.798082802949320325e+00 2.741161897466235065e+00
3.810363893373462041e+00 2.718409182245082878e+00
3.822645720709119566e+00 2.696430245326270292e+00
3.834921229715159363e+00 2.675166234547504907e+00
3.847188317665898971e+00 2.653916797014532758e+00
3.859469575550916964e+00 2.632642832124542753e+00
3.871753985767769191e+00 2.611363384071444305e+00
3.884018640962858981e+00 2.590118177210131822e+00
3.896281982801185872e+00 2.569310045977398982e+00
3.908553995714485030e+00 2.549406453250094184e+00
3.920819940236625278e+00 2.529542479008337175e+00
3.933080957844246495e+00 2.509686481949502390e+00
3.945346259001160760e+00 2.489823546824147638e+00
3.957637313618597830e+00 2.469918915909174117e+00
3.969923042548726411e+00 2.450153899954798487e+00
3.982175629228108971e+00 2.431469648434687603e+00
3.994441680205387257e+00 2.412985242485949033e+00
4.006728047574338980e+00 2.394470230905963337e+00
4.019004858472411179e+00 2.375969616033083209e+00
4.031277336217974572e+00 2.357475522912266808e+00
4.043554573420149012e+00 2.338974271613844191e+00
4.055839410316336213e+00 2.321070725099465104e+00
4.068096764528600140e+00 2.303942126685443625e+00
4.080340929220048984e+00 2.286833562998012326e+00
4.092625520834049624e+00 2.269668516365952016e+00
4.104896838065174691e+00 2.252522014983596499e+00
4.117161186094653758e+00 2.235385251764770764e+00
4.129437242236893013e+00 2.218293884549031425e+00
4.141704639004231581e+00 2.202018128868078684e+00
4.153978514844194336e+00 2.185981207145886174e+00
4.166254106252230471e+00 2.169942033092516986e+00
4.178538610145275278e+00 2.153891234995790605e+00
4.190814707343741397e+00 2.137851402744561202e+00
4.203073452331837601e+00 2.121834250837950187e+00
4.215351491768677406e+00 2.105971776773972959e+00
4.227627847837150732e+00 2.090884683435735969e+00
4.239903836936770531e+00 2.075887693720273042e+00
4.252176174544948672e+00 2.060895166925898803e+00
4.264429117117187751e+00 2.045926331086826977e+00
4.276699880393182163e+00 2.030935730920143012e+00
4.288984777500015610e+00 2.015927864083758347e+00
4.301255117606400447e+00 2.001179098794913180e+00
4.313518958654457336e+00 1.987129978357180082e+00
4.325790419391779551e+00 1.973114916855939649e+00
4.338071573855772911e+00 1.959088780676733421e+00
4.350337804712862244e+00 1.945079687476544583e+00
4.362611775147850146e+00 1.931061760505521807e+00
4.374889726767814402e+00 1.917039283769349511e+00
4.387156715049502331e+00 1.903242856238419156e+00
4.399426645293336158e+00 1.890099912812732486e+00
4.411686492803647219e+00 1.877014029857918986e+00
4.423963183132842758e+00 1.863910169323026444e+00
4.436231333416778000e+00 1.850815423253520331e+00
4.448504024620786090e+00 1.837715830690955121e+00
4.460786102766904904e+00 1.824606219047733013e+00
4.473052605097511680e+00 1.811629514175171707e+00
4.485333680898416553e+00 1.799283683651962784e+00
4.497601237084061232e+00 1.787050511808851772e+00
4.509866070174105346e+00 1.774820057452845434e+00
4.522145635346641157e+00 1.762574910869741718e+00
4.534428519381624945e+00 1.750326455077748644e+00
4.546703018242844507e+00 1.738086363100818321e+00
4.558957625766161925e+00 1.725884888167054321e+00
4.571226642211251523e+00 1.714215258888709847e+00
4.583509777054324275e+00 1.702784586342335205e+00
4.595790059827854712e+00 1.691356570164487039e+00
4.608061949813968106e+00 1.679936365138872345e+00
4.620318584818105201e+00 1.668530351207981433e+00
4.632589805876371258e+00 1.657110765644112194e+00
4.644869853213136501e+00 1.645682969165523701e+00
4.657136883942349925e+00 1.634520427243431273e+00
4.669407249318447306e+00 1.623945808069474195e+00
4.681668364815647188e+00 1.613403541819415699e+00
4.693936637293424141e+00 1.602855123185800368e+00
4.706220932875434748e+00 1.592292928712223166e+00
4.718499554358994708e+00 1.581735612059427698e+00
4.730782650520382937e+00 1.571174449042642252e+00
4.743047316918455714e+00 1.560638105573245449e+00
4.755307692139830955e+00 1.550543074588554671e+00
4.767583057675158109e+00 1.540677217954957490e+00
4.779863394372367402e+00 1.530807365466584358e+00
4.792132641916739821e+00 1.520946425151058712e+00
4.804399941113462802e+00 1.511087052795204499e+00
4.816678316286075123e+00 1.501218776325074833e+00
4.828949285393635549e+00 1.491356454463607095e+00
4.841208182326298903e+00 1.481557485340190050e+00
4.853478345205306077e+00 1.472227706594347429e+00
4.865760528755814995e+00 1.463001692098497397e+00
4.878024554178364447e+00 1.453789317876448939e+00
4.890296377151694962e+00 1.444571086382498315e+00
4.902574231215205636e+00 1.435348323667167580e+00
4.914845323572139435e+00 1.426130642815328864e+00
4.927125567488364055e+00 1.416906081171577458e+00
4.939397986818531372e+00 1.407762789538017145e+00
4.951664280457524825e+00 1.399076894932527404e+00
4.963940592502508409e+00 1.390459081737263958e+00
4.976216953277528887e+00 1.381841234698234722e+00
4.988477996474629528e+00 1.373234140535334991e+00
5.000736047494441117e+00 1.364629147041401147e+00
5.013022640065464053e+00 1.356004118172886130e+00
5.025302982194676638e+00 1.347383476140832315e+00
5.037566103908967641e+00 1.338827826537595467e+00
5.049844207396282592e+00 1.330683360472350252e+00
5.062119542870266109e+00 1.322631636010160427e+00
5.074383105131830440e+00 1.314587630518343486e+00
5.086641552088245533e+00 1.306546985044009013e+00
5.098920420017480026e+00 1.298492938064374380e+00
5.111195199258650845e+00 1.290441576732665130e+00
5.123449562989547346e+00 1.282403607577564664e+00
5.135725975397288146e+00 1.274362066036876850e+00
5.148005044968195776e+00 1.266669300336553672e+00
5.160275585351876693e+00 1.259150385449351761e+00
5.172546707875350869e+00 1.251631119326640063e+00
5.184827951212304775e+00 1.244105644688923151e+00
5.197107563567055166e+00 1.236581167041743701e+00
5.209372262483340954e+00 1.229065827108902331e+00
5.221649174658606007e+00 1.221543005175057539e+00
5.233932550562378161e+00 1.214016224262608690e+00
5.246207608362158936e+00 1.206657941384506438e+00
5.258474246095205196e+00 1.199628973894216077e+00
5.270738469237462809e+00 1.192610200801136333e+00
5.282999075966164249e+00 1.185593498507994559e+00
5.295265148876008077e+00 1.178573664389936937e+00
5.307538878972787089e+00 1.171549453231851778e+00
5.319816023849368136e+00 1.164523282086533884e+00
5.332106425194989008e+00 1.157489528369189280e+00
5.344371217832380339e+00 1.150486723823258339e+00
5.356624881905982072e+00 1.143857623883086649e+00
5.368905907939013566e+00 1.137365398103768799e+00
5.381178681067710912e+00 1.130877538967528517e+00
5.393451198524775059e+00 1.124389814207933824e+00
5.405726878719107731e+00 1.117900417526565660e+00
5.417999076018534588e+00 1.111412864009603263e+00
5.430270917047597123e+00 1.104925491249043157e+00
5.442534276784082969e+00 1.098442613384279953e+00
5.454800894502979780e+00 1.092015299363346514e+00
5.467077870139476659e+00 1.085909308866619183e+00
5.479355737083116296e+00 1.079854539770501720e+00
5.491631123293435834e+00 1.073800994857883051e+00
5.503885461799915113e+00 1.067757828598398184e+00
5.516150871778835452e+00 1.061709202880988467e+00
5.528443541640725378e+00 1.055647133771206558e+00
5.540720369487344144e+00 1.049592876776850314e+00
5.552988485023032439e+00 1.043542916911691654e+00
5.565261674970053640e+00 1.037563035422976121e+00
5.577534275054667035e+00 1.031876723131484708e+00
5.589802466245866519e+00 1.026223404118633553e+00
5.602075290374081362e+00 1.020567950647820243e+00
5.614350464861192158e+00 1.014911410812547210e+00
5.626623423538474000e+00 1.009255894975389367e+00
5.638893167212405189e+00 1.003601857178711310e+00
5.651161305429462267e+00 9.979485621267314421e-01
5.663425285909801765e+00 9.922971825608530860e-01
5.675691479571933762e+00 9.866943158022694060e-01
5.687971082709079695e+00 9.813645244987840854e-01
5.700246234071071783e+00 9.760801141009630699e-01
5.712517806570711620e+00 9.707972440776764245e-01
5.724796874665427637e+00 9.655111494125250271e-01
5.737066926053280724e+00 9.602289336216037752e-01
5.749336020301031525e+00 9.549471327243127527e-01
5.761614331000809663e+00 9.496613616413899228e-01
5.773882296547530046e+00 9.443800462188862710e-01
5.786153448888407880e+00 9.391081164585560748e-01
5.798430888328152122e+00 9.340727908946594438e-01
5.810698718707794974e+00 9.291400564486572700e-01
5.822968649516642614e+00 9.242064769748434827e-01
5.835247741956022693e+00 9.192692143454165299e-01
5.847517818375936649e+00 9.143355776950621294e-01
5.859777924360419554e+00 9.094059495503825641e-01
5.872043469733759125e+00 9.044741348679472548e-01
5.884316208247446944e+00 8.995394265834324443e-01
5.896588339242491372e+00 8.946049634246561189e-01
5.908862253089940175e+00 8.897719518459511479e-01
5.921140273745074012e+00 8.851543885494314035e-01
5.933416110825472600e+00 8.805448045426550463e-01
5.945693655629928465e+00 8.759345791898065503e-01
5.957960216997184588e+00 8.713284781417197644e-01
5.970224694105725760e+00 8.667231593404768342e-01
5.982501212736559104e+00 8.621133197638497503e-01
5.994773016381848230e+00 8.575052499247841631e-01
6.007052309174411242e+00 8.528943679557409174e-01
6.019323996014493972e+00 8.482896317992796309e-01
6.031591083960865518e+00 8.438775824334627806e-01
6.043864685712702745e+00 8.395740061989263037e-01
6.056140762083756179e+00 8.352695622806768361e-01
6.068414447141080359e+00 8.309659579268415808e-01
6.080682390425510064e+00 8.266643653399564640e-01
6.092950687706149893e+00 8.223626502498949664e-01
6.105222847777539208e+00 8.180595798638813365e-01
6.117498704959920985e+00 8.137552128002439877e-01
6.129764184834314733e+00 8.094544853206178114e-01
6.142038972320288615e+00 8.051656832407910747e-01
6.154304765200349081e+00 8.011066687384619245e-01
6.166569788653463391e+00 7.971238244668296113e-01
6.178846494966856895e+00 7.931371841474038620e-01
6.191116693006394556e+00 7.891526612137421681e-01
6.203394119564271669e+00 7.851657909773195332e-01
6.215666041891435789e+00 7.811807073127513545e-01
6.227935347627760798e+00 7.771964723766985328e-01
6.240216034129863587e+00 7.732085427045666259e-01
6.252491040510594011e+00 7.692224574358830225e-01
6.264748912887735166e+00 7.652523063526139868e-01
6.277022083960849486e+00 7.614732304189838485e-01
6.289302104888057521e+00 7.577660883224109911e-01
6.301575577258628158e+00 7.540609225748819977e-01
6.313842739442879548e+00 7.503576605835653446e-01
6.326111758774734639e+00 7.466538392950108349e-01
6.338388371629334550e+00 7.429477260722762155e-01
6.350653504839701924e+00 7.392450773809861042e-01
6.362925521019373143e+00 7.355403505299071831e-01
6.375199703367512960e+00 7.318349704604206751e-01
6.387469226768377695e+00 7.281311522842074391e-01
6.399745155096550953e+00 7.245560904576509031e-01
6.412021048691203262e+00 7.210943660009255796e-01
6.424291589113733103e+00 7.176341510460250150e-01
6.436561860313417149e+00 7.141740112706751464e-01
6.448839981748705874e+00 7.107116588327321294e-01
6.461108547751658548e+00 7.072520007783836826e-01
6.473374451307642552e+00 7.037930941441056243e-01
6.485648452683405729e+00 7.003319039908303401e-01
6.497912794912579670e+00 6.968734354134120679e-01
6.510188675064301655e+00 6.934117146733154158e-01
6.522469883466725626e+00 6.899890612988647254e-01
6.534740035532724534e+00 6.867388551655760898e-01
6.547014109070398824e+00 6.835063007823352077e-01
6.559280453511415310e+00 6.802757805645451850e-01
6.571544309808293960e+00 6.770459164811047925e-01
6.583821092479313464e+00 6.738126479018040627e-01
6.596089921004116619e+00 6.705814741710354188e-01
6.608365544053812712e+00 6.673485113398061053e-01
6.620644703812256893e+00 6.641146159300526097e-01
6.632912942264358236e+00 6.608835977550415741e-01
6.645177683617404796e+00 6.576535005128339995e-01
6.657442543711369787e+00 6.545185061699906326e-01
6.669722534938342662e+00 6.514982149536201472e-01
6.681993318463547382e+00 6.484805227688126283e-01
6.694261204019748668e+00 6.454635428275335984e-01
6.706541488313978228e+00 6.424435132456182140e-01
6.718813955717831021e+00 6.394254066105771184e-01
6.731080972576989119e+00 6.364086404442786948e-01
6.743359824121949231e+00 6.333889636500427134e-01
6.755631353408082518e+00 6.303710879833934744e-01
6.767898304576293711e+00 6.273543379363961670e-01
6.780174663240607913e+00 6.243359145898261797e-01
6.792450332450066242e+00 6.214325608717972127e-01
6.804726074812886161e+00 6.186139862844963755e-01
6.816986550199255923e+00 6.157989164857269326e-01
6.829262858100193512e+00 6.129802108707770314e-01
6.841539361448875312e+00 6.101614612356720535e-01
6.853798339181921051e+00 6.073467345230784131e-01
6.866070662062549346e+00 6.045289455785739507e-01
6.878342039442563838e+00 6.017113718445291637e-01
6.890609277951348588e+00 5.988947484452201708e-01
6.902882119035200326e+00 5.960768388708287402e-01
6.915161583719115157e+00 5.932574099625733677e-01
6.927430680718094536e+00 5.905334649622845378e-01
6.939709919086802792e+00 5.879016446025403519e-01
6.951990815117643052e+00 5.852694664827462478e-01
6.964254035975310231e+00 5.826410784655466912e-01
6.976522773357487495e+00 5.800115084633271634e-01
6.988800533124341463e+00 5.773800049714278293e-01
7.001071106094600260e+00 5.747500408241452696e-01
7.013333865652984223e+00 5.721217507344529274e-01
7.025600402972400182e+00 5.694926540175011542e-01
7.037876815905639738e+00 5.668614390443521556e-01
7.050143162335931635e+00 5.642323805456421759e-01
7.062413118975667814e+00 5.616474879888819771e-01
7.074690835034955327e+00 5.591947159496672981e-01
7.086953823365687910e+00 5.567538080824994129e-01
7.099228383676583043e+00 5.543105970858679399e-01
7.111513847242655117e+00 5.518652137972454019e-01
7.123796124336221780e+00 5.494204654255614440e-01
7.136061299463858809e+00 5.469791219654739356e-01
7.148327355427038121e+00 5.445376014622103078e-01
7.160609574504935182e+00 5.420928651245962016e-01
7.172879532441566397e+00 5.396505696475368818e-01
7.185145013609509412e+00 5.372091654262404203e-01
7.197419400246670484e+00 5.347683522240129772e-01
7.209686158792262489e+00 5.324434220475308122e-01
7.221957944822181119e+00 5.301807938692534306e-01
7.234230264056627391e+00 5.279180672220210591e-01
7.246500669247545545e+00 5.256556935858111013e-01
7.258778712036681569e+00 5.233919124700282532e-01
7.271045876620886972e+00 5.211301354320588830e-01
7.283317379378636325e+00 5.188675585389384004e-01
7.295585645099416539e+00 5.166055797771289537e-01
7.307853272958525714e+00 5.143437186664265859e-01
7.320126745335258533e+00 5.120807791629404804e-01
7.332403784514088585e+00 5.098171821647110580e-01
7.344684206752194910e+00 5.075649377393740558e-01
7.356944630619157266e+00 5.054268960761371110e-01
7.369203505154014344e+00 5.033159901373792655e-01
7.381489563580306168e+00 5.012004053365575196e-01
7.393767997341700315e+00 4.990861319829586473e-01
7.406035012783036109e+00 4.969738246721471797e-01
7.418310408017617874e+00 4.948600748696638796e-01
7.430583523958874004e+00 4.927467171474566587e-01
7.442848698749097380e+00 4.906347276363259846e-01
7.455115140482812208e+00 4.885225192238181746e-01
7.467393400753554289e+00 4.864082759284830138e-01
7.479670706718533957e+00 4.842941969993451168e-01
7.491938287174950695e+00 4.821930851118236827e-01
7.504211718186098778e+00 4.801947571987867924e-01
7.516487524916406926e+00 4.782211444883832097e-01
7.528756717252752750e+00 4.762485945683992417e-01
7.541025073247601185e+00 4.742761791089841195e-01
7.553289932926945838e+00 4.723043259369789637e-01
7.565561465824747422e+00 4.703314001064072825e-01
7.577833530066534706e+00 4.683583883052382379e-01
7.590111647225785241e+00 4.663844034363084923e-01
7.602381972987688030e+00 4.644116716852523807e-01
7.614655952603478717e+00 4.624383540034818774e-01
7.626936654011594818e+00 4.604639515811748685e-01
7.639201077174127441e+00 4.584939078470580687e-01
7.651464677559008720e+00 4.566074087191023256e-01
7.663742408944604456e+00 4.547647636418225559e-01
7.676018682205153709e+00 4.529223379036225738e-01
7.688277897293473551e+00 4.510824717232396197e-01
7.700553029590799348e+00 4.492402171911371589e-01
7.712841539575106431e+00 4.473959547217702948e-01
7.725115900344815323e+00 4.455538159562468792e-01
7.737377467933403530e+00 4.437135965779724911e-01
7.749649077377426032e+00 4.418718708921795524e-01
7.761925140087297059e+00 4.400294764430008887e-01
7.774189133048908573e+00 4.381888934802694036e-01
7.786454493502858121e+00 4.363481054820641525e-01
7.798729952904426277e+00 4.345341052039756735e-01
7.811006225976846906e+00 4.328080083968439684e-01
7.823273097295126988e+00 4.310895624822810857e-01
7.835544041210333432e+00 4.293705454214590267e-01
7.847819977077952203e+00 4.276508291415627161e-01
7.860089479685364644e+00 4.259320145680635661e-01
7.872351698554277633e+00 4.242142195806144489e-01
7.884626620084905113e+00 4.224946457428276347e-01
7.896910675867973239e+00 4.207737919234108559e-01
7.909185804878801740e+00 4.190541887774433816e-01
7.921449240942633807e+00 4.173362239192147105e-01
7.933712714466360616e+00 4.156182536124384819e-01
7.945992141775624518e+00 4.138980483281240463e-01
7.958263943266027596e+00 4.122300681548213275e-01
7.970529202206244612e+00 4.106262145144118914e-01
7.982815072190602379e+00 4.090198334468649888e-01
7.995091666618705517e+00 4.074146654891273034e-01
8.007352534518663134e+00 4.058115537130018713e-01
8.019627496013539414e+00 4.042065993799143775e-01
8.031903657762798687e+00 4.026014877494339950e-01
8.044177829663981427e+00 4.009966362444198351e-01
8.056443469555411241e+00 3.993929006782028779e-01
8.068702238919343017e+00 3.977900640917123032e-01
8.080979834332703504e+00 3.961847644064372398e-01
8.093254128705954287e+00 3.945798972451122211e-01
8.105527172113761836e+00 3.929751933227838556e-01
8.117799824830797206e+00 3.914211495080157088e-01
8.130070746172389562e+00 3.899272995581493650e-01
8.142347574779897457e+00 3.884328304470174298e-01
8.154613735759548732e+00 3.869396594176914284e-01
8.166891969913633531e+00 3.854450192326430713e-01
8.179177536943971205e+00 3.839494857365581826e-01
8.191440517885343553e+00 3.824567024438006446e-01
8.203698614659973742e+00 3.809645129770344862e-01
8.215977151523059518e+00 3.794698354423480247e-01
8.228243676889508862e+00 3.779766199575183006e-01
8.240504435001721362e+00 3.764841071954899143e-01
8.252785707216327538e+00 3.749890994660090571e-01
8.265065671816016035e+00 3.734942484201156931e-01
8.277324557407441219e+00 3.720305065717769977e-01
8.289585748629670903e+00 3.706475553806912737e-01
8.301876533943493897e+00 3.692662291274381725e-01
8.314155975094262629e+00 3.678861778138026728e-01
8.326420353875711555e+00 3.665078200236175365e-01
8.338685510668618406e+00 3.651293726868303779e-01
8.350960538704741865e+00 3.637498176673261141e-01
8.363227608907420674e+00 3.623711564009404751e-01
8.375495329190206562e+00 3.609924222699094631e-01
8.387774699174400439e+00 3.596123787069393507e-01
8.400050511116273100e+00 3.582327355074004793e-01
8.412324122887586242e+00 3.568533391906235641e-01
8.424591878007328560e+00 3.554746009437713128e-01
8.436851759049160293e+00 3.540984051810357469e-01
8.449126411638403056e+00 3.527806083333656639e-01
8.461409711470588846e+00 3.514919389421530260e-01
8.473680804149562817e+00 3.502045482366750728e-01
8.485956002545906429e+00 3.489167279539419075e-01
8.498224272441392557e+00 3.476296346296443573e-01
8.510487954240929298e+00 3.463430224080751296e-01
8.522772412692955157e+00 3.450542307948006315e-01
8.535053796640809765e+00 3.437657614784301319e-01
8.547317748051932895e+00 3.424791210989193146e-01
8.559569273047319626e+00 3.411937843838750983e-01
8.571845887373589434e+00 3.399058155602641684e-01
8.584118781488212946e+00 3.386182366071650018e-01
8.596382973081230006e+00 3.373315713928107806e-01
8.608649465365420639e+00 3.360516126094485467e-01
8.620929667616577419e+00 3.348336891072837274e-01
8.633209558916400184e+00 3.336309803270832708e-01
8.645469584347553749e+00 3.324302174269239130e-01
8.657746282655869763e+00 3.312278211688813312e-01
8.670026385849459061e+00 3.300250919832921626e-01
8.682297386725101873e+00 3.288232539372490382e-01
8.694565164370990473e+00 3.276217313506704087e-01
8.706839111581698987e+00 3.264196050524247328e-01
8.719120369574609342e+00 3.252167623262302576e-01
8.731387350995687413e+00 3.240153182943515953e-01
8.743648761245099266e+00 3.228144194761105035e-01
8.755929919930125038e+00 3.216115869945307404e-01
8.768209851493411477e+00 3.204088740697859650e-01
8.780467259624447962e+00 3.192130704876630087e-01
8.792716897867451920e+00 3.180760229462281652e-01
8.804990788692478532e+00 3.169540530180552373e-01
8.817278480690440290e+00 3.158308210418600548e-01
8.829539106754184630e+00 3.147100635508923716e-01
8.841804501929178883e+00 3.135888697186757224e-01
8.854088314059325171e+00 3.124659916564678785e-01
8.866365466353054003e+00 3.113437249576953558e-01
8.878627519001241808e+00 3.102228365748395666e-01
8.890896645518441943e+00 3.091013015434582734e-01
8.903187831684247655e+00 3.079777502608478934e-01
8.915456225116132671e+00 3.068562824927415500e-01
8.927709781126756283e+00 3.057361712952529342e-01
8.939990152027949222e+00 3.046136088093579497e-01
8.952272270807998922e+00 3.034908864370385873e-01
8.964541107018792587e+00 3.024067626495596794e-01
8.976809356349257030e+00 3.013603379017600892e-01
8.989080468384209155e+00 3.003136689855915864e-01
9.001360866934389193e+00 2.992662084302354919e-01
9.013628467605453665e+00 2.982198389669793448e-01
9.025896643178507261e+00 2.971734203605702618e-01
9.038179937995256097e+00 2.961257127668565636e-01
9.050449765342662545e+00 2.950791530092947701e-01
9.062703389140500221e+00 2.940339762622864450e-01
9.074965207442557968e+00 2.929880996404837235e-01
9.087254563502222382e+00 2.919398744059190087e-01
9.099528168298895991e+00 2.908929930146661458e-01
9.111784657965019463e+00 2.898475718655100786e-01
9.124064072285285931e+00 2.888001942177828574e-01
9.136356442171548409e+00 2.877564857110617713e-01
9.148620768239394963e+00 2.867664319452074562e-01
9.160876544471626914e+00 2.857911071737165298e-01
9.173170706417419495e+00 2.848127264202949260e-01
9.185440601819509610e+00 2.838362776315593305e-01
9.197674402580403807e+00 2.828627007774643376e-01
9.209944845369468780e+00 2.818862086425305002e-01
9.222235240478099172e+00 2.809081287122766057e-01
9.234498421270382451e+00 2.799322134572038712e-01
9.246753046439533108e+00 2.789569802627247519e-01
9.259037423527585631e+00 2.779793786764006014e-01
9.271318620244818121e+00 2.770020306627370976e-01
9.283583735052717500e+00 2.760259620033076455e-01
9.295857464896441158e+00 2.750492076792661611e-01
9.308129938852692575e+00 2.740725541173021917e-01
9.320409396199853092e+00 2.731017322863634744e-01
9.332685982394551161e+00 2.721800450988267617e-01
9.344943288712755702e+00 2.712700768043406208e-01
9.357241097457126955e+00 2.703571012695089593e-01
9.369539418685082666e+00 2.694440880549338058e-01
9.381779229270216902e+00 2.685354188104038808e-01
9.394040987290516398e+00 2.676251196538028676e-01
9.406338762356838856e+00 2.667121472318319531e-01
9.418612061369849187e+00 2.658009913236071831e-01
9.430853312326764382e+00 2.648922151322378182e-01
9.443145451901411747e+00 2.639796608450431514e-01
9.455452709694613489e+00 2.630659841417227196e-01
9.467696364511542839e+00 2.621570292271783731e-01
9.479945819457697098e+00 2.612476436106632161e-01
9.492244655254580721e+00 2.603345918552431582e-01
9.504520965108966379e+00 2.594249385399131635e-01
9.516771803388767381e+00 2.585647892935429848e-01
9.529051481510224519e+00 2.577243223756818802e-01
9.541350025665284562e+00 2.568825640292036749e-01
9.553614768156799997e+00 2.560431197317512564e-01
9.565852790388564841e+00 2.552055039089732302e-01
9.578130809331275586e+00 2.543651506534344575e-01
9.590421864960230636e+00 2.535239051880893713e-01
9.602686181770573981e+00 2.526844899256480703e-01
9.614937662773536786e+00 2.518459528977717854e-01
9.627210560705263376e+00 2.510059505927082490e-01
9.639520699396086911e+00 2.501633987151549721e-01
9.651794241248827788e+00 2.493233517917452513e-01
9.664021032207420703e+00 2.484865047679608308e-01
9.676318634298157306e+00 2.476448110662964053e-01
9.688615674018457469e+00 2.468031560776641486e-01
9.700826852982181947e+00 2.459807867860951403e-01
9.713081166884682816e+00 2.451961660264737608e-01
9.725420455621609506e+00 2.444088980624418705e-01
9.737699645480059729e+00 2.436254645211140546e-01
9.749902593026686048e+00 2.428468951700950840e-01
9.762190849728799691e+00 2.420628831897935762e-01
9.774524940846697874e+00 2.412759465592035912e-01
9.786774990485199055e+00 2.404943723862075222e-01
9.798979237984754675e+00 2.397157200203852423e-01
9.811278410684318274e+00 2.389310114686626629e-01
9.823611365372379112e+00 2.381441476053011708e-01
9.835856550733424797e+00 2.373628835041347862e-01
9.848110951745821851e+00 2.365810314696007721e-01
9.860407999080017305e+00 2.357964580937177701e-01
9.872697756535982805e+00 2.350123500177477565e-01
9.884901659674879326e+00 2.342337203949714508e-01
9.897163985466415070e+00 2.334699973833248565e-01
9.909521851063152198e+00 2.327334698213519293e-01
9.921769663419794938e+00 2.320041300788120431e-01
9.933970968713669691e+00 2.312775596331160810e-01
9.946258349058943793e+00 2.305458635373234255e-01
9.958599731472778771e+00 2.298109520992689947e-01
9.970856168930207986e+00 2.290810988928684566e-01
9.983057062371893053e+00 2.283545529844983879e-01
9.995368158914336831e+00 2.276214449329568568e-01
1.000768766130018861e+01 2.268878359254289934e-01
1.001992053321067289e+01 2.261593858984873584e-01
1.003216821560764771e+01 2.254300540909463524e-01
1.004452721403794868e+01 2.246940932183613127e-01
1.005681735429030432e+01 2.239622330428737151e-01
1.006892582260663183e+01 2.232411912056860848e-01
1.008118098452082378e+01 2.225114135886350486e-01
1.009358755195854052e+01 2.217843372262555957e-01
1.010587134048773628e+01 2.210995643356413187e-01
1.011803703711579772e+01 2.204236066965791774e-01
1.013033056705357637e+01 2.197405456102260735e-01
1.014269263027678747e+01 2.190536768074282659e-01
1.015492120489713024e+01 2.183742250809677932e-01
1.016713759032503184e+01 2.176954502224023313e-01
1.017948266035775617e+01 2.170095258421724516e-01
1.019180049867154914e+01 2.163251140655117200e-01
1.020392979284387813e+01 2.156511783732044107e-01
1.021616753504563135e+01 2.149712172455590653e-01
1.022862669528350033e+01 2.142789534976767829e-01
1.024089245129418302e+01 2.135974356345534952e-01
1.025291723007928013e+01 2.129293072481591997e-01
1.026520932100148897e+01 2.122463261225805142e-01
1.027774506306910318e+01 2.115498072252823825e-01
1.028999589535894721e+01 2.108702475626808570e-01
1.030201632116065191e+01 2.102330198272116257e-01
1.031435683160246697e+01 2.095933015592079673e-01
1.032681210725006338e+01 2.089476340411568767e-01
1.033902832711680553e+01 2.083143584325574671e-01
1.035115261018229660e+01 2.076858488523908863e-01
1.036349925152719464e+01 2.070458128311822299e-01
1.037588452686740936e+01 2.064037737849430398e-01
1.038798882750531583e+01 2.057763005555460212e-01
1.040024061411546796e+01 2.051411816919483100e-01
1.041275466762403745e+01 2.044924665173155909e-01
1.042497437395719295e+01 2.038590105703391442e-01
1.043688539230566192e+01 2.032415564615520642e-01
1.044935704554474043e+01 2.025950401865538320e-01
1.046202522343027752e+01 2.019383353955390703e-01
1.047400785250685118e+01 2.013171692383647904e-01
1.048587764924572419e+01 2.007018523991748737e-01
1.049857477665452521e+01 2.000474163672653072e-01
1.051126978619461916e+01 1.994254966803644391e-01
1.052285386394314770e+01 1.988652960520373714e-01
1.053473993131735220e+01 1.982904914666137886e-01
1.054774671867871128e+01 1.976614889899843408e-01
1.056046331403275573e+01 1.970465195838158323e-01
1.057159342937813484e+01 1.965082730119954713e-01
1.058363554604334311e+01 1.959259211672921552e-01
1.059705223772767368e+01 1.952770959236881654e-01
1.060980007826281124e+01 1.946606163265694744e-01
1.062041006728784431e+01 1.941475222026234349e-01
1.063264563316425537e+01 1.935558151709296237e-01
1.064639384541436584e+01 1.928909584866090599e-01
1.065914814163454949e+01 1.922741663648927790e-01
1.066936599425687149e+01 1.917800358290435714e-01
1.068170647251649896e+01 1.911832550437468081e-01
1.069565989882602963e+01 1.905084742542814402e-01
1.070841615580203232e+01 1.898945159226687329e-01
1.071820812972623926e+01 1.894441620349439359e-01
1.073084847252518337e+01 1.888743273382825494e-01
1.074490552624379625e+01 1.882406280148686273e-01
1.075610992590358350e+01 1.877355265779850901e-01
1.076616814766807195e+01 1.872820972796829242e-01
1.078006968453032144e+01 1.866554084335458330e-01
1.079413827513433510e+01 1.860211866961163363e-01
1.080500555627140002e+01 1.855312847060921755e-01
1.081522922201470926e+01 1.850703961246616125e-01
1.082926366203709634e+01 1.844377143210486347e-01
1.084324133780694766e+01 1.838075918776373718e-01
1.085447970303622078e+01 1.833009611476551504e-01
1.086383196285792785e+01 1.828793542725699328e-01
1.087748622894287109e+01 1.822638101875782013e-01
