1.738211204512761163e-02 9.065048978365384755e+03
2.945141206410798254e-02 7.534053267045454959e+03
4.189043426060978098e-02 5.506353855567642313e+03
5.436837606323070837e-02 4.379411345653044918e+03
6.709179474813181665e-02 3.757231486995045543e+03
7.906029034168161884e-02 3.140088029837101203e+03
9.134212390678685123e-02 2.463660997840447180e+03
1.036762740919000836e-01 1.967220425154265286e+03
1.161203638865397486e-01 1.709176111152844442e+03
1.284418929702930146e-01 1.548534044493280589e+03
1.405592391961615062e-01 1.359136987665042625e+03
1.528879143562413834e-01 1.140002400633526349e+03
1.654374846088009499e-01 9.649554680689652741e+02
1.776729443817273990e-01 8.644774461389996532e+02
1.898591782008197670e-01 7.988948214151832872e+02
2.021021650674771353e-01 7.255587276728746247e+02
2.143704059761030734e-01 6.400593716917265965e+02
2.266685746852545591e-01 5.644068169276819162e+02
2.389979880971628001e-01 5.114878606816025695e+02
2.513315027420615633e-01 4.744097875026869247e+02
2.635743834303616029e-01 4.392602304213984326e+02
2.757714049283470081e-01 4.008254934198362207e+02
2.881120323268035466e-01 3.634739214372594347e+02
3.003642817203516779e-01 3.336173720547431572e+02
3.126284332764821539e-01 3.105760246798914750e+02
3.249982808288275904e-01 2.901144610189917898e+02
3.373429099698267986e-01 2.695519801853859576e+02
3.495635283624552447e-01 2.496169893307723555e+02
3.617878412179377778e-01 2.319983840857626944e+02
3.739857115225381223e-01 2.172244932373175743e+02
3.863066258986853074e-01 2.041100326956298545e+02
3.986206606301063715e-01 1.917533846336631314e+02
4.109256578244661062e-01 1.798727016216077175e+02
4.232245655456485234e-01 1.688616681745008350e+02
4.354883510192325557e-01 1.590620573738782184e+02
4.477773618515445975e-01 1.502521330007861025e+02
4.599885903973864876e-01 1.422245083070412761e+02
4.722481765309811674e-01 1.345538360487566081e+02
4.845423032090063198e-01 1.273683713919359803e+02
4.967758419901825429e-01 1.207223435863172654e+02
5.090496726262303540e-01 1.146231161675738122e+02
5.213393459973235666e-01 1.090370211762017334e+02
5.336764515809359066e-01 1.037116541897779740e+02
5.460019077520040787e-01 9.875628194507265789e+01
5.582746788338668331e-01 9.410456136356766876e+01
5.704836588526608354e-01 8.977443353979501239e+01
5.827050628875978244e-01 8.579725071675503045e+01
5.949966261260961620e-01 8.200171752382101431e+01
6.072810970026001343e-01 7.842064819542815712e+01
6.195641138211566146e-01 7.507216461379171335e+01
6.318725909241229566e-01 7.190971196873704230e+01
6.441734965778191935e-01 6.891564793903734198e+01
6.564797894961378333e-01 6.610345865980659141e+01
6.686914929796821117e-01 6.349452892785842550e+01
6.809527893726128323e-01 6.099904928673685589e+01
6.932444725786992556e-01 5.861816813200779563e+01
7.054525470905848028e-01 5.637808112482363754e+01
7.177279646031660132e-01 5.427181028156020659e+01
7.300093567625280944e-01 5.227103324034145970e+01
7.423152589350650032e-01 5.035947444571074527e+01
7.545976543671308878e-01 4.853777464534078945e+01
7.668242736309552887e-01 4.681258280685452888e+01
7.791532429173236851e-01 4.516994151471309493e+01
7.914205781278266238e-01 4.362063857125910715e+01
8.036946471889406807e-01 4.214248736111979809e+01
8.159793690377137310e-01 4.072413470931697788e+01
8.282032717995754245e-01 3.937544795892885929e+01
8.405128489456621388e-01 3.807893307430153129e+01
8.528044235981327992e-01 3.684572924864512089e+01
8.650383425504041268e-01 3.567181841796097785e+01
8.772723753339952690e-01 3.455708245421335789e+01
8.895340321420209806e-01 3.348954045788819656e+01
9.018817618365986277e-01 3.245503072681342616e+01
9.141883520666792551e-01 3.146506082497856482e+01
9.264619888246796719e-01 3.052211876720489769e+01
9.387414586625268953e-01 2.961400732528608515e+01
9.509803448018084859e-01 2.874287925934833865e+01
9.632221134977815291e-01 2.791242612629682185e+01
9.754896314977136162e-01 2.711197435353010832e+01
9.877264067106145129e-01 2.634912689567450172e+01
9.999851844861834538e-01 2.561789377470927676e+01
1.012329339168382747e+00 2.490298208379330802e+01
1.024626907347453875e+00 2.422122947934078852e+01
1.036866689471437342e+00 2.356731970186431724e+01
1.049135487527864008e+00 2.293240905391364493e+01
1.061441354492477229e+00 2.232393892521559309e+01
1.073716958242755926e+00 2.173244015643664540e+01
1.085925311725509657e+00 2.117016478047905892e+01
1.098213833495794933e+00 2.062158567214392235e+01
1.110549154774624014e+00 2.009250753450099580e+01
1.122813426886622556e+00 1.958859342397634506e+01
1.135068430671317463e+00 1.909975751553106349e+01
1.147342703947374032e+00 1.863139333925217045e+01
1.159604759492050663e+00 1.817338616894375036e+01
1.171869554121423906e+00 1.773619980234453308e+01
1.184117043636903954e+00 1.730785073465062140e+01
1.196380808473640034e+00 1.689867383318203409e+01
1.208687090056549174e+00 1.649552241391737795e+01
1.220959130578168628e+00 1.611176215985735638e+01
1.233208524119171701e+00 1.573542613414831948e+01
1.245508543932532852e+00 1.537457834760078867e+01
1.257784757305784762e+00 1.502060217869480141e+01
1.270055775740428938e+00 1.468354353628972930e+01
1.282341075690068832e+00 1.435167184633004922e+01
1.294603412909409723e+00 1.403775357284481551e+01
1.306872192362329876e+00 1.372797962160390917e+01
1.319154366677192103e+00 1.343219262507066958e+01
1.331413222210922065e+00 1.314052010078107102e+01
1.343670459103085024e+00 1.286205836276844217e+01
1.355926661325111748e+00 1.258749186346113547e+01
1.368198362306287663e+00 1.232363869637009124e+01
1.380493198358981433e+00 1.206488453291735397e+01
1.392777181745514348e+00 1.181384811176375749e+01
1.405062196910951799e+00 1.157125482120662596e+01
1.417350389671748312e+00 1.133234668704152348e+01
1.429619703122777752e+00 1.110440598951644731e+01
1.441896130395259989e+00 1.087809336418446193e+01
1.454153528625109715e+00 1.066256509255601870e+01
1.466381113760885535e+00 1.045014873861451221e+01
1.478663798537000362e+00 1.024508816719712989e+01
1.490945590056615089e+00 1.004731472794385283e+01
1.503215467901839242e+00 9.852152637198406282e+00
1.515506856276889414e+00 9.665583957778917323e+00
1.527798704103739080e+00 9.480021867182413686e+00
1.540100615359619285e+00 9.301780325792716297e+00
1.552323594607271318e+00 9.128498282626157589e+00
1.564549078286756156e+00 8.957639154777794488e+00
1.576828957669637710e+00 8.793776941662098778e+00
1.589107367637560886e+00 8.630587101257718885e+00
1.601397118763717042e+00 8.473434704309751098e+00
1.613662668137236356e+00 8.320480017578391951e+00
1.625956510086740581e+00 8.168482766510683390e+00
1.638273353518620468e+00 8.023390361561693496e+00
1.650514624911034955e+00 7.880265811482498606e+00
1.662750613141406264e+00 7.740578587180446668e+00
1.675038763356534233e+00 7.605835730899225489e+00
1.687316157434399555e+00 7.471411621947272153e+00
1.699577919034019002e+00 7.343235387831771988e+00
1.711844019198244693e+00 7.218400045672471066e+00
1.724121889976205191e+00 7.094085794393321542e+00
1.736393169926629509e+00 6.975802951402818586e+00
1.748649316593648084e+00 6.859139092640209157e+00
1.760929058575410933e+00 6.743470837843326571e+00
1.773209682934749454e+00 6.633213109670420771e+00
1.785496948406629647e+00 6.523548119298925307e+00
1.797779508081463584e+00 6.415630904499622034e+00
1.810045833062560616e+00 6.312712446551814516e+00
1.822328995141098806e+00 6.209944245885137271e+00
1.834622279524171340e+00 6.109033956836067425e+00
1.846870127325623168e+00 6.012824739057901269e+00
1.859113337231853569e+00 5.916814685707552535e+00
1.871369828971394922e+00 5.822537855887108371e+00
1.883662336941608340e+00 5.732057377445751278e+00
1.895967949490765081e+00 5.641623820988071358e+00
1.908218963624774167e+00 5.553115363954104211e+00
1.920473361096422416e+00 5.468537198327526383e+00
1.932728508001044121e+00 5.384158044441135438e+00
1.945011049581989448e+00 5.300709708910764206e+00
1.957297342392070760e+00 5.221550916408432386e+00
1.969540729633649123e+00 5.143095241030075648e+00
1.981824563452103227e+00 5.064910499264176913e+00
1.994126144882194751e+00 4.990617693332367821e+00
2.006394537955421775e+00 4.917356187743971319e+00
2.018670334343899864e+00 4.844150735421933085e+00
2.030952316497373289e+00 4.773969234320127875e+00
2.043216798362256004e+00 4.705329529757319662e+00
2.055475510122651617e+00 4.636722095919030728e+00
2.067735799890346726e+00 4.569870555589163885e+00
2.080008516254567397e+00 4.505495578833626169e+00
2.092298443663116014e+00 4.441049324985980817e+00
2.104578287136098957e+00 4.377240904866365412e+00
2.116845418601210227e+00 4.316541844905959380e+00
2.129117295843077962e+00 4.256257048764027218e+00
2.141386119469398608e+00 4.196006014175618581e+00
2.153674144242317734e+00 4.137914915873725619e+00
2.165943509394002930e+00 4.081458868968119269e+00
2.178174723454857631e+00 4.025178350397541571e+00
2.190433903448424591e+00 3.969393316002783667e+00
2.202719931868166281e+00 3.916148420706798472e+00
2.215018711620012848e+00 3.863149207207328573e+00
2.227273593520805672e+00 3.810339753089401427e+00
2.239529706996110647e+00 3.759354491964548739e+00
2.251840710091987496e+00 3.709866879240935944e+00
2.264119014215441705e+00 3.660510704917887992e+00
2.276384279003433875e+00 3.611449964792512457e+00
2.288658423418587606e+00 3.564934429112921244e+00
2.300952091017892887e+00 3.519043519994025981e+00
2.313218143961406348e+00 3.473255688738134062e+00
2.325458350675993380e+00 3.428177149217283670e+00
2.337719218738625759e+00 3.385127855999177537e+00
2.350003147866706943e+00 3.342177334538829481e+00
2.362279058175797530e+00 3.299254842416748712e+00
2.374538937598235311e+00 3.257380444884290682e+00
2.386816000033005647e+00 3.217147912018179401e+00
2.399102824518786203e+00 3.176912813780403688e+00
2.411392629484657046e+00 3.136667959085201574e+00
2.423637270133701449e+00 3.097807010393050398e+00
2.435888431421263434e+00 3.060240280255986267e+00
2.448174802894025337e+00 3.022565847549698592e+00
2.460449199376890217e+00 2.984929569695070395e+00
2.472719088229479834e+00 2.948585646519494397e+00
2.484992831186476625e+00 2.913349436326451602e+00
2.497273806662959394e+00 2.878092464189259125e+00
2.509544184074824269e+00 2.842865975661450051e+00
2.521827062063934477e+00 2.808746821323200749e+00
2.534112812322843578e+00 2.775729480389027781e+00
2.546370817755073013e+00 2.742786715601363667e+00
2.558627656962102925e+00 2.709847081666539204e+00
2.570901337570405953e+00 2.677725539619461248e+00
2.583177336304471883e+00 2.646865343014655370e+00
2.595440486720578921e+00 2.616048345045555390e+00
2.607704762491110717e+00 2.585228515740821464e+00
2.620001080686306771e+00 2.554908011818940228e+00
2.632286922231434456e+00 2.526244022794200461e+00
2.644534427140472932e+00 2.497768571421381534e+00
2.656802040265521470e+00 2.469246371729075129e+00
2.669073687515052029e+00 2.440883728717555101e+00
2.681350663644082921e+00 2.413861382541493850e+00
2.693623847875446398e+00 2.387139671983707689e+00
2.705878137328059818e+00 2.360459092798588010e+00
2.718161480124765106e+00 2.333719717593924159e+00
2.730438457898014093e+00 2.307961449095417450e+00
2.742710787932656658e+00 2.282949529236287134e+00
2.754989883536780759e+00 2.257923816062261224e+00
2.767261470157902359e+00 2.232913401409926557e+00
2.779527771137290770e+00 2.208224270074250928e+00
2.791792657323202587e+00 2.184715926743139747e+00
2.804076091151673555e+00 2.161284486974228702e+00
2.816361645196279184e+00 2.137848995330864810e+00
2.828620519698351377e+00 2.114469824614366722e+00
2.840883569190919111e+00 2.091952373399035725e+00
2.853162813112358975e+00 2.070032160581928515e+00
2.865450010721949603e+00 2.048097754143971549e+00
2.877720591785824400e+00 2.026193001978191077e+00
2.889980478242957229e+00 2.004455851807311895e+00
2.902258175496396753e+00 1.983742708899699503e+00
2.914518854472965437e+00 1.963264565118268079e+00
2.926762721606932960e+00 1.942814499961009744e+00
2.939034749745344843e+00 1.922317405407532043e+00
2.951320369754638406e+00 1.902154783540286109e+00
2.963597026501346932e+00 1.882923977698093054e+00
2.975876194561613453e+00 1.863734864012184689e+00
2.988160315109058551e+00 1.844538015788625529e+00
3.000449644660864834e+00 1.825333023969665680e+00
3.012716332634865157e+00 1.806770395531998918e+00
3.024968759761666348e+00 1.789039631480838999e+00
3.037252171006531665e+00 1.771268103239863168e+00
3.049526120964057618e+00 1.753510262495257210e+00
3.061775712289526830e+00 1.735787742435814129e+00
3.074050272894680358e+00 1.718626928386607799e+00
3.086335131672947263e+00 1.702028376750304384e+00
3.098604365236381053e+00 1.685450934871991269e+00
3.110859489026789326e+00 1.668892559164971479e+00
3.123137658326072597e+00 1.652303041303873066e+00
3.135433948671655369e+00 1.636222510080673320e+00
3.147695129457003915e+00 1.620719778402765376e+00
3.159956328254873270e+00 1.605217022635113677e+00
3.172232976043315666e+00 1.589694735858482311e+00
3.184501257851794165e+00 1.574183029495732189e+00
3.196775435955213851e+00 1.559058299962611915e+00
3.209044865222644205e+00 1.544538089929857749e+00
3.221307079525221884e+00 1.530032642207782789e+00
3.233581408312706795e+00 1.515512861978023373e+00
3.245858629450829369e+00 1.500989664618686215e+00
3.258143378674136947e+00 1.486671919459374491e+00
3.270410557577971389e+00 1.473047734964421096e+00
3.282661665213619351e+00 1.459490871287261626e+00
3.294949090802971714e+00 1.445893820401724872e+00
3.307244200655479638e+00 1.432288260139171987e+00
3.319496480125943449e+00 1.418785797134550331e+00
3.331765223362041173e+00 1.405906566887488607e+00
3.344051721244690523e+00 1.393189977776779553e+00
3.356325050698430346e+00 1.380487015521895566e+00
3.368596307392438316e+00 1.367786202651910976e+00
3.380854472437640812e+00 1.355098937295114103e+00
3.393138905317619081e+00 1.342743850291410634e+00
3.405406306535367467e+00 1.330868871953003962e+00
3.417657680989456548e+00 1.319011238772853867e+00
3.429938663402217092e+00 1.307124951261413814e+00
3.442214032587430417e+00 1.295244095251588012e+00
3.454484843056887300e+00 1.283435748807519872e+00
3.466756647980139938e+00 1.272257011808164640e+00
3.479034376591896738e+00 1.261226760024551696e+00
3.491307566462293899e+00 1.250200587249950424e+00
3.503582350785310773e+00 1.239172983272101458e+00
3.515849804558033309e+00 1.228151967650819021e+00
3.528113199069885297e+00 1.217352867281745743e+00
3.540379188868042704e+00 1.207075564063917472e+00
3.552650333566175433e+00 1.196816989398325592e+00
3.564930099127972429e+00 1.186551214361943440e+00
3.577201769827548006e+00 1.176292201831142581e+00
3.589475285534829307e+00 1.166031649329125397e+00
3.601759315099353209e+00 1.156092697906274669e+00
3.614032945244215256e+00 1.146494172577005921e+00
3.626301000303521871e+00 1.136900011639544905e+00
3.638569887417207216e+00 1.127305198588324453e+00
3.650838632506976822e+00 1.117710496769120709e+00
3.663120446880168135e+00 1.108110522887856719e+00
3.675392231131059617e+00 1.098897848983568570e+00
3.687654129504458478e+00 1.089929572554419801e+00
3.699910200907845059e+00 1.080965554557126618e+00
3.712192899007472846e+00 1.071982067593928889e+00
3.724479589655305123e+00 1.062995658487858597e+00
3.736733640063575113e+00 1.054038382252382666e+00
3.749005728100832435e+00 1.045427357068011487e+00
3.761283023631708744e+00 1.037030929611054697e+00
3.773563485184610933e+00 1.028632330023285579e+00
3.785825516964203885e+00 1.020246335663490767e+00
3.798082802949320325e+00 1.011863590309795446e+00
3.810363893373462041e+00 1.003464722156974354e+00
3.822645720709119566e+00 9.953514939755035984e-01
3.834921229715159363e+00 9.875021769183245368e-01
3.847188317665898971e+00 9.796582448967843249e-01
3.859469575550916964e+00 9.718052501290690426e-01
3.871753985767769191e+00 9.639502398161856611e-01
3.884018640962858981e+00 9.561078631746434686e-01
3.896281982801185872e+00 9.484268237968079829e-01
3.908553995714485030e+00 9.410796647862246234e-01
3.920819940236625278e+00 9.337471326973741936e-01
3.933080957844246495e+00 9.264175480678560337e-01
3.945346259001160760e+00 9.190854015927749643e-01
3.957637313618597830e+00 9.117378572531773528e-01
3.969923042548726411e+00 9.044418558386470020e-01
3.982175629228108971e+00 8.975448141593290741e-01
3.994441680205387257e+00 8.907215485698983803e-01
4.006728047574338980e+00 8.838869820003300015e-01
4.019004858472411179e+00 8.770577292288873616e-01
4.031277336217974572e+00 8.702308880297517923e-01
4.043554573420149012e+00 8.634013996471255892e-01
4.055839410316336213e+00 8.567925472482466054e-01
4.068096764528600140e+00 8.504697428457312913e-01
4.080340929220048984e+00 8.441543390700882998e-01
4.092625520834049624e+00 8.378180825904474327e-01
4.104896838065174691e+00 8.314886736763800190e-01
4.117161186094653758e+00 8.251628583328896038e-01
4.129437242236893013e+00 8.188538020305127230e-01
4.141704639004231581e+00 8.128458337890781538e-01
4.153978514844194336e+00 8.069260295169284891e-01
4.166254106252230471e+00 8.010053988200842578e-01
4.178538610145275278e+00 7.950804681053539325e-01
4.190814707343741397e+00 7.891595928745083199e-01
4.203073452331837601e+00 7.832470880793619417e-01
4.215351491768677406e+00 7.773916750580734947e-01
4.227627847837150732e+00 7.718224677665045386e-01
4.239903836936770531e+00 7.662865198122694732e-01
4.252176174544948672e+00 7.607522184907359319e-01
4.264429117117187751e+00 7.552266627618173800e-01
4.276699880393182163e+00 7.496930712241380856e-01
4.288984777500015610e+00 7.441531057835565344e-01
4.301255117606400447e+00 7.387087914068601879e-01
4.313518958654457336e+00 7.335227449520492771e-01
4.325790419391779551e+00 7.283492711215280302e-01
4.338071573855772911e+00 7.231717103740301633e-01
4.350337804712862244e+00 7.180004413455788326e-01
4.362611775147850146e+00 7.128259094020694686e-01
4.374889726767814402e+00 7.076496979511046614e-01
4.387156715049502331e+00 7.025569324583321729e-01
4.399426645293336158e+00 6.977053876205281391e-01
4.411686492803647219e+00 6.928749049025382245e-01
4.423963183132842758e+00 6.880377866425149147e-01
4.436231333416778000e+00 6.832040325612038778e-01
4.448504024620786090e+00 6.783684890769282605e-01
4.460786102766904904e+00 6.735292486517775457e-01
4.473052605097511680e+00 6.687390683079557085e-01
4.485333680898416553e+00 6.641817734764833281e-01
4.497601237084061232e+00 6.596660668032834351e-01
4.509866070174105346e+00 6.551513633588113006e-01
4.522145635346641157e+00 6.506312356635655103e-01
4.534428519381624945e+00 6.461098861560493622e-01
4.546703018242844507e+00 6.415916242735749675e-01
4.558957625766161925e+00 6.370876185321375784e-01
4.571226642211251523e+00 6.327799313629498545e-01
4.583509777054324275e+00 6.285604525143875243e-01
4.595790059827854712e+00 6.243419527345333009e-01
4.608061949813968106e+00 6.201263359344797443e-01
4.620318584818105201e+00 6.159159615138866117e-01
4.632589805876371258e+00 6.117005740771358502e-01
4.644869853213136501e+00 6.074821550982103524e-01
4.657136883942349925e+00 6.033616477399827982e-01
4.669407249318447306e+00 5.994581581224761591e-01
4.681668364815647188e+00 5.955666083566646396e-01
4.693936637293424141e+00 5.916727892337901862e-01
4.706220932875434748e+00 5.877738835921851868e-01
4.718499554358994708e+00 5.838767792736448969e-01
4.730782650520382937e+00 5.799782527192716142e-01
4.743047316918455714e+00 5.760888914675132977e-01
4.755307692139830955e+00 5.723624467211710920e-01
4.767583057675158109e+00 5.687206076584396808e-01
4.779863394372367402e+00 5.650772942436719237e-01
4.792132641916739821e+00 5.614372686777815424e-01
4.804399941113462802e+00 5.577978217488488433e-01
4.816678316286075123e+00 5.541550906274363975e-01
4.828949285393635549e+00 5.505145554956596410e-01
4.841208182326298903e+00 5.468974065559051301e-01
4.853478345205306077e+00 5.434534417267455897e-01
4.865760528755814995e+00 5.400477786338253594e-01
4.878024554178364447e+00 5.366471510739345696e-01
4.890296377151694962e+00 5.332443590724809113e-01
4.902574231215205636e+00 5.298398965540122019e-01
4.914845323572139435e+00 5.264373089904618164e-01
4.927125567488364055e+00 5.230321787700620284e-01
4.939397986818531372e+00 5.196570537788001154e-01
4.951664280457524825e+00 5.164507705847473096e-01
4.963940592502508409e+00 5.132696192917098887e-01
4.976216953277528887e+00 5.100884555606902682e-01
4.988477996474629528e+00 5.069112603036252107e-01
5.000736047494441117e+00 5.037348418104103942e-01
5.013022640065464053e+00 5.005510262007611955e-01
5.025302982194676638e+00 4.973688310287076586e-01
5.037566103908967641e+00 4.942106254652834374e-01
5.049844207396282592e+00 4.912042030359578537e-01
5.062119542870266109e+00 4.882320145506189313e-01
5.074383105131830440e+00 4.852626768543519264e-01
5.086641552088245533e+00 4.822945775614239095e-01
5.098920420017480026e+00 4.793215342909372123e-01
5.111195199258650845e+00 4.763494802118069527e-01
5.123449562989547346e+00 4.733823704500728091e-01
5.135725975397288146e+00 4.704139409349485934e-01
5.148005044968195776e+00 4.675742580411465510e-01
5.160275585351876693e+00 4.647987462835200811e-01
5.172546707875350869e+00 4.620231026908986349e-01
5.184827951212304775e+00 4.592451705370763637e-01
5.197107563567055166e+00 4.564676064687127610e-01
5.209372262483340954e+00 4.536934162014140681e-01
5.221649174658606007e+00 4.509164633042205828e-01
5.233932550562378161e+00 4.481380490027064289e-01
5.246207608362158936e+00 4.454218325737848150e-01
5.258474246095205196e+00 4.428271829840926821e-01
5.270738469237462809e+00 4.402362969897035128e-01
5.282999075966164249e+00 4.376461739990643030e-01
5.295265148876008077e+00 4.350548960952473343e-01
5.307538878972787089e+00 4.324620007497270158e-01
5.319816023849368136e+00 4.298683842441171632e-01
5.332106425194989008e+00 4.272719674546198720e-01
5.344371217832380339e+00 4.246869752489109140e-01
5.356624881905982072e+00 4.222399317132761731e-01
5.368905907939013566e+00 4.198434183641610029e-01
5.381178681067710912e+00 4.174485150013343415e-01
5.393451198524775059e+00 4.150536613915767337e-01
5.405726878719107731e+00 4.126581910802479825e-01
5.417999076018534588e+00 4.102634000827476979e-01
5.430270917047597123e+00 4.078686785913753221e-01
5.442534276784082969e+00 4.054756117406532745e-01
5.454800894502979780e+00 4.031030572386321564e-01
5.467077870139476659e+00 4.008491089253172768e-01
5.479355737083116296e+00 3.986140681776443873e-01
5.491631123293435834e+00 3.963794787443082335e-01
5.503885461799915113e+00 3.941487215853766712e-01
5.516150871778835452e+00 3.919159486012672722e-01
5.528443541640725378e+00 3.896782123964936950e-01
5.540720369487344144e+00 3.874433606915712591e-01
5.552988485023032439e+00 3.852100952805613820e-01
5.565261674970053640e+00 3.830026980172151485e-01
5.577534275054667035e+00 3.809036713253632356e-01
5.589802466245866519e+00 3.788168234996682759e-01
5.602075290374081362e+00 3.767291867124168414e-01
5.614350464861192158e+00 3.746411501535392152e-01
5.626623423538474000e+00 3.725534905891614845e-01
5.638893167212405189e+00 3.704663782756738022e-01
5.651161305429462267e+00 3.683795386638414326e-01
5.663425285909801765e+00 3.662934063947831942e-01
5.675691479571933762e+00 3.642251835506323254e-01
5.687971082709079695e+00 3.622577608409950911e-01
5.700246234071071783e+00 3.603070908538889561e-01
5.712517806570711620e+00 3.583569903680392521e-01
5.724796874665427637e+00 3.564056975530370264e-01
5.737066926053280724e+00 3.544558381928992197e-01
5.749336020301031525e+00 3.525061306056830879e-01
5.761614331000809663e+00 3.505549594501750632e-01
5.773882296547530046e+00 3.486054303257484777e-01
5.786153448888407880e+00 3.466593678433116943e-01
5.798430888328152122e+00 3.448006436794349150e-01
5.810698718707794974e+00 3.429797904012956145e-01
5.822968649516642614e+00 3.411586258744477851e-01
5.835247741956022693e+00 3.393361018753125458e-01
5.847517818375936649e+00 3.375149154059501888e-01
5.859777924360419554e+00 3.356952085470161218e-01
5.872043469733759125e+00 3.338746952592277495e-01
5.884316208247446944e+00 3.320531137603905947e-01
5.896588339242491372e+00 3.302316224548989543e-01
5.908862253089940175e+00 3.284475800791756273e-01
5.921140273745074012e+00 3.267430661431763861e-01
5.933416110825472600e+00 3.250414961019335580e-01
5.945693655629928465e+00 3.233396910669526503e-01
5.957960216997184588e+00 3.216394077344745805e-01
5.970224694105725760e+00 3.199394132637191634e-01
5.982501212736559104e+00 3.182377498584759712e-01
5.994773016381848230e+00 3.165367398678057276e-01
6.007052309174411242e+00 3.148346913918409484e-01
6.019323996014493972e+00 3.131349117573520302e-01
6.031591083960865518e+00 3.115062609369908531e-01
6.043864685712702745e+00 3.099176526153049616e-01
6.056140762083756179e+00 3.083287246219589273e-01
6.068414447141080359e+00 3.067401051494483832e-01
6.080682390425510064e+00 3.051522293767872096e-01
6.092950687706149893e+00 3.035643077968530057e-01
6.105222847777539208e+00 3.019758857725557410e-01
6.117498704959920985e+00 3.003869859262997544e-01
6.129764184834314733e+00 2.987994289184731089e-01
6.142038972320288615e+00 2.972162736089958290e-01
6.154304765200349081e+00 2.957179426503354081e-01
6.166569788653463391e+00 2.942477301006587997e-01
6.178846494966856895e+00 2.927761173356189794e-01
6.191116693006394556e+00 2.913052845341742580e-01
6.203394119564271669e+00 2.898335853962890618e-01
6.215666041891435789e+00 2.883625454575661773e-01
6.227935347627760798e+00 2.868918199712697792e-01
6.240216034129863587e+00 2.854197301504481366e-01
6.252491040510594011e+00 2.839483208171926232e-01
6.264748912887735166e+00 2.824827939758930984e-01
6.277022083960849486e+00 2.810877972709961425e-01
6.289302104888057521e+00 2.797193515703195743e-01
6.301575577258628158e+00 2.783516364361092732e-01
6.313842739442879548e+00 2.769846238009930905e-01
6.326111758774734639e+00 2.756174045758596480e-01
6.338388371629334550e+00 2.742493387973116703e-01
6.350653504839701924e+00 2.728825524736484542e-01
6.362925521019373143e+00 2.715149992870299345e-01
6.375199703367512960e+00 2.701472050415100190e-01
6.387469226768377695e+00 2.687799866883582856e-01
6.399745155096550953e+00 2.674603003588934547e-01
6.412021048691203262e+00 2.661824536657353968e-01
6.424291589113733103e+00 2.649051639107285472e-01
6.436561860313417149e+00 2.636279020528427552e-01
6.448839981748705874e+00 2.623498231159736016e-01
6.461108547751658548e+00 2.610727379135328041e-01
6.473374451307642552e+00 2.597959309952637685e-01
6.485648452683405729e+00 2.585182808809045052e-01
6.497912794912579670e+00 2.572416363550537044e-01
6.510188675064301655e+00 2.559637903715465401e-01
6.522469883466725626e+00 2.547003653034644599e-01
6.534740035532724534e+00 2.535005946663547172e-01
6.547014109070398824e+00 2.523073394671356273e-01
6.559280453511415310e+00 2.511148350931134976e-01
6.571544309808293960e+00 2.499225734551187295e-01
6.583821092479313464e+00 2.487290545256370111e-01
6.596089921004116619e+00 2.475363090141169953e-01
6.608365544053812712e+00 2.463429030294290167e-01
6.620644703812256893e+00 2.451491534271122708e-01
6.632912942264358236e+00 2.439564652431521485e-01
6.645177683617404796e+00 2.427641173477056991e-01
6.657442543711369787e+00 2.416068744567225202e-01
6.669722534938342662e+00 2.404919736658401030e-01
6.681993318463547382e+00 2.393780306120252832e-01
6.694261204019748668e+00 2.382643515406494272e-01
6.706541488313978228e+00 2.371495467120780243e-01
6.718813955717831021e+00 2.360354516044115558e-01
6.731080972576989119e+00 2.349218514166598604e-01
6.743359824121949231e+00 2.338071766620267167e-01
6.755631353408082518e+00 2.326931669548433224e-01
6.767898304576293711e+00 2.315795724110684128e-01
6.780174663240607913e+00 2.304653604665563571e-01
6.792450332450066242e+00 2.293936271444078356e-01
6.804726074812886161e+00 2.283531901771175543e-01
6.816986550199255923e+00 2.273140463630770047e-01
6.829262858100193512e+00 2.262735614188657318e-01
6.841539361448875312e+00 2.252330598483364976e-01
6.853798339181921051e+00 2.241940431994728089e-01
6.866070662062549346e+00 2.231538959817693790e-01
6.878342039442563838e+00 2.221138287324619931e-01
6.890609277951348588e+00 2.210741125067685331e-01
6.902882119035200326e+00 2.200339207773566452e-01
6.915161583719115157e+00 2.189931677688179978e-01
6.927430680718094536e+00 2.179876598569129020e-01
6.939709919086802792e+00 2.170161556850929152e-01
6.951990815117643052e+00 2.160445209315226545e-01
6.964254035975310231e+00 2.150742846257439889e-01
6.976522773357487495e+00 2.141036117921269188e-01
6.988800533124341463e+00 2.131322250357933212e-01
7.001071106094600260e+00 2.121614068410982157e-01
7.013333865652984223e+00 2.111912068398450748e-01
7.025600402972400182e+00 2.102207080745898127e-01
7.037876815905639738e+00 2.092494276918563656e-01
7.050143162335931635e+00 2.082789440261459957e-01
7.062413118975667814e+00 2.073247634269552442e-01
7.074690835034955327e+00 2.064193561519147568e-01
7.086953823365687910e+00 2.055183275718341085e-01
7.099228383676583043e+00 2.046164484812577344e-01
7.111513847242655117e+00 2.037137686815593818e-01
7.123796124336221780e+00 2.028113223586213709e-01
7.136061299463858809e+00 2.019101331007460143e-01
7.148327355427038121e+00 2.010088789695019529e-01
7.160609574504935182e+00 2.001064373399502605e-01
7.172879532441566397e+00 1.992048965417407835e-01
7.185145013609509412e+00 1.983036846234533246e-01
7.197419400246670484e+00 1.974026919048434414e-01
7.209686158792262489e+00 1.965444730762213876e-01
7.221957944822181119e+00 1.957092518566534434e-01
7.234230264056627391e+00 1.948739946948245261e-01
7.246500669247545545e+00 1.940388672294830197e-01
7.258778712036681569e+00 1.932032206526130003e-01
7.271045876620886972e+00 1.923683141213692327e-01
7.283317379378636325e+00 1.915331122660821339e-01
7.295585645099416539e+00 1.906981309289554061e-01
7.307853272958525714e+00 1.898631926366750045e-01
7.320126745335258533e+00 1.890278565026874413e-01
7.332403784514088585e+00 1.881922782241198522e-01
7.344684206752194910e+00 1.873608902669438026e-01
7.356944630619157266e+00 1.865716616668781080e-01
7.369203505154014344e+00 1.857924503754423418e-01
7.381489563580306168e+00 1.850115112232341985e-01
7.393767997341700315e+00 1.842310568325056519e-01
7.406035012783036109e+00 1.834513280920097300e-01
7.418310408017617874e+00 1.826710668560206641e-01
7.430583523958874004e+00 1.818909502439851333e-01
7.442848698749097380e+00 1.811113385796977449e-01
7.455115140482812208e+00 1.803316462464275016e-01
7.467393400753554289e+00 1.795512029737634796e-01
7.479670706718533957e+00 1.787708200710613760e-01
7.491938287174950695e+00 1.779952236670044319e-01
7.504211718186098778e+00 1.772575676918873300e-01
7.516487524916406926e+00 1.765290342413869118e-01
7.528756717252752750e+00 1.758008937924648296e-01
7.541025073247601185e+00 1.750728030889943110e-01
7.553289932926945838e+00 1.743449196772030307e-01
7.565561465824747422e+00 1.736166402010832777e-01
7.577833530066534706e+00 1.728883292115913073e-01
7.590111647225785241e+00 1.721596591766155204e-01
7.602381972987688030e+00 1.714314514492830677e-01
7.614655952603478717e+00 1.707030269092542907e-01
7.626936654011594818e+00 1.699742034121707879e-01
7.639201077174127441e+00 1.692469878228003155e-01
7.651464677559008720e+00 1.685506116397596788e-01
7.663742408944604456e+00 1.678704236393121774e-01
7.676018682205153709e+00 1.671903167455070505e-01
7.688277897293473551e+00 1.665111542887614260e-01
7.700553029590799348e+00 1.658311104819459036e-01
7.712841539575106431e+00 1.651503255417663685e-01
7.725115900344815323e+00 1.644703243287011230e-01
7.737377467933403530e+00 1.637910318476711591e-01
7.749649077377426032e+00 1.631111830766220072e-01
7.761925140087297059e+00 1.624310878089226806e-01
7.774189133048908573e+00 1.617516609014738038e-01
7.786454493502858121e+00 1.610721583540096480e-01
7.798729952904426277e+00 1.604025441157387877e-01
7.811006225976846906e+00 1.597653771947850354e-01
7.823273097295126988e+00 1.591310342519896281e-01
7.835544041210333432e+00 1.584964808669905301e-01
7.847819977077952203e+00 1.578616692379139208e-01
7.860089479685364644e+00 1.572271902064693583e-01
7.872351698554277633e+00 1.565930881457274493e-01
7.884626620084905113e+00 1.559583287811802665e-01
7.896910675867973239e+00 1.553230973842266438e-01
7.909185804878801740e+00 1.546883274386642859e-01
7.921449240942633807e+00 1.540541623520266801e-01
7.933712714466360616e+00 1.534199953501773628e-01
7.945992141775624518e+00 1.527850032009087922e-01
7.958263943266027596e+00 1.521692899058764981e-01
7.970529202206244612e+00 1.515772482893964213e-01
7.982815072190602379e+00 1.509842739379977095e-01
7.995091666618705517e+00 1.503917474926692865e-01
8.007352534518663134e+00 1.497999794010984598e-01
8.019627496013539414e+00 1.492075312152390254e-01
8.031903657762798687e+00 1.486150253044633274e-01
8.044177829663981427e+00 1.480226156505062007e-01
8.056443469555411241e+00 1.474306178257612232e-01
8.068702238919343017e+00 1.468389514282404384e-01
8.080979834332703504e+00 1.462463762810542189e-01
8.093254128705954287e+00 1.456539604833642643e-01
8.105527172113761836e+00 1.450616050073005037e-01
8.117799824830797206e+00 1.444879506649374978e-01
8.130070746172389562e+00 1.439365167554065295e-01
8.142347574779897457e+00 1.433848538785912896e-01
8.154613735759548732e+00 1.428336704403438961e-01
8.166891969913633531e+00 1.422819448597645031e-01
8.179177536943971205e+00 1.417298891713790476e-01
8.191440517885343553e+00 1.411788487969951045e-01
8.203698614659973742e+00 1.406280277653671473e-01
8.215977151523059518e+00 1.400762885027794225e-01
8.228243676889508862e+00 1.395250885859295742e-01
8.240504435001721362e+00 1.389741479259828660e-01
8.252785707216327538e+00 1.384222860340127426e-01
8.265065671816016035e+00 1.378704819116907954e-01
8.277324557407441219e+00 1.373301623347455147e-01
8.289585748629670903e+00 1.368196641049271023e-01
8.301876533943493897e+00 1.363097648453042432e-01
8.314155975094262629e+00 1.358003365615033098e-01
8.326420353875711555e+00 1.352915331233818519e-01
8.338685510668618406e+00 1.347826972926205735e-01
8.350960538704741865e+00 1.342734519907100854e-01
8.363227608907420674e+00 1.337645368813440983e-01
8.375495329190206562e+00 1.332555944276548332e-01
8.387774699174400439e+00 1.327461692527146242e-01
8.400050511116273100e+00 1.322368915451445914e-01
8.412324122887586242e+00 1.317277052461517384e-01
8.424591878007328560e+00 1.312187616728640038e-01
8.436851759049160293e+00 1.307107562631149855e-01
8.449126411638403056e+00 1.302243086376430048e-01
8.461409711470588846e+00 1.297486125900005061e-01
8.473680804149562817e+00 1.292733892933305984e-01
8.485956002545906429e+00 1.287980068524691712e-01
8.498224272441392557e+00 1.283228930736077800e-01
8.510487954240929298e+00 1.278479567574105358e-01
8.522772412692955157e+00 1.273722158710529906e-01
8.535053796640809765e+00 1.268965937852647441e-01
8.547317748051932895e+00 1.264216471966240485e-01
8.559569273047319626e+00 1.259471818725303727e-01
8.571845887373589434e+00 1.254717445429428258e-01
8.584118781488212946e+00 1.249964513856869769e-01
8.596382973081230006e+00 1.245214954834621274e-01
8.608649465365420639e+00 1.240490153602602230e-01
8.620929667616577419e+00 1.235994350372859457e-01
8.633209558916400184e+00 1.231554713210009783e-01
8.645469584347553749e+00 1.227122257819621004e-01
8.657746282655869763e+00 1.222683776232048602e-01
8.670026385849459061e+00 1.218244062742314809e-01
8.682297386725101873e+00 1.213807639769103330e-01
8.694565164370990473e+00 1.209372384166173542e-01
8.706839111581698987e+00 1.204934894470732626e-01
8.719120369574609342e+00 1.200494763850634833e-01
8.731387350995687413e+00 1.196059794608585053e-01
8.743648761245099266e+00 1.191626838864179444e-01
8.755929919930125038e+00 1.187186743476315587e-01
8.768209851493411477e+00 1.182747093170237879e-01
8.780467259624447962e+00 1.178332945876206239e-01
8.792716897867451920e+00 1.174135689867059490e-01
8.804990788692478532e+00 1.169994085933429434e-01
8.817278480690440290e+00 1.165847826315351832e-01
8.829539106754184630e+00 1.161710700505768912e-01
8.841804501929178883e+00 1.157571963773217916e-01
8.854088314059325171e+00 1.153427013759758951e-01
8.866365466353054003e+00 1.149284311207076636e-01
8.878627519001241808e+00 1.145146702470397904e-01
8.890896645518441943e+00 1.141006707556826705e-01
8.903187831684247655e+00 1.136859269293608449e-01
8.915456225116132671e+00 1.132719521556274367e-01
8.927709781126756283e+00 1.128584780735883836e-01
8.939990152027949222e+00 1.124440991930230199e-01
8.952272270807998922e+00 1.120296613914664036e-01
8.964541107018792587e+00 1.116294712073320899e-01
8.976809356349257030e+00 1.112431969083169242e-01
8.989080468384209155e+00 1.108568323341261319e-01
9.001360866934389193e+00 1.104701754677242659e-01
9.013628467605453665e+00 1.100839215040645691e-01
9.025896643178507261e+00 1.096976494495972843e-01
9.038179937995256097e+00 1.093109014010370944e-01
9.050449765342662545e+00 1.089245773086393865e-01
9.062703389140500221e+00 1.085387635195955436e-01
9.074965207442557968e+00 1.081526915853828347e-01
9.087254563502222382e+00 1.077657526731220228e-01
9.099528168298895991e+00 1.073793097691315562e-01
9.111784657965019463e+00 1.069934056620059359e-01
9.124064072285285931e+00 1.066067796795168443e-01
9.136356442171548409e+00 1.062215080842556919e-01
9.148620768239394963e+00 1.058560431435459498e-01
9.160876544471626914e+00 1.054960154726938965e-01
9.173170706417419495e+00 1.051348600832977681e-01
9.185440601819509610e+00 1.047744176822777429e-01
9.197674402580403807e+00 1.044150354887867782e-01
9.209944845369468780e+00 1.040545769469542886e-01
9.222235240478099172e+00 1.036935322609120746e-01
9.234498421270382451e+00 1.033332869825385886e-01
9.246753046439533108e+00 1.029732931312071359e-01
9.259037423527585631e+00 1.026124252206295218e-01
9.271318620244818121e+00 1.022516506833513195e-01
9.283583735052717500e+00 1.018913486899212378e-01
9.295857464896441158e+00 1.015307935720302368e-01
9.308129938852692575e+00 1.011702752994794591e-01
9.320409396199853092e+00 1.008119101412570523e-01
9.332685982394551161e+00 1.004716814091110022e-01
9.344943288712755702e+00 1.001357784875935714e-01
9.357241097457126955e+00 9.979876592195105478e-02
9.369539418685082666e+00 9.946173909132217938e-02
9.381779229270216902e+00 9.912631582673239738e-02
9.394040987290516398e+00 9.879029104870833133e-02
9.406338762356838856e+00 9.845327922911556451e-02
9.418612061369849187e+00 9.811693812142828486e-02
9.430853312326764382e+00 9.778147532905938355e-02
9.443145451901411747e+00 9.744461800246874417e-02
9.455452709694613489e+00 9.710734636846866941e-02
9.467696364511542839e+00 9.677181780342042350e-02
9.479945819457697098e+00 9.643613014221977253e-02
9.492244655254580721e+00 9.609908923079293896e-02
9.504520965108966379e+00 9.576330253243281465e-02
9.516771803388767381e+00 9.544578955028598655e-02
9.529051481510224519e+00 9.513554198217435975e-02
9.541350025665284562e+00 9.482481774375402239e-02
9.553614768156799997e+00 9.451494765456013025e-02
9.565852790388564841e+00 9.420575252910097508e-02
9.578130809331275586e+00 9.389554692761457877e-02
9.590421864960230636e+00 9.358501189768890505e-02
9.602686181770573981e+00 9.327515252513195188e-02
9.614937662773536786e+00 9.296561730794981881e-02
9.627210560705263376e+00 9.265554107417091345e-02
9.639520699396086911e+00 9.234452390802676269e-02
9.651794241248827788e+00 9.203443146738252145e-02
9.664021032207420703e+00 9.172552015755391919e-02
9.676318634298157306e+00 9.141481959487424147e-02
9.688615674018457469e+00 9.110413357566841952e-02
9.700826852982181947e+00 9.080056630220363634e-02
9.713081166884682816e+00 9.051093353166124456e-02
9.725420455621609506e+00 9.022032364055247722e-02
9.737699645480059729e+00 8.993112902259850494e-02
9.749902593026686048e+00 8.964373016747358147e-02
9.762190849728799691e+00 8.935432206823623602e-02
9.774524940846697874e+00 8.906383451976507271e-02
9.786774990485199055e+00 8.877532618756997507e-02
9.798979237984754675e+00 8.848789671250240074e-02
9.811278410684318274e+00 8.819823154244825492e-02
9.823611365372379112e+00 8.790777077721492749e-02
9.835856550733424797e+00 8.761937700926034078e-02
9.848110951745821851e+00 8.733076632698119623e-02
9.860407999080017305e+00 8.704115120814093221e-02
9.872697756535982805e+00 8.675170780000046600e-02
9.884901659674879326e+00 8.646428632473350528e-02
9.897163985466415070e+00 8.618236746200398646e-02
9.909521851063152198e+00 8.591048827388694797e-02
9.921769663419794938e+00 8.564126243039714426e-02
9.933970968713669691e+00 8.537305881419676723e-02
9.946258349058943793e+00 8.510296311464304875e-02
9.958599731472778771e+00 8.483168032635553246e-02
9.970856168930207986e+00 8.456226491349291829e-02
9.983057062371893053e+00 8.429407032386256049e-02
9.995368158914336831e+00 8.402345347165604550e-02
1.000768766130018861e+01 8.375265163070751140e-02
1.001992053321067289e+01 8.348375405997354726e-02
1.003216821560764771e+01 8.321453093786196353e-02
1.004452721403794868e+01 8.294286133579725773e-02
1.005681735429030432e+01 8.267270487642963683e-02
1.006892582260663183e+01 8.240654185609298799e-02
1.008118098452082378e+01 8.213715440285568326e-02
1.009358755195854052e+01 8.186876396468802108e-02
1.010587134048773628e+01 8.161598905915051771e-02
1.011803703711579772e+01 8.136646780214984442e-02
1.013033056705357637e+01 8.111432496166928741e-02
1.014269263027678747e+01 8.086077609117359177e-02
1.015492120489713024e+01 8.060996536133280266e-02
1.016713759032503184e+01 8.035940447593405145e-02
1.017948266035775617e+01 8.010620441744016607e-02
1.019180049867154914e+01 7.985356274672844590e-02
1.020392979284387813e+01 7.960478813906678164e-02
1.021616753504563135e+01 7.935378937522213905e-02
1.022862669528350033e+01 7.909824898998585319e-02
1.024089245129418302e+01 7.884667580575543955e-02
1.025291723007928013e+01 7.860004494305503076e-02
1.026520932100148897e+01 7.834793128528845518e-02
1.027774506306910318e+01 7.809082044431796266e-02
1.028999589535894721e+01 7.783996965817001346e-02
1.030201632116065191e+01 7.760474562061678294e-02
1.031435683160246697e+01 7.736860238265687306e-02
1.032681210725006338e+01 7.713026331800733326e-02
1.033902832711680553e+01 7.689649840984284779e-02
1.035115261018229660e+01 7.666449284798482200e-02
1.036349925152719464e+01 7.642823229013365194e-02
1.037588452686740936e+01 7.619123270305792894e-02
1.038798882750531583e+01 7.595960948527712142e-02
1.040024061411546796e+01 7.572516401876015768e-02
1.041275466762403745e+01 7.548570007957774997e-02
1.042497437395719295e+01 7.525186852106581503e-02
1.043688539230566192e+01 7.502394409220423943e-02
1.044935704554474043e+01 7.478529135521236326e-02
1.046202522343027752e+01 7.454287819168253781e-02
1.047400785250685118e+01 7.431358325231088302e-02
1.048587764924572419e+01 7.408644732047793557e-02
1.049857477665452521e+01 7.384487155573742079e-02
1.051126978619461916e+01 7.361529803594124566e-02
1.052285386394314770e+01 7.340850749410053611e-02
1.053473993131735220e+01 7.319632545113563538e-02
1.054774671867871128e+01 7.296413767834966646e-02
1.056046331403275573e+01 7.273712999694949277e-02
1.057159342937813484e+01 7.253844293957960321e-02
1.058363554604334311e+01 7.232347553849702293e-02
1.059705223772767368e+01 7.208397012225301048e-02
1.060980007826281124e+01 7.185640478741606163e-02
1.062041006728784431e+01 7.166700245284322868e-02
1.063264563316425537e+01 7.144858200250456259e-02
1.064639384541436584e+01 7.120315852048604566e-02
1.065914814163454949e+01 7.097547802162899877e-02
1.066936599425687149e+01 7.079307594770238576e-02
1.068170647251649896e+01 7.057278241783490613e-02
1.069565989882602963e+01 7.032369539340480036e-02
1.070841615580203232e+01 7.009706009324903619e-02
1.071820812972623926e+01 6.993081862690733730e-02
1.073084847252518337e+01 6.972047155541941099e-02
1.074490552624379625e+01 6.948654932945262652e-02
1.075610992590358350e+01 6.930009800529206287e-02
1.076616814766807195e+01 6.913272015236575363e-02
1.078006968453032144e+01 6.890138532630922519e-02
1.079413827513433510e+01 6.866727142956606522e-02
1.080500555627140002e+01 6.848642919902447890e-02
1.081522922201470926e+01 6.831629879281415907e-02
1.082926366203709634e+01 6.808275180427651729e-02
1.084324133780694766e+01 6.785015263144046627e-02
1.085447970303622078e+01 6.766313653100620995e-02
1.086383196285792785e+01 6.750750275594848138e-02
1.087748622894287109e+01 6.728028319776058197e-02
