1.738211204512761163e-02 1.435371739783653902e+04
2.945141206410798254e-02 1.187817897727272793e+04
4.189043426060978098e-02 8.662327284414557653e+03
5.436837606323070837e-02 6.880949043469551725e+03
6.709179474813181665e-02 5.899089977134146466e+03
7.906029034168161884e-02 4.927930279670878008e+03
9.134212390678685123e-02 3.865184883924034693e+03
1.036762740919000836e-01 3.085640114729178549e+03
1.161203638865397486e-01 2.680453599509214655e+03
1.284418929702930146e-01 2.428229693181033781e+03
1.405592391961615062e-01 2.131045447993542439e+03
1.528879143562413834e-01 1.787324976329512992e+03
1.654374846088009499e-01 1.512791518455627966e+03
1.776729443817273990e-01 1.355204892855163962e+03
1.898591782008197670e-01 1.252345711623063380e+03
2.021021650674771353e-01 1.137347628557097778e+03
2.143704059761030734e-01 1.003296195684618624e+03
2.266685746852545591e-01 8.846900232468838112e+02
2.389979880971628001e-01 8.017252071047046229e+02
2.513315027420615633e-01 7.435949357034585319e+02
2.635743834303616029e-01 6.884911264174921826e+02
2.757714049283470081e-01 6.282409426447494525e+02
2.881120323268035466e-01 5.696908363622922025e+02
3.003642817203516779e-01 5.228899735552970469e+02
3.126284332764821539e-01 4.867721686648292234e+02
3.249982808288275904e-01 4.546987568029726390e+02
3.373429099698267986e-01 4.224679763683943747e+02
3.495635283624552447e-01 3.912214664173648657e+02
3.617878412179377778e-01 3.636059912944903658e+02
3.739857115225381223e-01 3.404494374996131114e+02
3.863066258986853074e-01 3.198940155913517742e+02
3.986206606301063715e-01 3.005266423859196721e+02
4.109256578244661062e-01 2.819054713712993703e+02
4.232245655456485234e-01 2.646474818371439142e+02
4.354883510192325557e-01 2.492882756129657196e+02
4.477773618515445975e-01 2.354802882001455089e+02
4.599885903973864876e-01 2.228984916804386955e+02
4.722481765309811674e-01 2.108762450437853886e+02
4.845423032090063198e-01 1.996145323637163926e+02
4.967758419901825429e-01 1.891983151305308013e+02
5.090496726262303540e-01 1.796391241579982534e+02
5.213393459973235666e-01 1.708841888046973452e+02
5.336764515809359066e-01 1.625379061071193689e+02
5.460019077520040787e-01 1.547715555065296087e+02
5.582746788338668331e-01 1.474811111671676827e+02
5.704836588526608354e-01 1.406947134971974265e+02
5.827050628875978244e-01 1.344614816208994341e+02
5.949966261260961620e-01 1.285129548788864611e+02
6.072810970026001343e-01 1.229005568299486555e+02
6.195641138211566146e-01 1.176526935955913729e+02
6.318725909241229566e-01 1.126963971866463226e+02
6.441734965778191935e-01 1.080040161194049944e+02
6.564797894961378333e-01 1.035966743267126731e+02
6.686914929796821117e-01 9.950789071346252967e+01
6.809527893726128323e-01 9.559692381331291244e+01
6.932444725786992556e-01 9.186556382320583225e+01
7.054525470905848028e-01 8.835485740764066520e+01
7.177279646031660132e-01 8.505388660065381146e+01
7.300093567625280944e-01 8.191824763433497480e+01
7.423152589350650032e-01 7.892243155454134751e+01
7.545976543671308878e-01 7.606744865604129302e+01
7.668242736309552887e-01 7.336372037836341065e+01
7.791532429173236851e-01 7.078936457264524051e+01
7.914205781278266238e-01 6.836128842689046792e+01
8.036946471889406807e-01 6.604472976395639705e+01
8.159793690377137310e-01 6.382189137876914486e+01
8.282032717995754245e-01 6.170823086794610646e+01
8.405128489456621388e-01 5.967633772751914023e+01
8.528044235981327992e-01 5.774366636588775492e+01
8.650383425504041268e-01 5.590392110763318811e+01
8.772723753339952690e-01 5.415691860923127621e+01
8.895340321420209806e-01 5.248387779515547891e+01
9.018817618365986277e-01 5.086260339959017074e+01
9.141883520666792551e-01 4.931112999347305959e+01
9.264619888246796719e-01 4.783336442790673715e+01
9.387414586625268953e-01 4.641018530187248814e+01
9.509803448018084859e-01 4.504496405796423630e+01
9.632221134977815291e-01 4.374348965949096879e+01
9.754896314977136162e-01 4.248903368814296755e+01
9.877264067106145129e-01 4.129351148164320762e+01
9.999851844861834538e-01 4.014753672120731665e+01
1.012329339168382747e+00 3.902714028346849773e+01
1.024626907347453875e+00 3.795871009755921932e+01
1.036866689471437342e+00 3.693391627445240744e+01
1.049135487527864008e+00 3.593889871647174061e+01
1.061441354492477229e+00 3.498531786867753368e+01
1.073716958242755926e+00 3.405833314703103554e+01
1.085925311725509657e+00 3.317714552410868123e+01
1.098213833495794933e+00 3.231742416984144484e+01
1.110549154774624014e+00 3.148826656025745763e+01
1.122813426886622556e+00 3.069854383612708304e+01
1.135068430671317463e+00 2.993245073465609707e+01
1.147342703947374032e+00 2.919844243597359679e+01
1.159604759492050663e+00 2.848066578691326001e+01
1.171869554121423906e+00 2.779551769579826015e+01
1.184117043636903954e+00 2.712421940510638763e+01
1.196380808473640034e+00 2.648297034729653632e+01
1.208687090056549174e+00 2.585116406638999109e+01
1.220959130578168628e+00 2.524974528818597008e+01
1.233208524119171701e+00 2.465996148499584351e+01
1.245508543932532852e+00 2.409445099863352269e+01
1.257784757305784762e+00 2.353970980054592843e+01
1.270055775740428938e+00 2.301148179951556116e+01
1.282341075690068832e+00 2.249138248252325667e+01
1.294603412909409723e+00 2.199941866212728314e+01
1.306872192362329876e+00 2.151395010935102903e+01
1.319154366677192103e+00 2.105040288663364478e+01
1.331413222210922065e+00 2.059330384915381984e+01
1.343670459103085024e+00 2.015690674030236096e+01
1.355926661325111748e+00 1.972661381801771441e+01
1.368198362306287663e+00 1.931311108221267858e+01
1.380493198358981433e+00 1.890759986645262103e+01
1.392777181745514348e+00 1.851418410972197748e+01
1.405062196910951799e+00 1.813400113664309643e+01
1.417350389671748312e+00 1.775959302647776639e+01
1.429619703122777752e+00 1.740237191144025886e+01
1.441896130395259989e+00 1.704770203899668957e+01
1.454153528625109715e+00 1.670993312852248991e+01
1.466381113760885535e+00 1.637704109915990358e+01
1.478663798537000362e+00 1.605567723703128991e+01
1.490945590056615089e+00 1.574573382905023955e+01
1.503215467901839242e+00 1.543988281404352314e+01
1.515506856276889414e+00 1.514749924113647950e+01
1.527798704103739080e+00 1.485669325351455150e+01
1.540100615359619285e+00 1.457735933190600974e+01
1.552323594607271318e+00 1.430579751548599177e+01
1.564549078286756156e+00 1.403803293344837044e+01
1.576828957669637710e+00 1.378123395709797272e+01
1.589107367637560886e+00 1.352548859720494967e+01
1.601397118763717042e+00 1.327920537270276924e+01
1.613662668137236356e+00 1.303950097858157342e+01
1.625956510086740581e+00 1.280129687103492486e+01
1.638273353518620468e+00 1.257391354929976757e+01
1.650514624911034955e+00 1.234961404460170975e+01
1.662750613141406264e+00 1.213070133911085513e+01
1.675038763356534233e+00 1.191953728822540803e+01
1.687316157434399555e+00 1.170887266209193811e+01
1.699577919034019002e+00 1.150799990273115014e+01
1.711844019198244693e+00 1.131236306902725453e+01
1.724121889976205191e+00 1.111754278773744709e+01
1.736393169926629509e+00 1.093217460997300350e+01
1.748649316593648084e+00 1.074934350493149715e+01
1.760929058575410933e+00 1.056807266430498871e+01
1.773209682934749454e+00 1.039528111796175835e+01
1.785496948406629647e+00 1.022341846239582708e+01
1.797779508081463584e+00 1.005429483056481565e+01
1.810045833062560616e+00 9.893004856391288016e+00
1.822328995141098806e+00 9.731950453583955607e+00
1.834622279524171340e+00 9.573807849375315371e+00
1.846870127325623168e+00 9.423033042883213639e+00
1.859113337231853569e+00 9.272570259465506837e+00
1.871369828971394922e+00 9.124823629005545556e+00
1.883662336941608340e+00 8.983026128690690726e+00
1.895967949490765081e+00 8.841302175413062514e+00
1.908218963624774167e+00 8.702595215025910491e+00
1.920473361096422416e+00 8.570047733322322614e+00
1.932728508001044121e+00 8.437812138398452788e+00
1.945011049581989448e+00 8.307035398869579979e+00
1.957297342392070760e+00 8.182980970431531276e+00
1.969540729633649123e+00 8.060028429630468949e+00
1.981824563452103227e+00 7.937500469097244604e+00
1.994126144882194751e+00 7.821071848459298259e+00
2.006394537955421775e+00 7.706259457118754597e+00
2.018670334343899864e+00 7.591534904220789137e+00
2.030952316497373289e+00 7.481549495551925055e+00
2.043216798362256004e+00 7.373980350898254876e+00
2.055475510122651617e+00 7.266461819309587788e+00
2.067735799890346726e+00 7.161694899645411283e+00
2.080008516254567397e+00 7.060809100048716758e+00
2.092298443663116014e+00 6.959811536940057941e+00
2.104578287136098957e+00 6.859813575137141406e+00
2.116845418601210227e+00 6.764688538479474822e+00
2.129117295843077962e+00 6.670212768540806358e+00
2.141386119469398608e+00 6.575789897347027235e+00
2.153674144242317734e+00 6.484751958145239747e+00
2.165943509394002930e+00 6.396276460725927038e+00
2.178174723454857631e+00 6.308076066841635132e+00
2.190433903448424591e+00 6.220652126680936256e+00
2.202719931868166281e+00 6.137209008103184260e+00
2.215018711620012848e+00 6.054150885880592803e+00
2.227273593520805672e+00 5.971390208316286419e+00
2.239529706996110647e+00 5.891488231286821531e+00
2.251840710091987496e+00 5.813933322100372614e+00
2.264119014215441705e+00 5.736584427404726405e+00
2.276384279003433875e+00 5.659698552748952061e+00
2.288658423418587606e+00 5.586801501047252039e+00
2.300952091017892887e+00 5.514883367662337221e+00
2.313218143961406348e+00 5.443126780406307041e+00
2.325458350675993380e+00 5.372481753862161646e+00
2.337719218738625759e+00 5.305016780995049253e+00
2.350003147866706943e+00 5.237706596491319644e+00
2.362279058175797530e+00 5.170440383379168559e+00
2.374538937598235311e+00 5.104816626733978069e+00
2.386816000033005647e+00 5.041765875641293526e+00
2.399102824518786203e+00 4.978711141748795477e+00
2.411392629484657046e+00 4.915641114121423350e+00
2.423637270133701449e+00 4.854739882317223199e+00
2.435888431421263434e+00 4.795866921044911635e+00
2.448174802894025337e+00 4.736825148281079478e+00
2.460449199376890217e+00 4.677843228105509787e+00
2.472719088229479834e+00 4.620886579691250162e+00
2.484992831186476625e+00 4.565665970777345706e+00
2.497273806662959394e+00 4.510412781886822486e+00
2.509544184074824269e+00 4.455207403399159993e+00
2.521827062063934477e+00 4.401737436205130471e+00
2.534112812322843578e+00 4.349994219990984234e+00
2.546370817755073013e+00 4.298367836350627691e+00
2.558627656962102925e+00 4.246746389359635110e+00
2.570901337570405953e+00 4.196406957741976029e+00
2.583177336304471883e+00 4.148044119840525568e+00
2.595440486720578921e+00 4.099748974993551620e+00
2.607704762491110717e+00 4.051449405223142008e+00
2.620001080686306771e+00 4.003932404787504673e+00
2.632286922231434456e+00 3.959011489000685557e+00
2.644534427140472932e+00 3.914386069585827244e+00
2.656802040265521470e+00 3.869687373345842563e+00
2.669073687515052029e+00 3.825238743625419158e+00
2.681350663644082921e+00 3.782890543004062689e+00
2.693623847875446398e+00 3.741013455701508228e+00
2.705878137328059818e+00 3.699200842495472319e+00
2.718161480124765106e+00 3.657296094566347300e+00
2.730438457898014093e+00 3.616928874258797055e+00
2.742710787932656658e+00 3.577731285542962603e+00
2.754989883536780759e+00 3.538512084043583528e+00
2.767261470157902359e+00 3.499316864087369083e+00
2.779527771137290770e+00 3.460625158194928552e+00
2.791792657323202587e+00 3.423783986311646377e+00
2.804076091151673555e+00 3.387063323145053761e+00
2.816361645196279184e+00 3.350336336111567004e+00
2.828620519698351377e+00 3.313697593315534373e+00
2.840883569190919111e+00 3.278409341728139914e+00
2.853162813112358975e+00 3.244057043995024703e+00
2.865450010721949603e+00 3.209682488783911491e+00
2.877720591785824400e+00 3.175354432343517441e+00
2.889980478242957229e+00 3.141289030126194426e+00
2.902258175496396753e+00 3.108828322864838789e+00
2.914518854472965437e+00 3.076735873987058056e+00
2.926762721606932960e+00 3.044687439450257216e+00
2.939034749745344843e+00 3.012565293717135440e+00
2.951320369754638406e+00 2.980967321220535204e+00
2.963597026501346932e+00 2.950829660680988731e+00
2.975876194561613453e+00 2.920757339685156939e+00
2.988160315109058551e+00 2.890672887827679283e+00
3.000449644660864834e+00 2.860575680363647955e+00
3.012716332634865157e+00 2.831485143005637362e+00
3.024968759761666348e+00 2.803698249958445299e+00
3.037252171006531665e+00 2.775847474261921022e+00
3.049526120964057618e+00 2.748018147344743589e+00
3.061775712289526830e+00 2.720244174818628569e+00
3.074050272894680358e+00 2.693350522109199563e+00
3.086335131672947263e+00 2.667338083875131272e+00
3.098604365236381053e+00 2.641358718968434882e+00
3.110859489026789326e+00 2.615409246573972890e+00
3.123137658326072597e+00 2.589410960462428690e+00
3.135433948671655369e+00 2.564210311837478162e+00
3.147695129457003915e+00 2.539915159348320017e+00
3.159956328254873270e+00 2.515619966733002588e+00
3.172232976043315666e+00 2.491294162054899619e+00
3.184501257851794165e+00 2.466984939921272879e+00
3.196775435955213851e+00 2.443282163237001203e+00
3.209044865222644205e+00 2.420526749132122735e+00
3.221307079525221884e+00 2.397794471814214123e+00
3.233581408312706795e+00 2.375039736064918472e+00
3.245858629450829369e+00 2.352279644956114968e+00
3.258143378674136947e+00 2.329841528402794459e+00
3.270410557577971389e+00 2.308490345464436100e+00
3.282661665213619351e+00 2.287244672224544750e+00
3.294949090802971714e+00 2.265936009049847044e+00
3.307244200655479638e+00 2.244614027453511795e+00
3.319496480125943449e+00 2.223453603038569870e+00
3.331765223362041173e+00 2.203269881091297844e+00
3.344051721244690523e+00 2.183341046094087634e+00
3.356325050698430346e+00 2.163433574945898386e+00
3.368596307392438316e+00 2.143529466689626961e+00
3.380854472437640812e+00 2.123646594375392826e+00
3.393138905317619081e+00 2.104284303757973262e+00
3.405406306535367467e+00 2.085674415806842763e+00
3.417657680989456548e+00 2.067091722255435471e+00
3.429938663402217092e+00 2.048464117873007861e+00
3.442214032587430417e+00 2.029845021814759676e+00
3.454484843056887300e+00 2.011339567069653445e+00
3.466756647980139938e+00 1.993820729161582372e+00
3.479034376591896738e+00 1.976534596012220701e+00
3.491307566462293899e+00 1.959254852736764141e+00
3.503582350785310773e+00 1.941972862673125633e+00
3.515849804558033309e+00 1.924701194284037298e+00
3.528113199069885297e+00 1.907777320339839600e+00
3.540379188868042704e+00 1.891671192648563871e+00
3.552650333566175433e+00 1.875594421413928847e+00
3.564930099127972429e+00 1.859506354526394789e+00
3.577201769827548006e+00 1.843428894873331059e+00
3.589475285534829307e+00 1.827349014579293440e+00
3.601759315099353209e+00 1.811773145633965632e+00
3.614032945244215256e+00 1.796730795429034799e+00
3.626301000303521871e+00 1.781695280898489608e+00
3.638569887417207216e+00 1.766658746289015980e+00
3.650838632506976822e+00 1.751622385685197569e+00
3.663120446880168135e+00 1.736577762394913682e+00
3.675392231131059617e+00 1.722140114554743917e+00
3.687654129504458478e+00 1.708085461422474527e+00
3.699910200907845059e+00 1.694037489601561752e+00
3.712192899007472846e+00 1.679958996700993135e+00
3.724479589655305123e+00 1.665875929574519354e+00
3.736733640063575113e+00 1.651838521572318141e+00
3.749005728100832435e+00 1.638343735414312885e+00
3.761283023631708744e+00 1.625185235095543357e+00
3.773563485184610933e+00 1.612023336501511528e+00
3.785825516964203885e+00 1.598881198370400103e+00
3.798082802949320325e+00 1.585744138723692132e+00
3.810363893373462041e+00 1.572581815609841671e+00
3.822645720709119566e+00 1.559867135571085139e+00
3.834921229715159363e+00 1.547566046196626965e+00
3.847188317665898971e+00 1.535273396670142843e+00
3.859469575550916964e+00 1.522966548051437385e+00
3.871753985767769191e+00 1.510656538045931141e+00
3.884018640962858981e+00 1.498366326940002713e+00
3.896281982801185872e+00 1.486328957847490972e+00
3.908553995714485030e+00 1.474814841190129622e+00
3.920819940236625278e+00 1.463323645866994926e+00
3.933080957844246495e+00 1.451837066936103149e+00
3.945346259001160760e+00 1.440346473968652674e+00
3.957637313618597830e+00 1.428831757546090042e+00
3.969923042548726411e+00 1.417397812998528073e+00
3.982175629228108971e+00 1.406589090200379477e+00
3.994441680205387257e+00 1.395895978932753412e+00
4.006728047574338980e+00 1.385185162468286713e+00
4.019004858472411179e+00 1.374482675092020711e+00
4.031277336217974572e+00 1.363783963461725479e+00
4.043554573420149012e+00 1.353081103435591848e+00
4.055839410316336213e+00 1.342724029040549105e+00
4.068096764528600140e+00 1.332815244730474413e+00
4.080340929220048984e+00 1.322918058051654411e+00
4.092625520834049624e+00 1.312988200324336718e+00
4.104896838065174691e+00 1.303069056307492923e+00
4.117161186094653758e+00 1.293155552064764624e+00
4.129437242236893013e+00 1.283268312925539556e+00
4.141704639004231581e+00 1.273852896599745099e+00
4.153978514844194336e+00 1.264575643737458011e+00
4.166254106252230471e+00 1.255297095401041618e+00
4.178538610145275278e+00 1.246011810770299766e+00
4.190814707343741397e+00 1.236732881067715839e+00
4.203073452331837601e+00 1.227467065429234117e+00
4.215351491768677406e+00 1.218290728275604140e+00
4.227627847837150732e+00 1.209562919477574328e+00
4.239903836936770531e+00 1.200887235301507650e+00
4.252176174544948672e+00 1.192214133394425835e+00
4.264429117117187751e+00 1.183554740937447836e+00
4.276699880393182163e+00 1.174882752796601704e+00
4.288984777500015610e+00 1.166200773307183081e+00
4.301255117606400447e+00 1.157668701010502010e+00
4.313518958654457336e+00 1.149541384387987364e+00
4.325790419391779551e+00 1.141433770105384049e+00
4.338071573855772911e+00 1.133319751060287039e+00
4.350337804712862244e+00 1.125215594823485876e+00
4.362611775147850146e+00 1.117106321046680506e+00
4.374889726767814402e+00 1.108994418421912931e+00
4.387156715049502331e+00 1.101013287273346908e+00
4.399426645293336158e+00 1.093410196628507247e+00
4.411686492803647219e+00 1.085840112224127907e+00
4.423963183132842758e+00 1.078259630821341908e+00
4.436231333416778000e+00 1.070684420778671431e+00
4.448504024620786090e+00 1.063106406837911466e+00
4.460786102766904904e+00 1.055522595542753184e+00
4.473052605097511680e+00 1.048015671251168124e+00
4.485333680898416553e+00 1.040873685300795382e+00
4.497601237084061232e+00 1.033796866908959000e+00
4.509866070174105346e+00 1.026721620887583564e+00
4.522145635346641157e+00 1.019637876434936086e+00
4.534428519381624945e+00 1.012552213667991863e+00
4.546703018242844507e+00 1.005471394150690978e+00
4.558957625766161925e+00 9.984129146259926868e-01
4.571226642211251523e+00 9.916621119148992802e-01
4.583509777054324275e+00 9.850495508979864034e-01
4.595790059827854712e+00 9.784385235989734309e-01
4.608061949813968106e+00 9.718320145584401493e-01
4.620318584818105201e+00 9.652337212933245203e-01
4.632589805876371258e+00 9.586275727298124716e-01
4.644869853213136501e+00 9.520166726317824679e-01
4.657136883942349925e+00 9.455592164598306537e-01
4.669407249318447306e+00 9.394418608702616025e-01
4.681668364815647188e+00 9.333432211660482869e-01
4.693936637293424141e+00 9.272410208842802870e-01
4.706220932875434748e+00 9.211308517600579338e-01
4.718499554358994708e+00 9.150235044372077020e-01
4.730782650520382937e+00 9.089139310273440797e-01
4.743047316918455714e+00 9.028187183772741209e-01
4.755307692139830955e+00 8.969788104408469298e-01
4.767583057675158109e+00 8.912714858356087788e-01
4.779863394372367402e+00 8.855618488533717469e-01
4.792132641916739821e+00 8.798573690827053984e-01
4.804399941113462802e+00 8.741537935724865704e-01
4.816678316286075123e+00 8.684450685688757110e-01
4.828949285393635549e+00 8.627397892029616822e-01
4.841208182326298903e+00 8.570711565530384490e-01
4.853478345205306077e+00 8.516739391795964398e-01
4.865760528755814995e+00 8.463367448502988610e-01
4.878024554178364447e+00 8.410074423046070002e-01
4.890296377151694962e+00 8.356747503745807215e-01
4.902574231215205636e+00 8.303394376762556206e-01
4.914845323572139435e+00 8.250070627178562876e-01
4.927125567488364055e+00 8.196707096404094450e-01
4.939397986818531372e+00 8.143813678101829989e-01
4.951664280457524825e+00 8.093566299688187415e-01
4.963940592502508409e+00 8.043712765915074225e-01
4.976216953277528887e+00 7.993859055100079880e-01
4.988477996474629528e+00 7.944067534674787989e-01
5.000736047494441117e+00 7.894288167649261556e-01
5.013022640065464053e+00 7.844392887817457360e-01
5.025302982194676638e+00 7.794523012204890300e-01
5.037566103908967641e+00 7.745029107172900495e-01
5.049844207396282592e+00 7.697913886693231733e-01
5.062119542870266109e+00 7.651335174532385430e-01
5.074383105131830440e+00 7.604801131022660421e-01
5.086641552088245533e+00 7.558286501797593093e-01
5.098920420017480026e+00 7.511694390774446006e-01
5.111195199258650845e+00 7.465117783579925392e-01
5.123449562989547346e+00 7.418618661466735986e-01
5.135725975397288146e+00 7.372098863492163590e-01
5.148005044968195776e+00 7.327596702547399810e-01
5.160275585351876693e+00 7.284100215932439726e-01
5.172546707875350869e+00 7.240601674563806878e-01
5.184827951212304775e+00 7.197067216480508289e-01
5.197107563567055166e+00 7.153538602648067402e-01
5.209372262483340954e+00 7.110062832925676535e-01
5.221649174658606007e+00 7.066543755375476188e-01
5.233932550562378161e+00 7.023001777656586730e-01
5.246207608362158936e+00 6.980434571889587714e-01
5.258474246095205196e+00 6.939772487255949640e-01
5.270738469237462809e+00 6.899169370505301435e-01
5.282999075966164249e+00 6.858578226560932967e-01
5.295265148876008077e+00 6.817968966990884949e-01
5.307538878972787089e+00 6.777334383973029341e-01
5.319816023849368136e+00 6.736688474393365267e-01
5.332106425194989008e+00 6.695998694099825066e-01
5.344371217832380339e+00 6.655487965131879902e-01
5.356624881905982072e+00 6.617139067263063668e-01
5.368905907939013566e+00 6.579581998032361101e-01
5.381178681067710912e+00 6.542050175721089156e-01
5.393451198524775059e+00 6.504519146909564231e-01
5.405726878719107731e+00 6.466978435985586415e-01
5.417999076018534588e+00 6.429448370581688499e-01
5.430270917047597123e+00 6.391919401445859128e-01
5.442534276784082969e+00 6.354416378511843488e-01
5.454800894502979780e+00 6.317234818878603164e-01
5.467077870139476659e+00 6.281912049151494593e-01
5.479355737083116296e+00 6.246885583195358471e-01
5.491631123293435834e+00 6.211866215835702976e-01
5.503885461799915113e+00 6.176906880858857862e-01
5.516150871778835452e+00 6.141915977387298886e-01
5.528443541640725378e+00 6.106847282641474361e-01
5.540720369487344144e+00 6.071823793098969357e-01
5.552988485023032439e+00 6.036825157033063327e-01
5.565261674970053640e+00 6.002231928784358406e-01
5.577534275054667035e+00 5.969337012126249009e-01
5.589802466245866519e+00 5.936632944369245601e-01
5.602075290374081362e+00 5.903916543518912263e-01
5.614350464861192158e+00 5.871193854593554917e-01
5.626623423538474000e+00 5.838477077018366934e-01
5.638893167212405189e+00 5.805768868291119045e-01
5.651161305429462267e+00 5.773064946077662851e-01
5.663425285909801765e+00 5.740372103963332640e-01
5.675691479571933762e+00 5.707959891736084090e-01
5.687971082709079695e+00 5.677127371572168180e-01
5.700246234071071783e+00 5.646557391790655300e-01
5.712517806570711620e+00 5.615996312547362201e-01
5.724796874665427637e+00 5.585416574325569039e-01
5.737066926053280724e+00 5.554859288782751925e-01
5.749336020301031525e+00 5.524304382175391215e-01
5.761614331000809663e+00 5.493726533329974515e-01
5.773882296547530046e+00 5.463174437356635993e-01
5.786153448888407880e+00 5.432676664145158485e-01
5.798430888328152122e+00 5.403547655383982296e-01
5.810698718707794974e+00 5.375012135031286276e-01
5.822968649516642614e+00 5.346471752978823044e-01
5.835247741956022693e+00 5.317910061644299802e-01
5.847517818375936649e+00 5.289369316819035882e-01
5.859777924360419554e+00 5.260851761867237908e-01
5.872043469733759125e+00 5.232321587954846809e-01
5.884316208247446944e+00 5.203774669603383751e-01
5.896588339242491372e+00 5.175229159771831400e-01
5.908862253089940175e+00 5.147270504125660562e-01
5.921140273745074012e+00 5.120558216848013489e-01
5.933416110825472600e+00 5.093892077316082290e-01
5.945693655629928465e+00 5.067222240133284483e-01
5.957960216997184588e+00 5.040576238041372115e-01
5.970224694105725760e+00 5.013934777682703681e-01
5.982501212736559104e+00 4.987267170091455037e-01
5.994773016381848230e+00 4.960609786347097705e-01
6.007052309174411242e+00 4.933936147982432852e-01
6.019323996014493972e+00 4.907298046565880534e-01
6.031591083960865518e+00 4.881774609393085829e-01
6.043864685712702745e+00 4.856878702145370208e-01
6.056140762083756179e+00 4.831977767221865561e-01
6.068414447141080359e+00 4.807081684912985486e-01
6.080682390425510064e+00 4.782197248428661784e-01
6.092950687706149893e+00 4.757312098954065149e-01
6.105222847777539208e+00 4.732419108849782452e-01
6.117498704959920985e+00 4.707518615609833645e-01
6.129764184834314733e+00 4.682639184599088900e-01
6.142038972320288615e+00 4.657828731046989024e-01
6.154304765200349081e+00 4.634347607401592128e-01
6.166569788653463391e+00 4.611307146664297418e-01
6.178846494966856895e+00 4.588244737214915436e-01
6.191116693006394556e+00 4.565194554117277259e-01
6.203394119564271669e+00 4.542130791646283861e-01
6.215666041891435789e+00 4.519077367957559654e-01
6.227935347627760798e+00 4.496028863512674945e-01
6.240216034129863587e+00 4.472958976078162396e-01
6.252491040510594011e+00 4.449899762127130787e-01
6.264748912887735166e+00 4.426932733799195940e-01
6.277022083960849486e+00 4.405071047731167755e-01
6.289302104888057521e+00 4.383625467297359024e-01
6.301575577258628158e+00 4.362191318017358821e-01
6.313842739442879548e+00 4.340768193845184753e-01
6.326111758774734639e+00 4.319341823649827661e-01
6.338388371629334550e+00 4.297902197833421423e-01
6.350653504839701924e+00 4.276482611854908189e-01
6.362925521019373143e+00 4.255051011775985437e-01
6.375199703367512960e+00 4.233615629723162521e-01
6.387469226768377695e+00 4.212189283090180258e-01
6.399745155096550953e+00 4.191507807757819393e-01
6.412021048691203262e+00 4.171481972700771257e-01
6.424291589113733103e+00 4.151464881695249853e-01
6.436561860313417149e+00 4.131448227434483811e-01
6.448839981748705874e+00 4.111418761040969150e-01
6.461108547751658548e+00 4.091404892178309716e-01
6.473374451307642552e+00 4.071395357882215404e-01
6.485648452683405729e+00 4.051372616332085674e-01
6.497912794912579670e+00 4.031365620032406061e-01
6.510188675064301655e+00 4.011339827070722341e-01
6.522469883466725626e+00 3.991540017136088192e-01
6.534740035532724534e+00 3.972737794179555526e-01
6.547014109070398824e+00 3.954037684539595809e-01
6.559280453511415310e+00 3.935349309225644743e-01
6.571544309808293960e+00 3.916664784370951780e-01
6.583821092479313464e+00 3.897960542626188185e-01
6.596089921004116619e+00 3.879268415096159273e-01
6.608365544053812712e+00 3.860565938829143562e-01
6.620644703812256893e+00 3.841858072845245053e-01
6.632912942264358236e+00 3.823166843590772301e-01
6.645177683617404796e+00 3.804480942629206441e-01
6.657442543711369787e+00 3.786345206264069008e-01
6.669722534938342662e+00 3.768873013142590711e-01
6.681993318463547382e+00 3.751415857122854525e-01
6.694261204019748668e+00 3.733962813297740380e-01
6.706541488313978228e+00 3.716492137558376485e-01
6.718813955717831021e+00 3.699032584255191880e-01
6.731080972576989119e+00 3.681580781592554419e-01
6.743359824121949231e+00 3.664112142368214364e-01
6.755631353408082518e+00 3.646653923173009959e-01
6.767898304576293711e+00 3.629202205438024076e-01
6.780174663240607913e+00 3.611740820863855728e-01
6.792450332450066242e+00 3.594945139615697838e-01
6.804726074812886161e+00 3.578639903833687463e-01
6.816986550199255923e+00 3.562354945116593674e-01
6.829262858100193512e+00 3.546048953192081354e-01
6.841539361448875312e+00 3.529742711911634800e-01
6.853798339181921051e+00 3.513459739308526508e-01
6.866070662062549346e+00 3.497159049590553570e-01
6.878342039442563838e+00 3.480859603802581859e-01
6.890609277951348588e+00 3.464565664466217054e-01
6.902882119035200326e+00 3.448264285336860024e-01
6.915161583719115157e+00 3.431954102638775095e-01
6.927430680718094536e+00 3.416196264175131447e-01
6.939709919086802792e+00 3.400971334414686909e-01
6.951990815117643052e+00 3.385744349474066883e-01
6.964254035975310231e+00 3.370539282383777091e-01
6.976522773357487495e+00 3.355327370278518018e-01
6.988800533124341463e+00 3.340104274428332687e-01
7.001071106094600260e+00 3.324890086015757640e-01
7.013333865652984223e+00 3.309685592203336912e-01
7.025600402972400182e+00 3.294476409664256478e-01
7.037876815905639738e+00 3.279254984895945135e-01
7.050143162335931635e+00 3.264046040392543091e-01
7.062413118975667814e+00 3.249092580711026024e-01
7.074690835034955327e+00 3.234903447484746009e-01
7.086953823365687910e+00 3.220782925570790933e-01
7.099228383676583043e+00 3.206649078906492756e-01
7.111513847242655117e+00 3.192502677749905482e-01
7.123796124336221780e+00 3.178359949931572337e-01
7.136061299463858809e+00 3.164236914642423182e-01
7.148327355427038121e+00 3.150112857846024683e-01
7.160609574504935182e+00 3.135970196862022941e-01
7.172879532441566397e+00 3.121841649976132560e-01
7.185145013609509412e+00 3.107718260685560785e-01
7.197419400246670484e+00 3.093598299781570860e-01
7.209686158792262489e+00 3.080148717705287753e-01
7.221957944822181119e+00 3.067059547157263144e-01
7.234230264056627391e+00 3.053969807594905661e-01
7.246500669247545545e+00 3.040882110755106504e-01
7.258778712036681569e+00 3.027786265432688140e-01
7.271045876620886972e+00 3.014702019987693382e-01
7.283317379378636325e+00 3.001613157390949360e-01
7.295585645099416539e+00 2.988527739289872365e-01
7.307853272958525714e+00 2.975443002704210582e-01
7.320126745335258533e+00 2.962352038057285419e-01
7.332403784514088585e+00 2.949257260558925675e-01
7.344684206752194910e+00 2.936228162282691900e-01
7.356944630619157266e+00 2.923859769790626006e-01
7.369203505154014344e+00 2.911648361323381229e-01
7.381489563580306168e+00 2.899409870887789675e-01
7.393767997341700315e+00 2.887178980171493659e-01
7.406035012783036109e+00 2.874959480235783627e-01
7.418310408017617874e+00 2.862731603804644642e-01
7.430583523958874004e+00 2.850506008123890322e-01
7.442848698749097380e+00 2.838288326539706308e-01
7.455115140482812208e+00 2.826069376195951555e-01
7.467393400753554289e+00 2.813838663001325124e-01
7.479670706718533957e+00 2.801608887197563069e-01
7.491938287174950695e+00 2.789454140581559272e-01
7.504211718186098778e+00 2.777893966701452944e-01
7.516487524916406926e+00 2.766476771051732952e-01
7.528756717252752750e+00 2.755065724859681042e-01
7.541025073247601185e+00 2.743655443376697423e-01
7.553289932926945838e+00 2.732248431361367635e-01
7.565561465824747422e+00 2.720835207670051492e-01
7.577833530066534706e+00 2.709421487203285683e-01
7.590111647225785241e+00 2.698002141963972145e-01
7.602381972987688030e+00 2.686590039195955182e-01
7.614655952603478717e+00 2.675174538192616747e-01
7.626936654011594818e+00 2.663752786673099227e-01
7.639201077174127441e+00 2.652356238245316966e-01
7.651464677559008720e+00 2.641442970805795709e-01
7.663742408944604456e+00 2.630783372064011694e-01
7.676018682205153709e+00 2.620125046959234094e-01
7.688277897293473551e+00 2.609481525569910532e-01
7.700553029590799348e+00 2.598824193183958409e-01
7.712841539575106431e+00 2.588155240668497115e-01
7.725115900344815323e+00 2.577498574432784961e-01
7.737377467933403530e+00 2.566853017189772435e-01
7.749649077377426032e+00 2.556198737387492814e-01
7.761925140087297059e+00 2.545540598341486382e-01
7.774189133048908573e+00 2.534892929831270014e-01
7.786454493502858121e+00 2.524244077503260408e-01
7.798729952904426277e+00 2.513750186045854984e-01
7.811006225976846906e+00 2.503764815219665651e-01
7.823273097295126988e+00 2.493823704325741353e-01
7.835544041210333432e+00 2.483879299598220347e-01
7.847819977077952203e+00 2.473930839407451343e-01
7.860089479685364644e+00 2.463987596137948988e-01
7.872351698554277633e+00 2.454050259749951113e-01
7.884626620084905113e+00 2.444102627367737424e-01
7.896910675867973239e+00 2.434147589568980696e-01
7.909185804878801740e+00 2.424199786860219419e-01
7.921449240942633807e+00 2.414261464139534630e-01
7.933712714466360616e+00 2.404323107975092910e-01
7.945992141775624518e+00 2.394371824393805581e-01
7.958263943266027596e+00 2.384722676677475672e-01
7.970529202206244612e+00 2.375444505292902131e-01
7.982815072190602379e+00 2.366151717594953963e-01
7.995091666618705517e+00 2.356865945307526633e-01
8.007352534518663134e+00 2.347592067011325667e-01
8.019627496013539414e+00 2.338307529066964152e-01
8.031903657762798687e+00 2.329022084518315994e-01
8.044177829663981427e+00 2.319738141456780534e-01
8.056443469555411241e+00 2.310460661054590803e-01
8.068702238919343017e+00 2.301188368097291659e-01
8.080979834332703504e+00 2.291901836269582826e-01
8.093254128705954287e+00 2.282617803291173419e-01
8.105527172113761836e+00 2.273334716590866555e-01
8.117799824830797206e+00 2.264344679910567093e-01
8.130070746172389562e+00 2.255702841603524078e-01
8.142347574779897457e+00 2.247057422013330752e-01
8.154613735759548732e+00 2.238419511891018288e-01
8.166891969913633531e+00 2.229773102497291659e-01
8.179177536943971205e+00 2.221121527120074324e-01
8.191440517885343553e+00 2.212485860153253492e-01
8.203698614659973742e+00 2.203853631155724135e-01
8.215977151523059518e+00 2.195207004890558367e-01
8.228243676889508862e+00 2.186568840880593889e-01
8.240504435001721362e+00 2.177934733397042522e-01
8.252785707216327538e+00 2.169286185026957081e-01
8.265065671816016035e+00 2.160638555274780603e-01
8.277324557407441219e+00 2.152170910390561465e-01
8.289585748629670903e+00 2.144170641419920198e-01
8.301876533943493897e+00 2.136179773322567366e-01
8.314155975094262629e+00 2.128196279302709271e-01
8.326420353875711555e+00 2.120222578100296462e-01
8.338685510668618406e+00 2.112248373872124829e-01
8.350960538704741865e+00 2.104267750656997893e-01
8.363227608907420674e+00 2.096292301042703976e-01
8.375495329190206562e+00 2.088316428929659907e-01
8.387774699174400439e+00 2.080332981444759088e-01
8.400050511116273100e+00 2.072351850109794835e-01
8.412324122887586242e+00 2.064372145319276486e-01
8.424591878007328560e+00 2.056396249959641931e-01
8.436851759049160293e+00 2.048435061503668664e-01
8.449126411638403056e+00 2.040811699295460857e-01
8.461409711470588846e+00 2.033356822705474631e-01
8.473680804149562817e+00 2.025909354275982066e-01
8.485956002545906429e+00 2.018459394629699977e-01
8.498224272441392557e+00 2.011013638649490620e-01
8.510487954240929298e+00 2.003570669475596144e-01
8.522772412692955157e+00 1.996115090397430902e-01
8.535053796640809765e+00 1.988661376381440082e-01
8.547317748051932895e+00 1.981218241371055233e-01
8.559569273047319626e+00 1.973782649238444431e-01
8.571845887373589434e+00 1.966331829666383424e-01
8.584118781488212946e+00 1.958883268365160524e-01
8.596382973081230006e+00 1.951439990677395209e-01
8.608649465365420639e+00 1.944035510715606818e-01
8.620929667616577419e+00 1.936989910880897170e-01
8.633209558916400184e+00 1.930032327760175248e-01
8.645469584347553749e+00 1.923086001484750063e-01
8.657746282655869763e+00 1.916130228664547352e-01
8.670026385849459061e+00 1.909172526471587805e-01
8.682297386725101873e+00 1.902219979005346229e-01
8.694565164370990473e+00 1.895269260351154228e-01
8.706839111581698987e+00 1.888315046253360718e-01
8.719120369574609342e+00 1.881356691167745121e-01
8.731387350995687413e+00 1.874406421304764259e-01
8.743648761245099266e+00 1.867459309299159265e-01
8.755929919930125038e+00 1.860501010457979720e-01
8.768209851493411477e+00 1.853543403296888381e-01
8.780467259624447962e+00 1.846625767640161786e-01
8.792716897867451920e+00 1.840048028593662954e-01
8.804990788692478532e+00 1.833557504035587538e-01
8.817278480690440290e+00 1.827059682758382930e-01
8.829539106754184630e+00 1.820576173581612556e-01
8.841804501929178883e+00 1.814090143708880776e-01
8.854088314059325171e+00 1.807594373154977063e-01
8.866365466353054003e+00 1.801102124472863664e-01
8.878627519001241808e+00 1.794617863311376016e-01
8.890896645518441943e+00 1.788129856093669257e-01
8.903187831684247655e+00 1.781630186626688150e-01
8.915456225116132671e+00 1.775142571742382991e-01
8.927709781126756283e+00 1.768662799819363807e-01
8.939990152027949222e+00 1.762168849155912320e-01
8.952272270807998922e+00 1.755673976862898444e-01
8.964541107018792587e+00 1.749402385805466920e-01
8.976809356349257030e+00 1.743348884774784391e-01
8.989080468384209155e+00 1.737293971795521308e-01
9.001360866934389193e+00 1.731234476350733686e-01
9.013628467605453665e+00 1.725181297749705522e-01
9.025896643178507261e+00 1.719127830697156634e-01
9.038179937995256097e+00 1.713066906243906340e-01
9.050449765342662545e+00 1.707012626490602980e-01
9.062703389140500221e+00 1.700966343405730663e-01
9.074965207442557968e+00 1.694916017618431914e-01
9.087254563502222382e+00 1.688852099667728923e-01
9.099528168298895991e+00 1.682795955566389334e-01
9.111784657965019463e+00 1.676748257137024856e-01
9.124064072285285931e+00 1.670689247581509940e-01
9.136356442171548409e+00 1.664651460083030887e-01
9.148620768239394963e+00 1.658924076411558701e-01
9.160876544471626914e+00 1.653281899405386057e-01
9.173170706417419495e+00 1.647622051961548373e-01
9.185440601819509610e+00 1.641973376223803682e-01
9.197674402580403807e+00 1.636341317689470887e-01
9.209944845369468780e+00 1.630692389080132809e-01
9.222235240478099172e+00 1.625034276424979218e-01
9.234498421270382451e+00 1.619388692741871860e-01
9.246753046439533108e+00 1.613747045962939386e-01
9.259037423527585631e+00 1.608091704036417324e-01
9.271318620244818121e+00 1.602437824950014855e-01
9.283583735052717500e+00 1.596791350669822807e-01
9.295857464896441158e+00 1.591140910232935191e-01
9.308129938852692575e+00 1.585491048321067686e-01
9.320409396199853092e+00 1.579874926494353182e-01
9.332685982394551161e+00 1.574543029463240096e-01
9.344943288712755702e+00 1.569278925475908748e-01
9.357241097457126955e+00 1.563997427890500835e-01
9.369539418685082666e+00 1.558715710370760787e-01
9.381779229270216902e+00 1.553459122884470744e-01
9.394040987290516398e+00 1.548193105520508372e-01
9.406338762356838856e+00 1.542911622619680123e-01
9.418612061369849187e+00 1.537640650972853795e-01
9.430853312326764382e+00 1.532383443727341477e-01
9.443145451901411747e+00 1.527104382599021593e-01
9.455452709694613489e+00 1.521818825138792075e-01
9.467696364511542839e+00 1.516560583923735051e-01
9.479945819457697098e+00 1.511299857661970725e-01
9.492244655254580721e+00 1.506017913416002330e-01
9.504520965108966379e+00 1.500755629411744119e-01
9.516771803388767381e+00 1.495779713384198517e-01
9.529051481510224519e+00 1.490917660382797272e-01
9.541350025665284562e+00 1.486048137968625227e-01
9.553614768156799997e+00 1.481191995337627354e-01
9.565852790388564841e+00 1.476346437153326641e-01
9.578130809331275586e+00 1.471485039450948495e-01
9.590421864960230636e+00 1.466618481171016730e-01
9.602686181770573981e+00 1.461762508771810021e-01
9.614937662773536786e+00 1.456911619820000503e-01
9.627210560705263376e+00 1.452052250065171135e-01
9.639520699396086911e+00 1.447178135969136858e-01
9.651794241248827788e+00 1.442318512447315626e-01
9.664021032207420703e+00 1.437477396877240021e-01
9.676318634298157306e+00 1.432608246480457093e-01
9.688615674018457469e+00 1.427739320040644355e-01
9.700826852982181947e+00 1.422981955912565599e-01
9.713081166884682816e+00 1.418442978227951734e-01
9.725420455621609506e+00 1.413888686029180219e-01
9.737699645480059729e+00 1.409356573594873208e-01
9.749902593026686048e+00 1.404852603211669548e-01
9.762190849728799691e+00 1.400317145831924959e-01
9.774524940846697874e+00 1.395764770838933688e-01
9.786774990485199055e+00 1.391243416029978031e-01
9.798979237984754675e+00 1.386738965755008046e-01
9.811278410684318274e+00 1.382199479172679935e-01
9.823611365372379112e+00 1.377647523557208598e-01
9.835856550733424797e+00 1.373127965350188218e-01
9.848110951745821851e+00 1.368605002140650950e-01
9.860407999080017305e+00 1.364066298924039577e-01
9.872697756535982805e+00 1.359530289307781248e-01
9.884901659674879326e+00 1.355025963964779367e-01
9.897163985466415070e+00 1.350607876207284286e-01
9.909521851063152198e+00 1.346347120927708918e-01
9.921769663419794938e+00 1.342127945294935565e-01
9.933970968713669691e+00 1.337924797453982351e-01
9.946258349058943793e+00 1.333691994513928891e-01
9.958599731472778771e+00 1.329440587307854360e-01
9.970856168930207986e+00 1.325218443983668948e-01
9.983057062371893053e+00 1.321015433585024934e-01
9.995368158914336831e+00 1.316774460453403461e-01
1.000768766130018861e+01 1.312530591314591544e-01
1.001992053321067289e+01 1.308316566541473935e-01
1.003216821560764771e+01 1.304097438601690695e-01
1.004452721403794868e+01 1.299839962911483460e-01
1.005681735429030432e+01 1.295606209196495939e-01
1.006892582260663183e+01 1.291435040849635285e-01
1.008118098452082378e+01 1.287213332410275246e-01
1.009358755195854052e+01 1.283007246963316361e-01
1.010587134048773628e+01 1.279045880131441382e-01
1.011803703711579772e+01 1.275135500130348543e-01
1.013033056705357637e+01 1.271184031971256956e-01
1.014269263027678747e+01 1.267210536187344250e-01
1.015492120489713024e+01 1.263279943468913757e-01
1.016713759032503184e+01 1.259353269971825173e-01
1.017948266035775617e+01 1.255385234947961892e-01
1.019180049867154914e+01 1.251425955953314462e-01
1.020392979284387813e+01 1.247527275183891310e-01
1.021616753504563135e+01 1.243593738559814060e-01
1.022862669528350033e+01 1.239589032268031132e-01
1.024089245129418302e+01 1.235646490605390446e-01
1.025291723007928013e+01 1.231781405007212199e-01
1.026520932100148897e+01 1.227830400531224886e-01
1.027774506306910318e+01 1.223801077173633928e-01
1.028999589535894721e+01 1.219869862364905133e-01
1.030201632116065191e+01 1.216183542565120318e-01
1.031435683160246697e+01 1.212482819782320920e-01
1.032681210725006338e+01 1.208747682058440992e-01
1.033902832711680553e+01 1.205084232090229412e-01
1.035115261018229660e+01 1.201448352989959861e-01
1.036349925152719464e+01 1.197745791743630162e-01
1.037588452686740936e+01 1.194031646455697981e-01
1.038798882750531583e+01 1.190401757023790141e-01
1.040024061411546796e+01 1.186727644311227348e-01
1.041275466762403745e+01 1.182974876164872707e-01
1.042497437395719295e+01 1.179310383227160364e-01
1.043688539230566192e+01 1.175738457794026498e-01
1.044935704554474043e+01 1.171998407114998586e-01
1.046202522343027752e+01 1.168199422818906319e-01
1.047400785250685118e+01 1.164606022888345777e-01
1.048587764924572419e+01 1.161046459569886197e-01
1.049857477665452521e+01 1.157260599483345004e-01
1.051126978619461916e+01 1.153662838478429625e-01
1.052285386394314770e+01 1.150422114355187653e-01
1.053473993131735220e+01 1.147096910014387128e-01
1.054774671867871128e+01 1.143458175272262650e-01
1.056046331403275573e+01 1.139900625386180283e-01
1.057159342937813484e+01 1.136786900759340496e-01
1.058363554604334311e+01 1.133418039582222425e-01
1.059705223772767368e+01 1.129664631692218896e-01
1.060980007826281124e+01 1.126098341509635808e-01
1.062041006728784431e+01 1.123130124229103771e-01
1.063264563316425537e+01 1.119707144069420346e-01
1.064639384541436584e+01 1.115860990924927854e-01
1.065914814163454949e+01 1.112292889344820845e-01
1.066936599425687149e+01 1.109434380331112274e-01
1.068170647251649896e+01 1.105982050148433399e-01
1.069565989882602963e+01 1.102078487452427258e-01
1.070841615580203232e+01 1.098526772406687863e-01
1.071820812972623926e+01 1.095921519532132571e-01
1.073084847252518337e+01 1.092625055864421130e-01
1.074490552624379625e+01 1.088959140571083561e-01
1.075610992590358350e+01 1.086037153086840124e-01
1.076616814766807195e+01 1.083414090433340027e-01
1.078006968453032144e+01 1.079788732726427031e-01
1.079413827513433510e+01 1.076119805027724863e-01
1.080500555627140002e+01 1.073285738627115932e-01
1.081522922201470926e+01 1.070619519022139865e-01
1.082926366203709634e+01 1.066959516978577549e-01
1.084324133780694766e+01 1.063314294742961075e-01
1.085447970303622078e+01 1.060383435000072788e-01
1.086383196285792785e+01 1.057944489376885511e-01
1.087748622894287109e+01 1.054383628070354462e-01
