1.738211204512761163e-02 1.266592961237980717e+03
2.945141206410798254e-02 3.250349564985795610e+02
4.189043426060978098e-02 9.129743223552462439e+01
5.436837606323070837e-02 3.170935596563877112e+01
6.709179474813181665e-02 1.369194971410239603e+01
7.906029034168161884e-02 6.433678797458080467e+00
9.134212390678685123e-02 3.040135883703464437e+00
1.036762740919000836e-01 1.520112050047647489e+00
1.161203638865397486e-01 8.673805487461578867e-01
1.284418929702930146e-01 5.378181570057314342e-01
1.405592391961615062e-01 3.361891125401007541e-01
1.528879143562413834e-01 2.047408421632602171e-01
1.654374846088009499e-01 1.281377399310356380e-01
1.776729443817273990e-01 8.677204108266402260e-02
1.898591782008197670e-01 6.201049741224259199e-02
2.021021650674771353e-01 4.420675719985079494e-02
2.143704059761030734e-01 3.101790723140848346e-02
2.266685746852545591e-01 2.198415366824732139e-02
2.389979880971628001e-01 1.619074387430304712e-02
2.513315027420615633e-01 1.233235427781062890e-02
2.635743834303616029e-01 9.463070779145385872e-03
2.757714049283470081e-01 7.238725738105581536e-03
2.881120323268035466e-01 5.517314321626777887e-03
3.003642817203516779e-01 4.296916955386969640e-03
3.126284332764821539e-01 3.409178417158119801e-03
3.249982808288275904e-01 2.737664705847094645e-03
3.373429099698267986e-01 2.193497369127265628e-03
3.495635283624552447e-01 1.763031946504244746e-03
3.617878412179377778e-01 1.432190799481246899e-03
3.739857115225381223e-01 1.174430479295551777e-03
3.863066258986853074e-01 9.687381179729066382e-04
3.986206606301063715e-01 8.041619603315619536e-04
4.109256578244661062e-01 6.687016214097016428e-04
4.232245655456485234e-01 5.586715044785899292e-04
4.354883510192325557e-01 4.698090268738745593e-04
4.477773618515445975e-01 3.968070571423819152e-04
4.599885903973864876e-01 3.376472820468151581e-04
4.722481765309811674e-01 2.872226131494894693e-04
4.845423032090063198e-01 2.460091612246877299e-04
4.967758419901825429e-01 2.112558640480770202e-04
5.090496726262303540e-01 1.818901597446946400e-04
5.213393459973235666e-01 1.574111461363369871e-04
5.336764515809359066e-01 1.360669342985884004e-04
5.460019077520040787e-01 1.186347395253399892e-04
5.582746788338668331e-01 1.034206028020552836e-04
5.704836588526608354e-01 9.025376861217107929e-05
5.827050628875978244e-01 7.952054421548612273e-05
5.949966261260961620e-01 6.988095715924369804e-05
6.072810970026001343e-01 6.152270971845433278e-05
6.195641138211566146e-01 5.446935446499761994e-05
6.318725909241229566e-01 4.822328730841503737e-05
6.441734965778191935e-01 4.274691789701853882e-05
6.564797894961378333e-01 3.803153511521125893e-05
6.686914929796821117e-01 3.396678805707682925e-05
6.809527893726128323e-01 3.033821973972064128e-05
6.932444725786992556e-01 2.712410250386087805e-05
7.054525470905848028e-01 2.433272075248395808e-05
7.177279646031660132e-01 2.189404642975625696e-05
7.300093567625280944e-01 1.971275361134013109e-05
7.423152589350650032e-01 1.775185436663850538e-05
7.545976543671308878e-01 1.599952613603683474e-05
7.668242736309552887e-01 1.445502687725023859e-05
7.791532429173236851e-01 1.309682068725070978e-05
7.914205781278266238e-01 1.190040870635675550e-05
8.036946471889406807e-01 1.082484970764018506e-05
8.159793690377137310e-01 9.845832101055595125e-06
8.282032717995754245e-01 8.966916657547032761e-06
8.405128489456621388e-01 8.170103031188239110e-06
8.528044235981327992e-01 7.456663164791484425e-06
8.650383425504041268e-01 6.814399808179171686e-06
8.772723753339952690e-01 6.243340585126623119e-06
8.895340321420209806e-01 5.727675525862008774e-06
9.018817618365986277e-01 5.253175889506407167e-06
9.141883520666792551e-01 4.824420653184382328e-06
9.264619888246796719e-01 4.441077839578190093e-06
9.387414586625268953e-01 4.088825953288311536e-06
9.509803448018084859e-01 3.765850581135929735e-06
9.632221134977815291e-01 3.471210882651867439e-06
9.754896314977136162e-01 3.202410992635248551e-06
9.877264067106145129e-01 2.964899088134202901e-06
9.999851844861834538e-01 2.747544153788195843e-06
1.012329339168382747e+00 2.542322123696541545e-06
1.024626907347453875e+00 2.357698429401169641e-06
1.036866689471437342e+00 2.188183351622181199e-06
1.049135487527864008e+00 2.029880869859638695e-06
1.061441354492477229e+00 1.885873438095716433e-06
1.073716958242755926e+00 1.750787569212147811e-06
1.085925311725509657e+00 1.631586737825815867e-06
1.098213833495794933e+00 1.519484373307647640e-06
1.110549154774624014e+00 1.416367786813146268e-06
1.122813426886622556e+00 1.322588301733770948e-06
1.135068430671317463e+00 1.234678360304313814e-06
1.147342703947374032e+00 1.154903672338028540e-06
1.159604759492050663e+00 1.078995015979830756e-06
1.171869554121423906e+00 1.010743940792670434e-06
1.184117043636903954e+00 9.454769110731978191e-07
1.196380808473640034e+00 8.867470366389177637e-07
1.208687090056549174e+00 8.301337476341625787e-07
1.220959130578168628e+00 7.791447998047548513e-07
1.233208524119171701e+00 7.301104296405640462e-07
1.245508543932532852e+00 6.854649029690639177e-07
1.257784757305784762e+00 6.426289649742904677e-07
1.270055775740428938e+00 6.045392313821821148e-07
1.282341075690068832e+00 5.679078670959740734e-07
1.294603412909409723e+00 5.359372878941680797e-07
1.306872192362329876e+00 5.048873511125999966e-07
1.319154366677192103e+00 4.763768508806795740e-07
1.331413222210922065e+00 4.485989738514291677e-07
1.343670459103085024e+00 4.236353764998760260e-07
1.355926661325111748e+00 3.994969819417575461e-07
1.368198362306287663e+00 3.775715985516035107e-07
1.380493198358981433e+00 3.567400739660463739e-07
1.392777181745514348e+00 3.372137879246905288e-07
1.405062196910951799e+00 3.191402078177960111e-07
1.417350389671748312e+00 3.016254430230797105e-07
1.429619703122777752e+00 2.857309208361364048e-07
1.441896130395259989e+00 2.700920761383617915e-07
1.454153528625109715e+00 2.560487472492656241e-07
1.466381113760885535e+00 2.424291690153790321e-07
1.478663798537000362e+00 2.298972324747185880e-07
1.490945590056615089e+00 2.183713724049146142e-07
1.503215467901839242e+00 2.071414894491930752e-07
1.515506856276889414e+00 1.969437197449834034e-07
1.527798704103739080e+00 1.868640006640888637e-07
1.540100615359619285e+00 1.776206604486780210e-07
1.552323594607271318e+00 1.688679420708233117e-07
1.564549078286756156e+00 1.604019537346832358e-07
1.576828957669637710e+00 1.528086993161766158e-07
1.589107367637560886e+00 1.452916496017607126e-07
1.601397118763717042e+00 1.383928439841123126e-07
1.613662668137236356e+00 1.319004491048829257e-07
1.625956510086740581e+00 1.254947291896345000e-07
1.638273353518620468e+00 1.196347987816325349e-07
1.650514624911034955e+00 1.138944242250665705e-07
1.662750613141406264e+00 1.084824726618803559e-07
1.675038763356534233e+00 1.035823828346104845e-07
1.687316157434399555e+00 9.870378058777075122e-08
1.699577919034019002e+00 9.431144897419807026e-08
1.711844019198244693e+00 9.018507663235571014e-08
1.724121889976205191e+00 8.609744956803276912e-08
1.736393169926629509e+00 8.240948185228655471e-08
1.748649316593648084e+00 7.882422269029267962e-08
1.760929058575410933e+00 7.530739505607358521e-08
1.773209682934749454e+00 7.212486975702718020e-08
1.785496948406629647e+00 6.898089726394078448e-08
1.797779508081463584e+00 6.594115589768640533e-08
1.810045833062560616e+00 6.319872986801632766e-08
1.822328995141098806e+00 6.047014910129570007e-08
1.834622279524171340e+00 5.785646063497111509e-08
1.846870127325623168e+00 5.551342357871265076e-08
1.859113337231853569e+00 5.318108605506395010e-08
1.871369828971394922e+00 5.094584750160592922e-08
1.883662336941608340e+00 4.892491494870529844e-08
1.895967949490765081e+00 4.690960351384411710e-08
1.908218963624774167e+00 4.496149066077427874e-08
1.920473361096422416e+00 4.316402733724779643e-08
1.932728508001044121e+00 4.137426117667948326e-08
1.945011049581989448e+00 3.963892899743625195e-08
1.957297342392070760e+00 3.812830687913138714e-08
1.969540729633649123e+00 3.664523211252811140e-08
1.981824563452103227e+00 3.517811149435393634e-08
1.994126144882194751e+00 3.386641994332861399e-08
2.006394537955421775e+00 3.259095151153212848e-08
2.018670334343899864e+00 3.131818324266182198e-08
2.030952316497373289e+00 3.015069558905043028e-08
2.043216798362256004e+00 2.903476461549958392e-08
2.055475510122651617e+00 2.791935860999389546e-08
2.067735799890346726e+00 2.686152062726274998e-08
2.080008516254567397e+00 2.588582055260881104e-08
2.092298443663116014e+00 2.490937248779759327e-08
2.104578287136098957e+00 2.395304775642420292e-08
2.116845418601210227e+00 2.309824046585739726e-08
2.129117295843077962e+00 2.225756233267659646e-08
2.141386119469398608e+00 2.141767993129349573e-08
2.153674144242317734e+00 2.064689109631276587e-08
2.165943509394002930e+00 1.992558714652493729e-08
2.178174723454857631e+00 1.920652615263370157e-08
2.190433903448424591e+00 1.850172124007883923e-08
2.202719931868166281e+00 1.786319630789416567e-08
2.215018711620012848e+00 1.723167523311839672e-08
2.227273593520805672e+00 1.660242490143321299e-08
2.239529706996110647e+00 1.602347824029889033e-08
2.251840710091987496e+00 1.548945696529920820e-08
2.264119014215441705e+00 1.495685409336049354e-08
2.276384279003433875e+00 1.442989645002747075e-08
2.288658423418587606e+00 1.395649760069862764e-08
2.300952091017892887e+00 1.349694803402474769e-08
2.313218143961406348e+00 1.303843066571360250e-08
2.325458350675993380e+00 1.259373484647873431e-08
2.337719218738625759e+00 1.219245380423573051e-08
2.350003147866706943e+00 1.179418861166764905e-08
2.362279058175797530e+00 1.139618340302807546e-08
2.374538937598235311e+00 1.101713920552501065e-08
2.386816000033005647e+00 1.066917585962606300e-08
2.399102824518786203e+00 1.032148303174578771e-08
2.411392629484657046e+00 9.973705831823086753e-09
2.423637270133701449e+00 9.649801457079536899e-09
2.435888431421263434e+00 9.349762176488231152e-09
2.448174802894025337e+00 9.048865287832099313e-09
2.460449199376890217e+00 8.748286797582973704e-09
2.472719088229479834e+00 8.470118448554483299e-09
2.484992831186476625e+00 8.211382700244773768e-09
2.497273806662959394e+00 7.952494494891442857e-09
2.509544184074824269e+00 7.693830541864037469e-09
2.521827062063934477e+00 7.452227927684950287e-09
2.534112812322843578e+00 7.227386747105792641e-09
2.546370817755073013e+00 7.003053328286667283e-09
2.558627656962102925e+00 6.778741235509856266e-09
2.570901337570405953e+00 6.567502833054660034e-09
2.583177336304471883e+00 6.375868826476012260e-09
2.595440486720578921e+00 6.184604365116469337e-09
2.607704762491110717e+00 5.993322332272275873e-09
2.620001080686306771e+00 5.808530711162636326e-09
2.632286922231434456e+00 5.643554466974312984e-09
2.644534427140472932e+00 5.480287687249806600e-09
2.656802040265521470e+00 5.316752851585886746e-09
2.669073687515052029e+00 5.155216069521324204e-09
2.681350663644082921e+00 5.010036623264181708e-09
2.693623847875446398e+00 4.868451697724798573e-09
2.705878137328059818e+00 4.727084758763024480e-09
2.718161480124765106e+00 4.585435890370586355e-09
2.730438457898014093e+00 4.455400788028032587e-09
2.742710787932656658e+00 4.334203323400243459e-09
2.754989883536780759e+00 4.212939041948174120e-09
2.767261470157902359e+00 4.091748922707701503e-09
2.779527771137290770e+00 3.973686740477720907e-09
2.791792657323202587e+00 3.867306437262067968e-09
2.804076091151673555e+00 3.761879137740641082e-09
2.816361645196279184e+00 3.656433648735878892e-09
2.828620519698351377e+00 3.551264549516833258e-09
2.840883569190919111e+00 3.453667443077921169e-09
2.853162813112358975e+00 3.361425944263178605e-09
2.865450010721949603e+00 3.269124702235453358e-09
2.877720591785824400e+00 3.176948284135268682e-09
2.889980478242957229e+00 3.086188405612910536e-09
2.902258175496396753e+00 3.004794196158827610e-09
2.914518854472965437e+00 2.925368857995743950e-09
2.926762721606932960e+00 2.846052423449097622e-09
2.939034749745344843e+00 2.766553561946101482e-09
2.951320369754638406e+00 2.690061379968370743e-09
2.963597026501346932e+00 2.621571157960785419e-09
2.975876194561613453e+00 2.553462275430248784e-09
2.988160315109058551e+00 2.485325927496764941e-09
3.000449644660864834e+00 2.417160685903054588e-09
3.012716332634865157e+00 2.353051404258845974e-09
3.024968759761666348e+00 2.294263474699755531e-09
3.037252171006531665e+00 2.235353264466227078e-09
3.049526120964057618e+00 2.176488430424311843e-09
3.061775712289526830e+00 2.117741024938687393e-09
3.074050272894680358e+00 2.063651625166105833e-09
3.086335131672947263e+00 2.014125407525177740e-09
3.098604365236381053e+00 1.964662181328672826e-09
3.110859489026789326e+00 1.915255843449063091e-09
3.123137658326072597e+00 1.865756592865573967e-09
3.135433948671655369e+00 1.819323171051045193e-09
3.147695129457003915e+00 1.776152002847865523e-09
3.159956328254873270e+00 1.732980767460199484e-09
3.172232976043315666e+00 1.689755140528451806e-09
3.184501257851794165e+00 1.646558965240253358e-09
3.196775435955213851e+00 1.605555703748008564e-09
3.209044865222644205e+00 1.567928189131914463e-09
3.221307079525221884e+00 1.530357751128578327e-09
3.233581408312706795e+00 1.492750194028269968e-09
3.245858629450829369e+00 1.455133777755169548e-09
3.258143378674136947e+00 1.418614932048160579e-09
3.270410557577971389e+00 1.385667109298903821e-09
3.282661665213619351e+00 1.353021085172650091e-09
3.294949090802971714e+00 1.320278287611348836e-09
3.307244200655479638e+00 1.287515011088451417e-09
3.319496480125943449e+00 1.255138415859473683e-09
3.331765223362041173e+00 1.225856649675010985e-09
3.344051721244690523e+00 1.197419572979008190e-09
3.356325050698430346e+00 1.169012970010082168e-09
3.368596307392438316e+00 1.140611168885551032e-09
3.380854472437640812e+00 1.112239664463117528e-09
3.393138905317619081e+00 1.085783000313123506e-09
3.405406306535367467e+00 1.061908283306226946e-09
3.417657680989456548e+00 1.038074832194278268e-09
3.429938663402217092e+00 1.014183776223196713e-09
3.442214032587430417e+00 9.903036434581212620e-10
3.454484843056887300e+00 9.666953760339194715e-10
3.466756647980139938e+00 9.455204760074046612e-10
3.479034376591896738e+00 9.249296737040586466e-10
3.491307566462293899e+00 9.043464830461803070e-10
3.503582350785310773e+00 8.837606196408884578e-10
3.515849804558033309e+00 8.631870512077015663e-10
3.528113199069885297e+00 8.433952361966201270e-10
3.540379188868042704e+00 8.254598975309304230e-10
3.552650333566175433e+00 8.075988471011321308e-10
3.564930099127972429e+00 7.897252509865865440e-10
3.577201769827548006e+00 7.718634376250684885e-10
3.589475285534829307e+00 7.539989379270741301e-10
3.601759315099353209e+00 7.374108267795747541e-10
3.614032945244215256e+00 7.221347839195048193e-10
3.626301000303521871e+00 7.068656788086226705e-10
3.638569887417207216e+00 6.915955389360836619e-10
3.650838632506976822e+00 6.763255762416571560e-10
3.663120446880168135e+00 6.610552582192691198e-10
3.675392231131059617e+00 6.470169314094860666e-10
3.687654129504458478e+00 6.337515040840565926e-10
3.699910200907845059e+00 6.204923815696267544e-10
3.712192899007472846e+00 6.072044510221388153e-10
3.724479589655305123e+00 5.939122031478733003e-10
3.736733640063575113e+00 5.806713081021026015e-10
3.749005728100832435e+00 5.685061196057850741e-10
3.761283023631708744e+00 5.570007536695239209e-10
3.773563485184610933e+00 5.454924201337769956e-10
3.785825516964203885e+00 5.340013576449969188e-10
3.798082802949320325e+00 5.225147417840835241e-10
3.810363893373462041e+00 5.110063021511645937e-10
3.822645720709119566e+00 5.003690711570975603e-10
3.834921229715159363e+00 4.905287620460307472e-10
3.847188317665898971e+00 4.806951999462111587e-10
3.859469575550916964e+00 4.708502794264081363e-10
3.871753985767769191e+00 4.610028327670951863e-10
3.884018640962858981e+00 4.511712211070624051e-10
3.896281982801185872e+00 4.417555426912516316e-10
3.908553995714485030e+00 4.332103174767163796e-10
3.920819940236625278e+00 4.246977372793949570e-10
3.933080957844246495e+00 4.161885767240219278e-10
3.945346259001160760e+00 4.076764428066120775e-10
3.957637313618597830e+00 3.991464364792028382e-10
3.969923042548726411e+00 3.907347626096773481e-10
3.982175629228108971e+00 3.832448950447000143e-10
3.994441680205387257e+00 3.759396533893387371e-10
4.006728047574338980e+00 3.686223114007429623e-10
4.019004858472411179e+00 3.613106627810827142e-10
4.031277336217974572e+00 3.540015937447912531e-10
4.043554573420149012e+00 3.466896899163520673e-10
4.055839410316336213e+00 3.398646382270396281e-10
4.068096764528600140e+00 3.336476127703146570e-10
4.080340929220048984e+00 3.274385783538402610e-10
4.092625520834049624e+00 3.212090448213919111e-10
4.104896838065174691e+00 3.149862426409520692e-10
4.117161186094653758e+00 3.087669740653197469e-10
4.129437242236893013e+00 3.025849414635209761e-10
4.141704639004231581e+00 2.969690374045924840e-10
4.153978514844194336e+00 2.915231461146696560e-10
4.166254106252230471e+00 2.860764929089381879e-10
4.178538610145275278e+00 2.806258852536014402e-10
4.190814707343741397e+00 2.751790080273906603e-10
4.203073452331837601e+00 2.697398298911888455e-10
4.215351491768677406e+00 2.644292207910670706e-10
4.227627847837150732e+00 2.597087509331694257e-10
4.239903836936770531e+00 2.550567674469025730e-10
4.252176174544948672e+00 2.504061684999903835e-10
4.264429117117187751e+00 2.457629183987843201e-10
4.276699880393182163e+00 2.411129147928190358e-10
4.288984777500015610e+00 2.364575558381173304e-10
4.301255117606400447e+00 2.319667753313437452e-10
4.313518958654457336e+00 2.279343708648947856e-10
4.325790419391779551e+00 2.239276593651315797e-10
4.338071573855772911e+00 2.199177835578631111e-10
4.350337804712862244e+00 2.159127802750961118e-10
4.362611775147850146e+00 2.119052499853262873e-10
4.374889726767814402e+00 2.078964197407379459e-10
4.387156715049502331e+00 2.040057519328632349e-10
4.399426645293336158e+00 2.004665858190919170e-10
4.411686492803647219e+00 1.969551502077763341e-10
4.423963183132842758e+00 1.934388906089443612e-10
4.436231333416778000e+00 1.899250768131205177e-10
4.448504024620786090e+00 1.864099626231444136e-10
4.460786102766904904e+00 1.828921597750823093e-10
4.473052605097511680e+00 1.794407999859490442e-10
4.485333680898416553e+00 1.763298321751721224e-10
4.497601237084061232e+00 1.732750945547609498e-10
4.509866070174105346e+00 1.702210356151937809e-10
4.522145635346641157e+00 1.671633075798771554e-10
4.534428519381624945e+00 1.641047534997585681e-10
4.546703018242844507e+00 1.610482873265276360e-10
4.558957625766161925e+00 1.580082369926770887e-10
4.571226642211251523e+00 1.552979070435698094e-10
4.583509777054324275e+00 1.527384701928385640e-10
4.595790059827854712e+00 1.501796282224313066e-10
4.608061949813968106e+00 1.476225349747098053e-10
4.620318584818105201e+00 1.450686200414837033e-10
4.632589805876371258e+00 1.425116659306281615e-10
4.644869853213136501e+00 1.399528731037131618e-10
4.657136883942349925e+00 1.374992620087370603e-10
4.669407249318447306e+00 1.352841942135895901e-10
4.681668364815647188e+00 1.330806655320889020e-10
4.693936637293424141e+00 1.308758508112856779e-10
4.706220932875434748e+00 1.286681565894724034e-10
4.718499554358994708e+00 1.264614820804427309e-10
4.730782650520382937e+00 1.242540029869943955e-10
4.743047316918455714e+00 1.220540606708576671e-10
4.755307692139830955e+00 1.200608559468471574e-10
4.767583057675158109e+00 1.181788862251968352e-10
4.779863394372367402e+00 1.162961544575032099e-10
4.792132641916739821e+00 1.144151227293458054e-10
4.804399941113462802e+00 1.125343896111013701e-10
4.816678316286075123e+00 1.106519586625550946e-10
4.828949285393635549e+00 1.087706628469059593e-10
4.841208182326298903e+00 1.069113331342456711e-10
4.853478345205306077e+00 1.052295787547546912e-10
4.865760528755814995e+00 1.035885061713158820e-10
4.878024554178364447e+00 1.019498597585151061e-10
4.890296377151694962e+00 1.003101713760080554e-10
4.902574231215205636e+00 9.866967726053111396e-11
4.914845323572139435e+00 9.703008667948749914e-11
4.927125567488364055e+00 9.538927316774008551e-11
4.939397986818531372e+00 9.377781906390335939e-11
4.951664280457524825e+00 9.233725587907725193e-11
4.963940592502508409e+00 9.092375234182738843e-11
4.976216953277528887e+00 8.951024339420732003e-11
4.988477996474629528e+00 8.809849786756102689e-11
5.000736047494441117e+00 8.668709705473683965e-11
5.013022640065464053e+00 8.527240989564044000e-11
5.025302982194676638e+00 8.385844270583905928e-11
5.037566103908967641e+00 8.246459652715947317e-11
5.049844207396282592e+00 8.121361103058649625e-11
5.062119542870266109e+00 7.999407585460185010e-11
5.074383105131830440e+00 7.877571025202743455e-11
5.086641552088245533e+00 7.755785301494103672e-11
5.098920420017480026e+00 7.633796692660766425e-11
5.111195199258650845e+00 7.511848700628275384e-11
5.123449562989547346e+00 7.390103539504142188e-11
5.135725975397288146e+00 7.268439621655722134e-11
5.148005044968195776e+00 7.156413124470826212e-11
5.160275585351876693e+00 7.049110069382737067e-11
5.172546707875350869e+00 6.941801897845048912e-11
5.184827951212304775e+00 6.834405267686657274e-11
5.197107563567055166e+00 6.727022882036330647e-11
5.209372262483340954e+00 6.619770909905365423e-11
5.221649174658606007e+00 6.512412136535351236e-11
5.233932550562378161e+00 6.404996832641857093e-11
5.246207608362158936e+00 6.303155035413436436e-11
5.258474246095205196e+00 6.212299498260717506e-11
5.270738469237462809e+00 6.121758389005270156e-11
5.282999075966164249e+00 6.031243974410762827e-11
5.295265148876008077e+00 5.940689198877632944e-11
5.307538878972787089e+00 5.850077905340678265e-11
5.319816023849368136e+00 5.759441393555280129e-11
5.332106425194989008e+00 5.668707014077363107e-11
5.344371217832380339e+00 5.578572409528437162e-11
5.356624881905982072e+00 5.497777673548244849e-11
5.368905907939013566e+00 5.420625395835132233e-11
5.381178681067710912e+00 5.343524972034360199e-11
5.393451198524775059e+00 5.266426147015824131e-11
5.405726878719107731e+00 5.189307461493302593e-11
5.417999076018534588e+00 5.112210644056908738e-11
5.430270917047597123e+00 5.035116071263340075e-11
5.442534276784082969e+00 4.958074777190003188e-11
5.454800894502979780e+00 4.882446339463555651e-11
5.467077870139476659e+00 4.814928650675709777e-11
5.479355737083116296e+00 4.748698643848394563e-11
5.491631123293435834e+00 4.682482018295522950e-11
5.503885461799915113e+00 4.616378923714644723e-11
5.516150871778835452e+00 4.550216109714340434e-11
5.528443541640725378e+00 4.483906242138825921e-11
5.540720369487344144e+00 4.417681837183001028e-11
5.552988485023032439e+00 4.351504434441980003e-11
5.565261674970053640e+00 4.286844897910953363e-11
5.577534275054667035e+00 4.228432412370848275e-11
5.589802466245866519e+00 4.170699769962127991e-11
5.602075290374081362e+00 4.112945322236235493e-11
5.614350464861192158e+00 4.055179827090073517e-11
5.626623423538474000e+00 3.997424758874459366e-11
5.638893167212405189e+00 3.939684817536262969e-11
5.651161305429462267e+00 3.881952423049613755e-11
5.663425285909801765e+00 3.824239604543811229e-11
5.675691479571933762e+00 3.767561425074124357e-11
5.687971082709079695e+00 3.716711991574834999e-11
5.700246234071071783e+00 3.666797732747496549e-11
5.712517806570711620e+00 3.616898017342073100e-11
5.724796874665427637e+00 3.566967829202091540e-11
5.737066926053280724e+00 3.517074294184367981e-11
5.749336020301031525e+00 3.467184667208218706e-11
5.761614331000809663e+00 3.417257555871242080e-11
5.773882296547530046e+00 3.367372509074010092e-11
5.786153448888407880e+00 3.317695099741867272e-11
5.798430888328152122e+00 3.272898203418432458e-11
5.810698718707794974e+00 3.230158863473388290e-11
5.822968649516642614e+00 3.187412203731181385e-11
5.835247741956022693e+00 3.144633623221234217e-11
5.847517818375936649e+00 3.101886443546661305e-11
5.859777924360419554e+00 3.059174013199902390e-11
5.872043469733759125e+00 3.016442629218428869e-11
5.884316208247446944e+00 2.973686188172402604e-11
5.896588339242491372e+00 2.930931855055588085e-11
5.908862253089940175e+00 2.890032232745493263e-11
5.921140273745074012e+00 2.853072634991976495e-11
5.933416110825472600e+00 2.816250004551996722e-11
5.945693655629928465e+00 2.779422254904429109e-11
5.957960216997184588e+00 2.742627450860413946e-11
5.970224694105725760e+00 2.705838892390691108e-11
5.982501212736559104e+00 2.669014220161425111e-11
5.994773016381848230e+00 2.632203690019939477e-11
6.007052309174411242e+00 2.595370689096182953e-11
6.019323996014493972e+00 2.558610400083548037e-11
6.031591083960865518e+00 2.524760696640060043e-11
6.043864685712702745e+00 2.492574089690836893e-11
6.056140762083756179e+00 2.460380994120873568e-11
6.068414447141080359e+00 2.428194169067829367e-11
6.080682390425510064e+00 2.396022401610632830e-11
6.092950687706149893e+00 2.363849704501575073e-11
6.105222847777539208e+00 2.331666878286864963e-11
6.117498704959920985e+00 2.299474359035942431e-11
6.129764184834314733e+00 2.267309049227487439e-11
6.142038972320288615e+00 2.235376049003135093e-11
6.154304765200349081e+00 2.207297165795481737e-11
6.166569788653463391e+00 2.180503165929527389e-11
6.178846494966856895e+00 2.153683646555382129e-11
6.191116693006394556e+00 2.126878342411542013e-11
6.203394119564271669e+00 2.100057249421296636e-11
6.215666041891435789e+00 2.073248177890499804e-11
6.227935347627760798e+00 2.046444827381711832e-11
6.240216034129863587e+00 2.019616606377179515e-11
6.252491040510594011e+00 1.992800798645181199e-11
6.264748912887735166e+00 1.966149798847850037e-11
6.277022083960849486e+00 1.941872865505240992e-11
6.289302104888057521e+00 1.918491650066632287e-11
6.301575577258628158e+00 1.895122909040237371e-11
6.313842739442879548e+00 1.871766178891495126e-11
6.326111758774734639e+00 1.848405914468723805e-11
6.338388371629334550e+00 1.825031191803139422e-11
6.350653504839701924e+00 1.801678326357983599e-11
6.362925521019373143e+00 1.778312362076336340e-11
6.375199703367512960e+00 1.754942260700363126e-11
6.387469226768377695e+00 1.731583212365551985e-11
6.399745155096550953e+00 1.710025142629853137e-11
6.412021048691203262e+00 1.690039421129368355e-11
6.424291589113733103e+00 1.670062412987528816e-11
6.436561860313417149e+00 1.650085844830079083e-11
6.448839981748705874e+00 1.630096489947019975e-11
6.461108547751658548e+00 1.610122697000397078e-11
6.473374451307642552e+00 1.590153239468876757e-11
6.485648452683405729e+00 1.570170595244485411e-11
6.497912794912579670e+00 1.550203677290439790e-11
6.510188675064301655e+00 1.530217977513259164e-11
6.522469883466725626e+00 1.510684420103363718e-11
6.534740035532724534e+00 1.493092265635746287e-11
6.547014109070398824e+00 1.475706781288178363e-11
6.559280453511415310e+00 1.458332245169924214e-11
6.571544309808293960e+00 1.440961230714805637e-11
6.583821092479313464e+00 1.423571909813484801e-11
6.596089921004116619e+00 1.406193854226856307e-11
6.608365544053812712e+00 1.388806173346408188e-11
6.620644703812256893e+00 1.371413485096504131e-11
6.632912942264358236e+00 1.354036263470259692e-11
6.645177683617404796e+00 1.336663999880262585e-11
6.657442543711369787e+00 1.320348339918153360e-11
6.669722534938342662e+00 1.305329686296632219e-11
6.681993318463547382e+00 1.290326005714912021e-11
6.694261204019748668e+00 1.275325868436683429e-11
6.706541488313978228e+00 1.260310571357962050e-11
6.718813955717831021e+00 1.245304832981614519e-11
6.731080972576989119e+00 1.230305759080719260e-11
6.743359824121949231e+00 1.215292213256453348e-11
6.755631353408082518e+00 1.200287620663858008e-11
6.767898304576293711e+00 1.185288625053009378e-11
6.780174663240607913e+00 1.170285199187608866e-11
6.792450332450066242e+00 1.156551508386388505e-11
6.804726074812886161e+00 1.143754162162396076e-11
6.816986550199255923e+00 1.130972731977771737e-11
6.829262858100193512e+00 1.118174795983858124e-11
6.841539361448875312e+00 1.105376656998671246e-11
6.853798339181921051e+00 1.092596788671292365e-11
6.866070662062549346e+00 1.079803008452225949e-11
6.878342039442563838e+00 1.067010209374854975e-11
6.890609277951348588e+00 1.054221732738614582e-11
6.902882119035200326e+00 1.041427410425292625e-11
6.915161583719115157e+00 1.028626184963289790e-11
6.927430680718094536e+00 1.016602535057268383e-11
6.939709919086802792e+00 1.005346177919333968e-11
6.951990815117643052e+00 9.940883031368132417e-12
6.964254035975310231e+00 9.828466292851162549e-12
6.976522773357487495e+00 9.715998997619681590e-12
6.988800533124341463e+00 9.603448990666199049e-12
7.001071106094600260e+00 9.490964863509325300e-12
7.013333865652984223e+00 9.378552367433143624e-12
7.025600402972400182e+00 9.266105241161208083e-12
7.037876815905639738e+00 9.153567563357485340e-12
7.050143162335931635e+00 9.041122198401328274e-12
7.062413118975667814e+00 8.932980963826249938e-12
7.074690835034955327e+00 8.837680934135200215e-12
7.086953823365687910e+00 8.743356053276388652e-12
7.099228383676583043e+00 8.648942137266054221e-12
7.111513847242655117e+00 8.554444361096743165e-12
7.123796124336221780e+00 8.459971095301968113e-12
7.136061299463858809e+00 8.365629381779561609e-12
7.148327355427038121e+00 8.271280885327662940e-12
7.160609574504935182e+00 8.176808067009252187e-12
7.172879532441566397e+00 8.082429562644529692e-12
7.185145013609509412e+00 7.988085502108683281e-12
7.197419400246670484e+00 7.893850304097238130e-12
7.209686158792262489e+00 7.808249085480269961e-12
7.221957944822181119e+00 7.727355814656770362e-12
7.234230264056627391e+00 7.646459035335874954e-12
7.246500669247545545e+00 7.565574874503573725e-12
7.258778712036681569e+00 7.484640385980464494e-12
7.271045876620886972e+00 7.403777583379163906e-12
7.283317379378636325e+00 7.322886195601193189e-12
7.295585645099416539e+00 7.242016138532393364e-12
7.307853272958525714e+00 7.161150281327987618e-12
7.320126745335258533e+00 7.080245910102474257e-12
7.332403784514088585e+00 6.999318017529036154e-12
7.344684206752194910e+00 6.919153937028744045e-12
7.356944630619157266e+00 6.846376421955786030e-12
7.369203505154014344e+00 6.775371665602197694e-12
7.381489563580306168e+00 6.704209462292239391e-12
7.393767997341700315e+00 6.633091421171071394e-12
7.406035012783036109e+00 6.562039504855427301e-12
7.418310408017617874e+00 6.490939070963050112e-12
7.430583523958874004e+00 6.419851824593835535e-12
7.442848698749097380e+00 6.348810581499991124e-12
7.455115140482812208e+00 6.277761997857108292e-12
7.467393400753554289e+00 6.206644963561302143e-12
7.479670706718533957e+00 6.135533457281838329e-12
7.491938287174950695e+00 6.065318268860251967e-12
7.504211718186098778e+00 6.002790043740026513e-12
7.516487524916406926e+00 5.942116917949549445e-12
7.528756717252752750e+00 5.881476509357485623e-12
7.541025073247601185e+00 5.820840211722145470e-12
7.553289932926945838e+00 5.760221203027868533e-12
7.565561465824747422e+00 5.699569208411983815e-12
7.577833530066534706e+00 5.638914598011303197e-12
7.590111647225785241e+00 5.578230053907094909e-12
7.602381972987688030e+00 5.517584027556029597e-12
7.614655952603478717e+00 5.456919944379336523e-12
7.626936654011594818e+00 5.396222633733413401e-12
7.639201077174127441e+00 5.335716514995178013e-12
7.651464677559008720e+00 5.280524809761631256e-12
7.663742408944604456e+00 5.228199848585530636e-12
7.676018682205153709e+00 5.175881110146517869e-12
7.688277897293473551e+00 5.123635056902978658e-12
7.700553029590799348e+00 5.071321173092469117e-12
7.712841539575106431e+00 5.018950276355024325e-12
7.725115900344815323e+00 4.966639677677917002e-12
7.737377467933403530e+00 4.914383611090286299e-12
7.749649077377426032e+00 4.862084737194834298e-12
7.761925140087297059e+00 4.809766888753417566e-12
7.774189133048908573e+00 4.757500496999515984e-12
7.786454493502858121e+00 4.705228253965596687e-12
7.798729952904426277e+00 4.654505023447937026e-12
7.811006225976846906e+00 4.608729597169660235e-12
7.823273097295126988e+00 4.563345221317701710e-12
7.835544041210333432e+00 4.517945779683832806e-12
7.847819977077952203e+00 4.472527876381273395e-12
7.860089479685364644e+00 4.427133772129230200e-12
7.872351698554277633e+00 4.381766620255638438e-12
7.884626620084905113e+00 4.336352462786166933e-12
7.896910675867973239e+00 4.290904516093623570e-12
7.909185804878801740e+00 4.245489595581500545e-12
7.921449240942633807e+00 4.200117936294424345e-12
7.933712714466360616e+00 4.154746132919059262e-12
7.945992141775624518e+00 4.109315308993076738e-12
7.958263943266027596e+00 4.067151504287749421e-12
7.970529202206244612e+00 4.029013782412905654e-12
7.982815072190602379e+00 3.990822628334451941e-12
7.995091666618705517e+00 3.952660293509450597e-12
8.007352534518663134e+00 3.914546861843485895e-12
8.019627496013539414e+00 3.876389599971424683e-12
8.031903657762798687e+00 3.838228620070135127e-12
8.044177829663981427e+00 3.800073817674388096e-12
8.056443469555411241e+00 3.761945541446246047e-12
8.068702238919343017e+00 3.723838618326080260e-12
8.080979834332703504e+00 3.685673180024054117e-12
8.093254128705954287e+00 3.647518001225279305e-12
8.105527172113761836e+00 3.609366713177154483e-12
8.117799824830797206e+00 3.573324618416565843e-12
8.130070746172389562e+00 3.539785696863070348e-12
8.142347574779897457e+00 3.506234781117060028e-12
8.154613735759548732e+00 3.472713019138999836e-12
8.166891969913633531e+00 3.439158263195926139e-12
8.179177536943971205e+00 3.405583469247703324e-12
8.191440517885343553e+00 3.372070399584462525e-12
8.203698614659973742e+00 3.338570675970163675e-12
8.215977151523059518e+00 3.305015093442512755e-12
8.228243676889508862e+00 3.271492335834068711e-12
8.240504435001721362e+00 3.237985339665334836e-12
8.252785707216327538e+00 3.204422282787742992e-12
8.265065671816016035e+00 3.170862797094056026e-12
8.277324557407441219e+00 3.138575914720373498e-12
8.289585748629670903e+00 3.109733366216124493e-12
8.301876533943493897e+00 3.081032420271231021e-12
8.314155975094262629e+00 3.052357960265060743e-12
8.326420353875711555e+00 3.023718675969945208e-12
8.338685510668618406e+00 2.995077573299597380e-12
8.350960538704741865e+00 2.966413420293358104e-12
8.363227608907420674e+00 2.937767851927268509e-12
8.375495329190206562e+00 2.909120762776907660e-12
8.387774699174400439e+00 2.880446470772696604e-12
8.400050511116273100e+00 2.851780487929480485e-12
8.412324122887586242e+00 2.823119641645344537e-12
8.424591878007328560e+00 2.794472473379448290e-12
8.436851759049160293e+00 2.765923640626025871e-12
8.449126411638403056e+00 2.740237848887345156e-12
8.461409711470588846e+00 2.715983957575654237e-12
8.473680804149562817e+00 2.691754169063488426e-12
8.485956002545906429e+00 2.667516269743357476e-12
8.498224272441392557e+00 2.643292058887781951e-12
8.510487954240929298e+00 2.619076899640447460e-12
8.522772412692955157e+00 2.594820722147592521e-12
8.535053796640809765e+00 2.570570612635639416e-12
8.547317748051932895e+00 2.546354924858364268e-12
8.559569273047319626e+00 2.522163772055097662e-12
8.571845887373589434e+00 2.497923082778576341e-12
8.584118781488212946e+00 2.473689735522442976e-12
8.596382973081230006e+00 2.449473573661425986e-12
8.608649465365420639e+00 2.425521388481005451e-12
8.620929667616577419e+00 2.403994934215753858e-12
8.633209558916400184e+00 2.383055786047447153e-12
8.645469584347553749e+00 2.362150512195072751e-12
8.657746282655869763e+00 2.341216809948664164e-12
8.670026385849459061e+00 2.320277303135067776e-12
8.682297386725101873e+00 2.299353313370069792e-12
8.694565164370990473e+00 2.278434824028120108e-12
8.706839111581698987e+00 2.257505809748643950e-12
8.719120369574609342e+00 2.236564330603062558e-12
8.731387350995687413e+00 2.215647203460310320e-12
8.743648761245099266e+00 2.194739570036400703e-12
8.755929919930125038e+00 2.173798255573574558e-12
8.768209851493411477e+00 2.152859039962366865e-12
8.780467259624447962e+00 2.132112167784193256e-12
8.792716897867451920e+00 2.113276725201658985e-12
8.804990788692478532e+00 2.094971155608226156e-12
8.817278480690440290e+00 2.076645005043099246e-12
8.829539106754184630e+00 2.058359211135927951e-12
8.841804501929178883e+00 2.040066324625423002e-12
8.854088314059325171e+00 2.021745957738380076e-12
8.866365466353054003e+00 2.003435524708267812e-12
8.878627519001241808e+00 1.985147613075290498e-12
8.890896645518441943e+00 1.966849147752810546e-12
8.903187831684247655e+00 1.948517791025261812e-12
8.915456225116132671e+00 1.930220418420580842e-12
8.927709781126756283e+00 1.911945177075670593e-12
8.939990152027949222e+00 1.893629946954725943e-12
8.952272270807998922e+00 1.875312110084011439e-12
8.964541107018792587e+00 1.858235730280885742e-12
8.976809356349257030e+00 1.842390455228016585e-12
8.989080468384209155e+00 1.826541475603032896e-12
9.001360866934389193e+00 1.810680506577864632e-12
9.013628467605453665e+00 1.794836062871498812e-12
9.025896643178507261e+00 1.778990878243409691e-12
9.038179937995256097e+00 1.763126168654912994e-12
9.050449765342662545e+00 1.747278850780606007e-12
9.062703389140500221e+00 1.731452460333209944e-12
9.074965207442557968e+00 1.715615486757751343e-12
9.087254563502222382e+00 1.699742947091041936e-12
9.099528168298895991e+00 1.683890750941022188e-12
9.111784657965019463e+00 1.668060658383966278e-12
9.124064072285285931e+00 1.652200960083568059e-12
9.136356442171548409e+00 1.636486747952636066e-12
9.148620768239394963e+00 1.622550691712684024e-12
9.160876544471626914e+00 1.609101410036335126e-12
9.173170706417419495e+00 1.595609998354984445e-12
9.185440601819509610e+00 1.582145220138641313e-12
9.197674402580403807e+00 1.568720049604070316e-12
9.209944845369468780e+00 1.555254669643707392e-12
9.222235240478099172e+00 1.541767395784408017e-12
9.234498421270382451e+00 1.528309984077780504e-12
9.246753046439533108e+00 1.514861963096438612e-12
9.259037423527585631e+00 1.501381292525929153e-12
9.271318620244818121e+00 1.487904111206968778e-12
9.283583735052717500e+00 1.474444578074178721e-12
9.295857464896441158e+00 1.460975591058461301e-12
9.308129938852692575e+00 1.447507982153278608e-12
9.320409396199853092e+00 1.434193384202427431e-12
9.332685982394551161e+00 1.422111911262115509e-12
9.344943288712755702e+00 1.410307752553638009e-12
9.357241097457126955e+00 1.398464593933330675e-12
9.369539418685082666e+00 1.386620939267698841e-12
9.381779229270216902e+00 1.374833628134527606e-12
9.394040987290516398e+00 1.363025185346487729e-12
9.406338762356838856e+00 1.351182057155986004e-12
9.418612061369849187e+00 1.339362499237013419e-12
9.430853312326764382e+00 1.327573804777601690e-12
9.443145451901411747e+00 1.315736102644173277e-12
9.455452709694613489e+00 1.303883842042152230e-12
9.467696364511542839e+00 1.292092832110461525e-12
9.479945819457697098e+00 1.280296237028073827e-12
9.492244655254580721e+00 1.268452086855706785e-12
9.504520965108966379e+00 1.256678959480081784e-12
9.516771803388767381e+00 1.246291684194956745e-12
9.529051481510224519e+00 1.236500599409589513e-12
9.541350025665284562e+00 1.226694471490588564e-12
9.553614768156799997e+00 1.216915297633282122e-12
9.565852790388564841e+00 1.207157424773519933e-12
9.578130809331275586e+00 1.197367663104214684e-12
9.590421864960230636e+00 1.187567506645302397e-12
9.602686181770573981e+00 1.177788671159653877e-12
9.614937662773536786e+00 1.168020070006914415e-12
9.627210560705263376e+00 1.158234391354362480e-12
9.639520699396086911e+00 1.148419018237276769e-12
9.651794241248827788e+00 1.138632827364822312e-12
9.664021032207420703e+00 1.128883911288275489e-12
9.676318634298157306e+00 1.119078534546635510e-12
9.688615674018457469e+00 1.109273607820354571e-12
9.700826852982181947e+00 1.099853978329434152e-12
9.713081166884682816e+00 1.091361698507096593e-12
9.725420455621609506e+00 1.082876540542011579e-12
9.737699645480059729e+00 1.074432709707073178e-12
9.749902593026686048e+00 1.066041308947697416e-12
9.762190849728799691e+00 1.057591243395762984e-12
9.774524940846697874e+00 1.049109658698983883e-12
9.786774990485199055e+00 1.040685867501879088e-12
9.798979237984754675e+00 1.032293571265315765e-12
9.811278410684318274e+00 1.023835999717797641e-12
9.823611365372379112e+00 1.015355197308630636e-12
9.835856550733424797e+00 1.006934749893865364e-12
9.848110951745821851e+00 9.985079653365329695e-13
9.860407999080017305e+00 9.900518559441455946e-13
9.872697756535982805e+00 9.816007582596593402e-13
9.884901659674879326e+00 9.732086982566168006e-13
9.897163985466415070e+00 9.651493766367499368e-13
9.909521851063152198e+00 9.576905971393219427e-13
9.921769663419794938e+00 9.503108226854608878e-13
9.933970968713669691e+00 9.429590719709164208e-13
9.946258349058943793e+00 9.355554574401409488e-13
9.958599731472778771e+00 9.281193050140898687e-13
9.970856168930207986e+00 9.207343346618465197e-13
9.983057062371893053e+00 9.133828312671045342e-13
9.995368158914336831e+00 9.059649278500817234e-13
1.000768766130018861e+01 8.985419585642913549e-13
1.001992053321067289e+01 8.911711859644843000e-13
1.003216821560764771e+01 8.837914906863412844e-13
1.004452721403794868e+01 8.763447231519965015e-13
1.005681735429030432e+01 8.689394455722896060e-13
1.006892582260663183e+01 8.616436318045125476e-13
1.008118098452082378e+01 8.542594293750806490e-13
1.009358755195854052e+01 8.470276292759937724e-13
1.010587134048773628e+01 8.405974450678031346e-13
1.011803703711579772e+01 8.342754697963844492e-13
1.013033056705357637e+01 8.278870647234593055e-13
1.014269263027678747e+01 8.214630470037949672e-13
1.015492120489713024e+01 8.151083967698153122e-13
1.016713759032503184e+01 8.087600811058371469e-13
1.017948266035775617e+01 8.023448922620695840e-13
1.019180049867154914e+01 7.959438568276533249e-13
1.020392979284387813e+01 7.896407984641178706e-13
1.021616753504563135e+01 7.832813851104408725e-13
1.022862669528350033e+01 7.768069104525416197e-13
1.024089245129418302e+01 7.704329376678735984e-13
1.025291723007928013e+01 7.641841916879062632e-13
1.026520932100148897e+01 7.577965348219278265e-13
1.027774506306910318e+01 7.512822636173220875e-13
1.028999589535894721e+01 7.449390689879494508e-13
1.030201632116065191e+01 7.393179895527088440e-13
1.031435683160246697e+01 7.338425564274906165e-13
1.032681210725006338e+01 7.283162012504994778e-13
1.033902832711680553e+01 7.228959161355352727e-13
1.035115261018229660e+01 7.175164206727659946e-13
1.036349925152719464e+01 7.120382684377986648e-13
1.037588452686740936e+01 7.065429728964488418e-13
1.038798882750531583e+01 7.011723443377044238e-13
1.040024061411546796e+01 6.957362773380489149e-13
1.041275466762403745e+01 6.901838440298020120e-13
1.042497437395719295e+01 6.847620099809163127e-13
1.043688539230566192e+01 6.794771404809723396e-13
1.044935704554474043e+01 6.739435188943827661e-13
1.046202522343027752e+01 6.683227013146899547e-13
1.047400785250685118e+01 6.630060593095895887e-13
1.048587764924572419e+01 6.577394789855501448e-13
1.049857477665452521e+01 6.521726000929028471e-13
1.051126978619461916e+01 6.471808381725726132e-13
1.052285386394314770e+01 6.427551608148869967e-13
1.053473993131735220e+01 6.382141063112991233e-13
1.054774671867871128e+01 6.332448853463799716e-13
1.056046331403275573e+01 6.283865330163470894e-13
1.057159342937813484e+01 6.241342889828322574e-13
1.058363554604334311e+01 6.195336178810368261e-13
1.059705223772767368e+01 6.144077952376209632e-13
1.060980007826281124e+01 6.095375020260019194e-13
1.062041006728784431e+01 6.054839729801940087e-13
1.063264563316425537e+01 6.008093972369719912e-13
1.064639384541436584e+01 5.955569160550176724e-13
1.065914814163454949e+01 5.906841572680208729e-13
1.066936599425687149e+01 5.867804444931624111e-13
1.068170647251649896e+01 5.820657856584074272e-13
1.069565989882602963e+01 5.767349011410933412e-13
1.070841615580203232e+01 5.719057606592603124e-13
1.071820812972623926e+01 5.685160695384562384e-13
1.073084847252518337e+01 5.643149535063019667e-13
1.074490552624379625e+01 5.596429715748375677e-13
1.075610992590358350e+01 5.559191076780255528e-13
1.076616814766807195e+01 5.525761678426905710e-13
1.078006968453032144e+01 5.479558826690519334e-13
1.079413827513433510e+01 5.432800700424667008e-13
1.080500555627140002e+01 5.396682503419968359e-13
1.081522922201470926e+01 5.362703275296438057e-13
1.082926366203709634e+01 5.316058672682027990e-13
1.084324133780694766e+01 5.269602772243023648e-13
1.085447970303622078e+01 5.232251116352044687e-13
1.086383196285792785e+01 5.201168117228784425e-13
1.087748622894287109e+01 5.155786957306354723e-13
