1.738211204512761163e-02 4.296892653245192378e+03
2.945141206410798254e-02 3.573638449928977479e+03
4.189043426060978098e-02 2.612615002595925489e+03
5.436837606323070837e-02 2.078229035206330082e+03
6.709179474813181665e-02 1.783125827100800279e+03
7.906029034168161884e-02 1.490312263651097055e+03
9.134212390678685123e-02 1.169312511909298792e+03
1.036762740919000836e-01 9.337115753385265862e+02
1.161203638865397486e-01 8.112480916341145303e+02
1.284418929702930146e-01 7.350093268730151976e+02
1.405592391961615062e-01 6.451180863609173457e+02
1.528879143562413834e-01 5.411091250347002415e+02
1.654374846088009499e-01 4.580246466203755631e+02
1.776729443817273990e-01 4.103337284746463069e+02
1.898591782008197670e-01 3.792055841171671773e+02
2.021021650674771353e-01 3.443967242509180551e+02
2.143704059761030734e-01 3.038140256457102737e+02
2.266685746852545591e-01 2.679049691250165779e+02
2.389979880971628001e-01 2.427865532607494856e+02
2.513315027420615633e-01 2.251871626157235937e+02
2.635743834303616029e-01 2.085030835005488825e+02
2.757714049283470081e-01 1.902595374365265286e+02
2.881120323268035466e-01 1.725300770442235034e+02
3.003642817203516779e-01 1.583582128806871197e+02
3.126284332764821539e-01 1.474212990640592125e+02
3.249982808288275904e-01 1.377088925817226936e+02
3.373429099698267986e-01 1.279485601737496836e+02
3.495635283624552447e-01 1.184860661066093570e+02
3.617878412179377778e-01 1.101230728020913290e+02
3.739857115225381223e-01 1.031103734068308881e+02
3.863066258986853074e-01 9.688534829805115578e+01
3.986206606301063715e-01 9.102002800356862622e+01
4.109256578244661062e-01 8.538062565853721253e+01
4.232245655456485234e-01 8.015401764346302116e+01
4.354883510192325557e-01 7.550243155414121077e+01
4.477773618515445975e-01 7.132061679529084586e+01
4.599885903973864876e-01 6.751013486943693920e+01
4.722481765309811674e-01 6.386908716435055311e+01
4.845423032090063198e-01 6.045835644388910879e+01
4.967758419901825429e-01 5.730367906900023200e+01
5.090496726262303540e-01 5.440854965683253397e+01
5.213393459973235666e-01 5.175698523322688516e+01
5.336764515809359066e-01 4.922918145352242902e+01
5.460019077520040787e-01 4.687700379939794715e+01
5.582746788338668331e-01 4.466896132127946117e+01
5.704836588526608354e-01 4.261357184626726280e+01
5.827050628875978244e-01 4.072571276554084108e+01
5.949966261260961620e-01 3.892407756103565220e+01
6.072810970026001343e-01 3.722424095489247975e+01
6.195641138211566146e-01 3.563480398772252045e+01
6.318725909241229566e-01 3.413367305583627598e+01
6.441734965778191935e-01 3.271247488157305128e+01
6.564797894961378333e-01 3.137760450057785988e+01
6.686914929796821117e-01 3.013921178009317714e+01
6.809527893726128323e-01 2.895467466175943017e+01
6.932444725786992556e-01 2.782453479884494740e+01
7.054525470905848028e-01 2.676122527548042740e+01
7.177279646031660132e-01 2.576143464286837670e+01
7.300093567625280944e-01 2.481171993658769281e+01
7.423152589350650032e-01 2.390435344580049204e+01
7.545976543671308878e-01 2.303963928232327163e+01
7.668242736309552887e-01 2.222073506622595929e+01
7.791532429173236851e-01 2.144101762354936369e+01
7.914205781278266238e-01 2.070560247827992484e+01
8.036946471889406807e-01 2.000396225711552844e+01
8.159793690377137310e-01 1.933070748573975450e+01
8.282032717995754245e-01 1.869052066411771662e+01
8.405128489456621388e-01 1.807510065174441038e+01
8.528044235981327992e-01 1.748973023879253219e+01
8.650383425504041268e-01 1.693250451171203963e+01
8.772723753339952690e-01 1.640336932879274912e+01
8.895340321420209806e-01 1.589663516913730668e+01
9.018817618365986277e-01 1.540558004366814870e+01
9.141883520666792551e-01 1.493566657966247924e+01
9.264619888246796719e-01 1.448807717803665973e+01
9.387414586625268953e-01 1.405702057371768277e+01
9.509803448018084859e-01 1.364351838145228335e+01
9.632221134977815291e-01 1.324932312067133111e+01
9.754896314977136162e-01 1.286936892024243306e+01
9.877264067106145129e-01 1.250726451012896767e+01
9.999851844861834538e-01 1.216016669379999193e+01
1.012329339168382747e+00 1.182081639092486824e+01
1.024626907347453875e+00 1.149720633941180203e+01
1.036866689471437342e+00 1.118681263724379704e+01
1.049135487527864008e+00 1.088543717498650487e+01
1.061441354492477229e+00 1.059661200469968811e+01
1.073716958242755926e+00 1.031584247468352444e+01
1.085925311725509657e+00 1.004894429375212894e+01
1.098213833495794933e+00 9.788547630204586625e+00
1.110549154774624014e+00 9.537407999379924561e+00
1.122813426886622556e+00 9.298212757458351518e+00
1.135068430671317463e+00 9.066174586875499486e+00
1.147342703947374032e+00 8.843853973094960352e+00
1.159604759492050663e+00 8.626449360687240997e+00
1.171869554121423906e+00 8.418927737685079293e+00
1.184117043636903954e+00 8.215600910651254196e+00
1.196380808473640034e+00 8.021375481320204059e+00
1.208687090056549174e+00 7.830010131169434118e+00
1.220959130578168628e+00 7.647849031596851255e+00
1.233208524119171701e+00 7.469211942733393172e+00
1.245508543932532852e+00 7.297926830293329559e+00
1.257784757305784762e+00 7.129903345271896065e+00
1.270055775740428938e+00 6.969909945124481254e+00
1.282341075690068832e+00 6.812378691896087801e+00
1.294603412909409723e+00 6.663369480269570211e+00
1.306872192362329876e+00 6.516327571796462159e+00
1.319154366677192103e+00 6.375925294646473063e+00
1.331413222210922065e+00 6.237476065670137793e+00
1.343670459103085024e+00 6.105297175077658345e+00
1.355926661325111748e+00 5.974967129916923803e+00
1.368198362306287663e+00 5.849722493667111500e+00
1.380493198358981433e+00 5.726898243363801377e+00
1.392777181745514348e+00 5.607737570733258181e+00
1.405062196910951799e+00 5.492584748160024510e+00
1.417350389671748312e+00 5.379181201056765005e+00
1.429619703122777752e+00 5.270983726367740374e+00
1.441896130395259989e+00 5.163559044506843776e+00
1.454153528625109715e+00 5.061253281084172606e+00
1.466381113760885535e+00 4.960424616776745843e+00
1.478663798537000362e+00 4.863087461840974512e+00
1.490945590056615089e+00 4.769209200803448567e+00
1.503215467901839242e+00 4.676570505368469632e+00
1.515506856276889414e+00 4.588010965372653516e+00
1.527798704103739080e+00 4.499929256285442492e+00
1.540100615359619285e+00 4.415322360891218878e+00
1.552323594607271318e+00 4.333069602268595055e+00
1.564549078286756156e+00 4.251966929016496977e+00
1.576828957669637710e+00 4.174185780125838185e+00
1.589107367637560886e+00 4.096723699793802353e+00
1.601397118763717042e+00 4.022127511831067537e+00
1.613662668137236356e+00 3.949523917834475650e+00
1.625956510086740581e+00 3.877374739501890044e+00
1.638273353518620468e+00 3.808503065576960278e+00
1.650514624911034955e+00 3.740565447850382697e+00
1.662750613141406264e+00 3.674259431634066431e+00
1.675038763356534233e+00 3.610300350133102576e+00
1.687316157434399555e+00 3.546492551820525918e+00
1.699577919034019002e+00 3.485650466914992140e+00
1.711844019198244693e+00 3.426394247413341532e+00
1.724121889976205191e+00 3.367385350646550979e+00
1.736393169926629509e+00 3.311239509008796933e+00
1.748649316593648084e+00 3.255862163293834932e+00
1.760929058575410933e+00 3.200957388209573651e+00
1.773209682934749454e+00 3.148620792648704647e+00
1.785496948406629647e+00 3.096565517628034669e+00
1.797779508081463584e+00 3.045339898933690836e+00
1.810045833062560616e+00 2.996487077405263655e+00
1.822328995141098806e+00 2.947705610167776324e+00
1.834622279524171340e+00 2.899806038401928188e+00
1.846870127325623168e+00 2.854137972949829738e+00
1.859113337231853569e+00 2.808564440773622550e+00
1.871369828971394922e+00 2.763813599102661556e+00
1.883662336941608340e+00 2.720864733187292384e+00
1.895967949490765081e+00 2.677938170061844314e+00
1.908218963624774167e+00 2.635925381830216185e+00
1.920473361096422416e+00 2.595778193600317252e+00
1.932728508001044121e+00 2.555725472166754830e+00
1.945011049581989448e+00 2.516114636644717351e+00
1.957297342392070760e+00 2.478539973643381078e+00
1.969540729633649123e+00 2.441299083593447605e+00
1.981824563452103227e+00 2.404186784890640638e+00
1.994126144882194751e+00 2.368921799365024228e+00
2.006394537955421775e+00 2.334146325007032896e+00
2.018670334343899864e+00 2.299397442182048668e+00
2.030952316497373289e+00 2.266084050506871783e+00
2.043216798362256004e+00 2.233502534038097842e+00
2.055475510122651617e+00 2.200936338915410406e+00
2.067735799890346726e+00 2.169203604978620081e+00
2.080008516254567397e+00 2.138646432038725287e+00
2.092298443663116014e+00 2.108055398474742770e+00
2.104578287136098957e+00 2.077767151115405664e+00
2.116845418601210227e+00 2.048954837978107513e+00
2.129117295843077962e+00 2.020339156119177026e+00
2.141386119469398608e+00 1.991739522867264300e+00
2.153674144242317734e+00 1.964165130136072523e+00
2.165943509394002930e+00 1.937366853867334759e+00
2.178174723454857631e+00 1.910651902263792667e+00
2.190433903448424591e+00 1.884172125826618638e+00
2.202719931868166281e+00 1.858898097700214525e+00
2.215018711620012848e+00 1.833740694983085895e+00
2.227273593520805672e+00 1.808673355589561771e+00
2.239529706996110647e+00 1.784471930076089397e+00
2.251840710091987496e+00 1.760981416104948183e+00
2.264119014215441705e+00 1.737553302998074312e+00
2.276384279003433875e+00 1.714265420770559434e+00
2.288658423418587606e+00 1.692185664040572579e+00
2.300952091017892887e+00 1.670402405914526600e+00
2.313218143961406348e+00 1.648668078597502085e+00
2.325458350675993380e+00 1.627270430637565601e+00
2.337719218738625759e+00 1.606835995006858253e+00
2.350003147866706943e+00 1.586448446004656399e+00
2.362279058175797530e+00 1.566074206127357593e+00
2.374538937598235311e+00 1.546197470809745678e+00
2.386816000033005647e+00 1.527100087697054631e+00
2.399102824518786203e+00 1.508001495737671727e+00
2.411392629484657046e+00 1.488898270211738817e+00
2.423637270133701449e+00 1.470451933730695604e+00
2.435888431421263434e+00 1.452619923206514452e+00
2.448174802894025337e+00 1.434736784584973224e+00
2.460449199376890217e+00 1.416871756738578236e+00
2.472719088229479834e+00 1.399620190502720796e+00
2.484992831186476625e+00 1.382894432842999288e+00
2.497273806662959394e+00 1.366158826141794291e+00
2.509544184074824269e+00 1.349437690509837751e+00
2.521827062063934477e+00 1.333242191870984916e+00
2.534112812322843578e+00 1.317569712641190494e+00
2.546370817755073013e+00 1.301932617736307529e+00
2.558627656962102925e+00 1.286297013527414546e+00
2.570901337570405953e+00 1.271049734161591616e+00
2.583177336304471883e+00 1.256401162048115472e+00
2.595440486720578921e+00 1.241773096117607666e+00
2.607704762491110717e+00 1.227143689334848409e+00
2.620001080686306771e+00 1.212751295588873068e+00
2.632286922231434456e+00 1.199145204051551783e+00
2.644534427140472932e+00 1.185628615774325212e+00
2.656802040265521470e+00 1.172089826281320857e+00
2.669073687515052029e+00 1.158626783785622782e+00
2.681350663644082921e+00 1.145799934428215705e+00
2.693623847875446398e+00 1.133115785286193278e+00
2.705878137328059818e+00 1.120451160358094000e+00
2.718161480124765106e+00 1.107758628052100791e+00
2.730438457898014093e+00 1.095531818743476160e+00
2.742710787932656658e+00 1.083659295246028886e+00
2.754989883536780759e+00 1.071780220579880760e+00
2.767261470157902359e+00 1.059908413644715663e+00
2.779527771137290770e+00 1.048189112266119771e+00
2.791792657323202587e+00 1.037030300910087632e+00
2.804076091151673555e+00 1.025907997032676544e+00
2.816361645196279184e+00 1.014783775181210546e+00
2.828620519698351377e+00 1.003686280868751002e+00
2.840883569190919111e+00 9.929978236902042843e-01
2.853162813112358975e+00 9.825928501853238295e-01
2.865450010721949603e+00 9.721811359465902802e-01
2.877720591785824400e+00 9.617835036720886466e-01
2.889980478242957229e+00 9.514654255918617576e-01
2.902258175496396753e+00 9.416334020545440442e-01
2.914518854472965437e+00 9.319129186676534671e-01
2.926762721606932960e+00 9.222057670381205163e-01
2.939034749745344843e+00 9.124762874630526488e-01
2.951320369754638406e+00 9.029055816240292298e-01
2.963597026501346932e+00 8.937772026171472151e-01
2.975876194561613453e+00 8.846686191004208277e-01
2.988160315109058551e+00 8.755563591933285261e-01
3.000449644660864834e+00 8.664402360303509187e-01
3.012716332634865157e+00 8.576290215063516742e-01
3.024968759761666348e+00 8.492126639403594357e-01
3.037252171006531665e+00 8.407769569421240652e-01
3.049526120964057618e+00 8.323477487589854285e-01
3.061775712289526830e+00 8.239353059403270452e-01
3.074050272894680358e+00 8.157894860243803947e-01
3.086335131672947263e+00 8.079105531752759362e-01
3.098604365236381053e+00 8.000416415360200872e-01
3.110859489026789326e+00 7.921817820559990952e-01
3.123137658326072597e+00 7.843071400947381200e-01
3.135433948671655369e+00 7.766741070854686901e-01
3.147695129457003915e+00 7.693153533099189589e-01
3.159956328254873270e+00 7.619565928311037295e-01
3.172232976043315666e+00 7.545885548052803093e-01
3.184501257851794165e+00 7.472255417781484832e-01
3.196775435955213851e+00 7.400462148567718002e-01
3.209044865222644205e+00 7.331538293841655118e-01
3.221307079525221884e+00 7.262684555870323466e-01
3.233581408312706795e+00 7.193762803537958606e-01
3.245858629450829369e+00 7.124824766860512471e-01
3.258143378674136947e+00 7.056862033399516898e-01
3.270410557577971389e+00 6.992191501929386765e-01
3.282661665213619351e+00 6.927840531966937831e-01
3.294949090802971714e+00 6.863298773057598945e-01
3.307244200655479638e+00 6.798716666123140184e-01
3.319496480125943449e+00 6.734623918376226870e-01
3.331765223362041173e+00 6.673489430523436017e-01
3.344051721244690523e+00 6.613126938289656254e-01
3.356325050698430346e+00 6.552829153918701133e-01
3.368596307392438316e+00 6.492541533705731283e-01
3.380854472437640812e+00 6.432318267299209635e-01
3.393138905317619081e+00 6.373671734706066738e-01
3.405406306535367467e+00 6.317304135917496399e-01
3.417657680989456548e+00 6.261018866811831618e-01
3.429938663402217092e+00 6.204597612076543367e-01
3.442214032587430417e+00 6.148202132905736805e-01
3.454484843056887300e+00 6.092150824730661052e-01
3.466756647980139938e+00 6.039088181058959170e-01
3.479034376591896738e+00 5.986730370004618162e-01
3.491307566462293899e+00 5.934391941362212597e-01
3.503582350785310773e+00 5.882046683285664379e-01
3.515849804558033309e+00 5.829732693062507076e-01
3.528113199069885297e+00 5.778472085195553998e-01
3.540379188868042704e+00 5.729688219046998876e-01
3.552650333566175433e+00 5.680993249862660299e-01
3.564930099127972429e+00 5.632264074025663536e-01
3.577201769827548006e+00 5.583567012714154565e-01
3.589475285534829307e+00 5.534862630653376581e-01
3.601759315099353209e+00 5.487684851419539767e-01
3.614032945244215256e+00 5.442123060432785264e-01
3.626301000303521871e+00 5.396581926627207482e-01
3.638569887417207216e+00 5.351037732261313407e-01
3.650838632506976822e+00 5.305494028410551177e-01
3.663120446880168135e+00 5.259925338919511084e-01
3.675392231131059617e+00 5.216195132454627403e-01
3.687654129504458478e+00 5.173625075563952347e-01
3.699910200907845059e+00 5.131075212978895017e-01
3.712192899007472846e+00 5.088432921941693499e-01
3.724479589655305123e+00 5.045776741466609927e-01
3.736733640063575113e+00 5.003258940806675215e-01
3.749005728100832435e+00 4.962384554944900827e-01
3.761283023631708744e+00 4.922528713043979320e-01
3.773563485184610933e+00 4.882662595951636209e-01
3.785825516964203885e+00 4.842856304190809591e-01
3.798082802949320325e+00 4.803065418593719382e-01
3.810363893373462041e+00 4.763198009327171412e-01
3.822645720709119566e+00 4.724686468047062937e-01
3.834921229715159363e+00 4.687427647886519000e-01
3.847188317665898971e+00 4.650194395383661083e-01
3.859469575550916964e+00 4.612918131046879755e-01
3.871753985767769191e+00 4.575632303661941735e-01
3.884018640962858981e+00 4.538406425378568310e-01
3.896281982801185872e+00 4.501946414780821915e-01
3.908553995714485030e+00 4.467071311367409314e-01
3.920819940236625278e+00 4.432265648593049501e-01
3.933080957844246495e+00 4.397473961717239810e-01
3.945346259001160760e+00 4.362670124788991521e-01
3.957637313618597830e+00 4.327793218073655579e-01
3.969923042548726411e+00 4.293160944750302188e-01
3.982175629228108971e+00 4.260422393154610909e-01
3.994441680205387257e+00 4.228034033040390383e-01
4.006728047574338980e+00 4.195592014469671227e-01
4.019004858472411179e+00 4.163175235738099667e-01
4.031277336217974572e+00 4.130769902704907182e-01
4.043554573420149012e+00 4.098351995192855979e-01
4.055839410316336213e+00 4.066981446782754750e-01
4.068096764528600140e+00 4.036968687537021983e-01
4.080340929220048984e+00 4.006991062691690475e-01
4.092625520834049624e+00 3.976914452891038843e-01
4.104896838065174691e+00 3.946870339370577296e-01
4.117161186094653758e+00 3.916843289878716994e-01
4.129437242236893013e+00 3.886895786685048426e-01
4.141704639004231581e+00 3.858377415795620213e-01
4.153978514844194336e+00 3.830277541580885403e-01
4.166254106252230471e+00 3.802173740277810521e-01
4.178538610145275278e+00 3.774049535565401348e-01
4.190814707343741397e+00 3.745944576219105704e-01
4.203073452331837601e+00 3.717879331416432676e-01
4.215351491768677406e+00 3.690085116080129013e-01
4.227627847837150732e+00 3.663649490153914057e-01
4.239903836936770531e+00 3.637371738055773518e-01
4.252176174544948672e+00 3.611101810808857171e-01
4.264429117117187751e+00 3.584873386355444391e-01
4.276699880393182163e+00 3.558606823026363442e-01
4.288984777500015610e+00 3.532310012790809139e-01
4.301255117606400447e+00 3.506467223894461083e-01
4.313518958654457336e+00 3.481850390347686619e-01
4.325790419391779551e+00 3.457293234257822201e-01
4.338071573855772911e+00 3.432716682982431822e-01
4.350337804712862244e+00 3.408169992300131845e-01
4.362611775147850146e+00 3.383607810415811823e-01
4.374889726767814402e+00 3.359037662768660226e-01
4.387156715049502331e+00 3.334863592593173554e-01
4.399426645293336158e+00 3.311834514591923684e-01
4.411686492803647219e+00 3.288905417645537899e-01
4.423963183132842758e+00 3.265944819572303426e-01
4.436231333416778000e+00 3.243000193268276155e-01
4.448504024620786090e+00 3.220047074985955549e-01
4.460786102766904904e+00 3.197076397777537382e-01
4.473052605097511680e+00 3.174338610135638561e-01
4.485333680898416553e+00 3.152706228176682113e-01
4.497601237084061232e+00 3.131271256157544536e-01
4.509866070174105346e+00 3.109841031051638338e-01
4.522145635346641157e+00 3.088385069803765703e-01
4.534428519381624945e+00 3.066923308441912854e-01
4.546703018242844507e+00 3.045476199279416596e-01
4.558957625766161925e+00 3.024096755376642909e-01
4.571226642211251523e+00 3.003649218625876749e-01
4.583509777054324275e+00 2.983620377192983120e-01
4.595790059827854712e+00 2.963596190591553103e-01
4.608061949813968106e+00 2.943585692683751143e-01
4.620318584818105201e+00 2.923600069213965202e-01
4.632589805876371258e+00 2.903590652809946993e-01
4.644869853213136501e+00 2.883566853164287180e-01
4.657136883942349925e+00 2.864007838384698967e-01
4.669407249318447306e+00 2.845478948069807834e-01
4.681668364815647188e+00 2.827006751838629373e-01
4.693936637293424141e+00 2.808523768407887866e-01
4.706220932875434748e+00 2.790016659386744813e-01
4.718499554358994708e+00 2.771518083085693918e-01
4.730782650520382937e+00 2.753012760261759895e-01
4.743047316918455714e+00 2.734550949388570018e-01
4.755307692139830955e+00 2.716862450184312494e-01
4.767583057675158109e+00 2.699575544987795617e-01
4.779863394372367402e+00 2.682281637915271411e-01
4.792132641916739821e+00 2.665003340957893818e-01
4.804399941113462802e+00 2.647727790001447867e-01
4.816678316286075123e+00 2.630436647834057395e-01
4.828949285393635549e+00 2.613155932700356177e-01
4.841208182326298903e+00 2.595986221519474557e-01
4.853478345205306077e+00 2.579638592345398496e-01
4.865760528755814995e+00 2.563472776358642902e-01
4.878024554178364447e+00 2.547330853408600881e-01
4.890296377151694962e+00 2.531178669423994609e-01
4.902574231215205636e+00 2.515018544967808078e-01
4.914845323572139435e+00 2.498867319846563573e-01
4.927125567488364055e+00 2.482704051959239988e-01
4.939397986818531372e+00 2.466683166151129591e-01
4.951664280457524825e+00 2.451463726091879791e-01
4.963940592502508409e+00 2.436363576044645318e-01
4.976216953277528887e+00 2.421263366284314988e-01
4.988477996474629528e+00 2.406181999177368913e-01
5.000736047494441117e+00 2.391104313250995428e-01
5.013022640065464053e+00 2.375991519627256299e-01
5.025302982194676638e+00 2.360886412237956922e-01
5.037566103908967641e+00 2.345895188538422715e-01
5.049844207396282592e+00 2.331624431745535908e-01
5.062119542870266109e+00 2.317516182350715936e-01
5.074383105131830440e+00 2.303421457138114803e-01
5.086641552088245533e+00 2.289332620279788399e-01
5.098920420017480026e+00 2.275220302722869015e-01
5.111195199258650845e+00 2.261112689806985820e-01
5.123449562989547346e+00 2.247028538527267305e-01
5.135725975397288146e+00 2.232938133664038038e-01
5.148005044968195776e+00 2.219458871793885679e-01
5.160275585351876693e+00 2.206284222471147360e-01
5.172546707875350869e+00 2.193108952051737448e-01
5.184827951212304775e+00 2.179922814441909440e-01
5.197107563567055166e+00 2.166738422804229680e-01
5.209372262483340954e+00 2.153570047816028565e-01
5.221649174658606007e+00 2.140388559497560794e-01
5.233932550562378161e+00 2.127200130108132803e-01
5.246207608362158936e+00 2.114306926415314702e-01
5.258474246095205196e+00 2.101990754093398805e-01
5.270738469237462809e+00 2.089692436274706300e-01
5.282999075966164249e+00 2.077397747208940548e-01
5.295265148876008077e+00 2.065097570252875381e-01
5.307538878972787089e+00 2.052789719195927953e-01
5.319816023849368136e+00 2.040478443437788447e-01
5.332106425194989008e+00 2.028153875957710850e-01
5.344371217832380339e+00 2.015883540843252386e-01
5.356624881905982072e+00 2.004268031111734738e-01
5.368905907939013566e+00 1.992892377038557594e-01
5.381178681067710912e+00 1.981524367557495614e-01
5.393451198524775059e+00 1.970156598427910688e-01
5.405726878719107731e+00 1.958785895119988241e-01
5.417999076018534588e+00 1.947418422466026811e-01
5.430270917047597123e+00 1.936051277786319247e-01
5.442534276784082969e+00 1.924691987861627263e-01
5.454800894502979780e+00 1.913430064246286755e-01
5.467077870139476659e+00 1.902731128467335664e-01
5.479355737083116296e+00 1.892121946816077704e-01
5.491631123293435834e+00 1.881514910031680532e-01
5.503885461799915113e+00 1.870926059926316665e-01
5.516150871778835452e+00 1.860327639839556568e-01
5.528443541640725378e+00 1.849705665764355134e-01
5.540720369487344144e+00 1.839097380253236491e-01
5.552988485023032439e+00 1.828496626546980142e-01
5.565261674970053640e+00 1.818018663500128862e-01
5.577534275054667035e+00 1.808055112064808345e-01
5.589802466245866519e+00 1.798149366119686787e-01
5.602075290374081362e+00 1.788239876894387459e-01
5.614350464861192158e+00 1.778328493071782146e-01
5.626623423538474000e+00 1.768418900338149247e-01
5.638893167212405189e+00 1.758511901058635585e-01
5.651161305429462267e+00 1.748606197393701711e-01
5.663425285909801765e+00 1.738703849010234115e-01
5.675691479571933762e+00 1.728886502836143590e-01
5.687971082709079695e+00 1.719547636593770912e-01
5.700246234071071783e+00 1.710288283801542630e-01
5.712517806570711620e+00 1.701031636407129843e-01
5.724796874665427637e+00 1.691769329773130381e-01
5.737066926053280724e+00 1.682513825626868187e-01
5.749336020301031525e+00 1.673259045177828697e-01
5.761614331000809663e+00 1.663997309546324521e-01
5.773882296547530046e+00 1.654743382032544952e-01
5.786153448888407880e+00 1.645505904809802800e-01
5.798430888328152122e+00 1.636682997637770309e-01
5.810698718707794974e+00 1.628039865597654123e-01
5.822968649516642614e+00 1.619395249380294333e-01
5.835247741956022693e+00 1.610744177091582574e-01
5.847517818375936649e+00 1.602099461409909331e-01
5.859777924360419554e+00 1.593461767796388595e-01
5.872043469733759125e+00 1.584820241745042713e-01
5.884316208247446944e+00 1.576173649151463851e-01
5.896588339242491372e+00 1.567527482470888744e-01
5.908862253089940175e+00 1.559059074437672832e-01
5.921140273745074012e+00 1.550968168612485154e-01
5.933416110825472600e+00 1.542891244866390066e-01
5.945693655629928465e+00 1.534813198524596911e-01
5.957960216997184588e+00 1.526742377774988058e-01
5.970224694105725760e+00 1.518672930140271826e-01
5.982501212736559104e+00 1.510595558971850327e-01
5.994773016381848230e+00 1.502521286621794905e-01
6.007052309174411242e+00 1.494442090318583716e-01
6.019323996014493972e+00 1.486373661909944077e-01
6.031591083960865518e+00 1.478642865695132258e-01
6.043864685712702745e+00 1.471102134236034753e-01
6.056140762083756179e+00 1.463559884507715514e-01
6.068414447141080359e+00 1.456019104618657134e-01
6.080682390425510064e+00 1.448481851241214535e-01
6.092950687706149893e+00 1.440944380980809791e-01
6.105222847777539208e+00 1.433404537272443546e-01
6.117498704959920985e+00 1.425862425221566254e-01
6.129764184834314733e+00 1.418326673015095074e-01
6.142038972320288615e+00 1.410811838500540538e-01
6.154304765200349081e+00 1.403699643216536619e-01
6.166569788653463391e+00 1.396720915684618591e-01
6.178846494966856895e+00 1.389735543765845960e-01
6.191116693006394556e+00 1.382753875104383301e-01
6.203394119564271669e+00 1.375768091688421846e-01
6.215666041891435789e+00 1.368785438721358272e-01
6.227935347627760798e+00 1.361804277767231230e-01
6.240216034129863587e+00 1.354816640395120619e-01
6.252491040510594011e+00 1.347832233747748298e-01
6.264748912887735166e+00 1.340875749749861345e-01
6.277022083960849486e+00 1.334254048868039888e-01
6.289302104888057521e+00 1.327758378405645978e-01
6.301575577258628158e+00 1.321266170312151156e-01
6.313842739442879548e+00 1.314777302619736521e-01
6.326111758774734639e+00 1.308287453989273597e-01
6.338388371629334550e+00 1.301793582860706899e-01
6.350653504839701924e+00 1.295305786664838199e-01
6.362925521019373143e+00 1.288814352688212594e-01
6.375199703367512960e+00 1.282321768529295636e-01
6.387469226768377695e+00 1.275831926994321630e-01
6.399745155096550953e+00 1.269567704691245968e-01
6.412021048691203262e+00 1.263502086524032342e-01
6.424291589113733103e+00 1.257439102721499835e-01
6.436561860313417149e+00 1.251376256437981282e-01
6.448839981748705874e+00 1.245309531406242065e-01
6.461108547751658548e+00 1.239247526844612785e-01
6.473374451307642552e+00 1.233186839475240298e-01
6.485648452683405729e+00 1.227122151714292592e-01
6.497912794912579670e+00 1.221062237025885289e-01
6.510188675064301655e+00 1.214996617271923013e-01
6.522469883466725626e+00 1.208999450168417589e-01
6.534740035532724534e+00 1.203304435551765805e-01
6.547014109070398824e+00 1.197640348531042453e-01
6.559280453511415310e+00 1.191979826569759815e-01
6.571544309808293960e+00 1.186320453349468812e-01
6.583821092479313464e+00 1.180655114661180033e-01
6.596089921004116619e+00 1.174993447209421726e-01
6.608365544053812712e+00 1.169328644089147051e-01
6.620644703812256893e+00 1.163662209467917624e-01
6.632912942264358236e+00 1.158000814046053206e-01
6.645177683617404796e+00 1.152341032653445702e-01
6.657442543711369787e+00 1.146847887405958860e-01
6.669722534938342662e+00 1.141555724907778457e-01
6.681993318463547382e+00 1.136268114345339586e-01
6.694261204019748668e+00 1.130981754474340156e-01
6.706541488313978228e+00 1.125690050354823668e-01
6.718813955717831021e+00 1.120401714719043845e-01
6.731080972576989119e+00 1.115115729103701714e-01
6.743359824121949231e+00 1.109824644082251094e-01
6.755631353408082518e+00 1.104536711633924279e-01
6.767898304576293711e+00 1.099250752783563351e-01
6.780174663240607913e+00 1.093961864425548880e-01
6.792450332450066242e+00 1.088874611250665730e-01
6.804726074812886161e+00 1.083935913505845727e-01
6.816986550199255923e+00 1.079003358201489210e-01
6.829262858100193512e+00 1.074064432556675053e-01
6.841539361448875312e+00 1.069125429131315835e-01
6.853798339181921051e+00 1.064193475629826025e-01
6.866070662062549346e+00 1.059256153560736852e-01
6.878342039442563838e+00 1.054319211826739294e-01
6.890609277951348588e+00 1.049383934647540179e-01
6.902882119035200326e+00 1.044446404657382171e-01
6.915161583719115157e+00 1.039506208417774469e-01
6.927430680718094536e+00 1.034733316741183184e-01
6.939709919086802792e+00 1.030121838411500873e-01
6.951990815117643052e+00 1.025509737933707616e-01
6.964254035975310231e+00 1.020904274880286011e-01
6.976522773357487495e+00 1.016296740216518779e-01
6.988800533124341463e+00 1.011685817501148804e-01
7.001071106094600260e+00 1.007077591398177346e-01
7.013333865652984223e+00 1.002472301761914431e-01
7.025600402972400182e+00 9.978655952735517032e-02
7.037876815905639738e+00 9.932551778522170915e-02
7.050143162335931635e+00 9.886485413740013495e-02
7.062413118975667814e+00 9.841192874281394498e-02
7.074690835034955327e+00 9.798215352419382962e-02
7.086953823365687910e+00 9.755445623235493857e-02
7.099228383676583043e+00 9.712635562732629957e-02
7.111513847242655117e+00 9.669787434798948755e-02
7.123796124336221780e+00 9.626950458930758070e-02
7.136061299463858809e+00 9.584173121788226724e-02
7.148327355427038121e+00 9.541392710537106858e-02
7.160609574504935182e+00 9.498555923056295480e-02
7.172879532441566397e+00 9.455761886302209429e-02
7.185145013609509412e+00 9.412983484775884480e-02
7.197419400246670484e+00 9.370215472702492221e-02
7.209686158792262489e+00 9.329477937656774356e-02
7.221957944822181119e+00 9.289832049272223058e-02
7.234230264056627391e+00 9.250184447691962852e-02
7.246500669247545545e+00 9.210543014280785090e-02
7.258778712036681569e+00 9.170876922499693329e-02
7.271045876620886972e+00 9.131245969003221052e-02
7.283317379378636325e+00 9.091600991170156743e-02
7.295585645099416539e+00 9.051966473944302038e-02
7.307853272958525714e+00 9.012334015876179161e-02
7.320126745335258533e+00 8.972682687191427253e-02
7.332403784514088585e+00 8.933019825058775842e-02
7.344684206752194910e+00 8.893555906736702599e-02
7.356944630619157266e+00 8.856093182500418548e-02
7.369203505154014344e+00 8.819105990523175287e-02
7.381489563580306168e+00 8.782036758617595140e-02
7.393767997341700315e+00 8.744990531251821408e-02
7.406035012783036109e+00 8.707978757390072433e-02
7.418310408017617874e+00 8.670941703758058838e-02
7.430583523958874004e+00 8.633911526961011995e-02
7.442848698749097380e+00 8.596905316444132528e-02
7.455115140482812208e+00 8.559895262781874736e-02
7.467393400753554289e+00 8.522849571308808991e-02
7.479670706718533957e+00 8.485806749870666854e-02
7.491938287174950695e+00 8.448991129355649943e-02
7.504211718186098778e+00 8.413976485677789052e-02
7.516487524916406926e+00 8.379394886111253549e-02
7.528756717252752750e+00 8.344831919515550978e-02
7.541025073247601185e+00 8.310271318855406986e-02
7.553289932926945838e+00 8.275720552129962881e-02
7.565561465824747422e+00 8.241150996994450750e-02
7.577833530066534706e+00 8.206579950880593666e-02
7.590111647225785241e+00 8.171991840064080082e-02
7.602381972987688030e+00 8.137425683147171684e-02
7.614655952603478717e+00 8.102849231432739108e-02
7.626936654011594818e+00 8.068253849408792144e-02
7.639201077174127441e+00 8.033734782570041422e-02
7.651464677559008720e+00 8.000679522755285711e-02
7.663742408944604456e+00 7.968392604773587296e-02
7.676018682205153709e+00 7.936109530350904384e-02
7.688277897293473551e+00 7.903871314927239655e-02
7.700553029590799348e+00 7.871591235568316247e-02
7.712841539575106431e+00 7.839275973677276022e-02
7.725115900344815323e+00 7.806997930844533640e-02
7.737377467933403530e+00 7.774753523640075270e-02
7.749649077377426032e+00 7.742482686438796613e-02
7.761925140087297059e+00 7.710200179826103006e-02
7.774189133048908573e+00 7.677949404256287358e-02
7.786454493502858121e+00 7.645695022273897579e-02
7.798729952904426277e+00 7.613910036191130770e-02
7.811006225976846906e+00 7.583665352226531819e-02
7.823273097295126988e+00 7.553554718143060120e-02
7.835544041210333432e+00 7.523434097528411413e-02
7.847819977077952203e+00 7.493301220571257915e-02
7.860089479685364644e+00 7.463184128552335928e-02
7.872351698554277633e+00 7.433084919809554436e-02
7.884626620084905113e+00 7.402954530726540971e-02
7.896910675867973239e+00 7.372801720810552573e-02
7.909185804878801740e+00 7.342670831000928933e-02
7.921449240942633807e+00 7.312568642114920803e-02
7.933712714466360616e+00 7.282466357692018999e-02
7.945992141775624518e+00 7.252324910421745208e-02
7.958263943266027596e+00 7.223098564362920304e-02
7.970529202206244612e+00 7.194995834852078997e-02
7.982815072190602379e+00 7.166848844178629052e-02
7.995091666618705517e+00 7.138723087055441618e-02
8.007352534518663134e+00 7.110633379683144184e-02
8.019627496013539414e+00 7.082511367899235744e-02
8.031903657762798687e+00 7.054386619907400402e-02
8.044177829663981427e+00 7.026266422074861628e-02
8.056443469555411241e+00 6.998165764845809544e-02
8.068702238919343017e+00 6.970080865645673918e-02
8.080979834332703504e+00 6.941952817331052683e-02
8.093254128705954287e+00 6.913832338904027375e-02
8.105527172113761836e+00 6.885714726494257532e-02
8.117799824830797206e+00 6.858484740501916144e-02
8.130070746172389562e+00 6.832309492011671981e-02
8.142347574779897457e+00 6.806123381025948327e-02
8.154613735759548732e+00 6.779960015426635123e-02
8.166891969913633531e+00 6.753770906659328777e-02
8.179177536943971205e+00 6.727566157854161788e-02
8.191440517885343553e+00 6.701409589905932274e-02
8.203698614659973742e+00 6.675263418515062219e-02
8.215977151523059518e+00 6.649073663129992373e-02
8.228243676889508862e+00 6.622909536603169278e-02
8.240504435001721362e+00 6.596757696404356719e-02
8.252785707216327538e+00 6.570562109924350802e-02
8.265065671816016035e+00 6.544369305425132288e-02
8.277324557407441219e+00 6.518721638724155054e-02
8.289585748629670903e+00 6.494489603566458436e-02
8.301876533943493897e+00 6.470286025134731889e-02
8.314155975094262629e+00 6.446104786844203405e-02
8.326420353875711555e+00 6.421953213885801814e-02
8.338685510668618406e+00 6.397800102136017020e-02
8.350960538704741865e+00 6.373627555451935600e-02
8.363227608907420674e+00 6.349470662187907399e-02
8.375495329190206562e+00 6.325312506517008493e-02
8.387774699174400439e+00 6.301131411488433698e-02
8.400050511116273100e+00 6.276957311470748868e-02
8.412324122887586242e+00 6.252787555369018757e-02
8.424591878007328560e+00 6.228629328586672564e-02
8.436851759049160293e+00 6.204515637096758712e-02
8.449126411638403056e+00 6.181425169396746744e-02
8.461409711470588846e+00 6.158845011907124189e-02
8.473680804149562817e+00 6.136287292585119318e-02
8.485956002545906429e+00 6.113722028275495740e-02
8.498224272441392557e+00 6.091169500827279398e-02
8.510487954240929298e+00 6.068625408254298831e-02
8.522772412692955157e+00 6.046043123700754751e-02
8.535053796640809765e+00 6.023466487711245237e-02
8.547317748051932895e+00 6.000921903396817803e-02
8.559569273047319626e+00 5.978400150418416298e-02
8.571845887373589434e+00 5.955832288561008214e-02
8.584118781488212946e+00 5.933271259515994489e-02
8.596382973081230006e+00 5.910726232357155219e-02
8.608649465365420639e+00 5.888298730849745449e-02
8.620929667616577419e+00 5.866958285862127614e-02
8.633209558916400184e+00 5.845884446679886631e-02
8.645469584347553749e+00 5.824844709132806497e-02
8.657746282655869763e+00 5.803776358878739994e-02
8.670026385849459061e+00 5.782702159404044806e-02
8.682297386725101873e+00 5.761643580681995863e-02
8.694565164370990473e+00 5.740590541263956154e-02
8.706839111581698987e+00 5.719526908337783933e-02
8.719120369574609342e+00 5.698450734909429882e-02
8.731387350995687413e+00 5.677399051592695728e-02
8.743648761245099266e+00 5.656356930630142277e-02
8.755929919930125038e+00 5.635280927734660772e-02
8.768209851493411477e+00 5.614207009058880954e-02
8.780467259624447962e+00 5.593254181074315545e-02
8.792716897867451920e+00 5.573330852310633826e-02
8.804990788692478532e+00 5.553671694981044543e-02
8.817278480690440290e+00 5.533990431677861255e-02
8.829539106754184630e+00 5.514352517697658496e-02
8.841804501929178883e+00 5.494706967783222207e-02
8.854088314059325171e+00 5.475031917382760377e-02
8.866365466353054003e+00 5.455367535160539350e-02
8.878627519001241808e+00 5.435727336230154749e-02
8.890896645518441943e+00 5.416075808595151309e-02
8.903187831684247655e+00 5.396388947489835775e-02
8.915456225116132671e+00 5.376738595430846646e-02
8.927709781126756283e+00 5.357112006734024434e-02
8.939990152027949222e+00 5.337442469305788556e-02
8.952272270807998922e+00 5.317770131409617351e-02
8.964541107018792587e+00 5.298774084700316050e-02
8.976809356349257030e+00 5.280438580524669800e-02
8.989080468384209155e+00 5.262098804686580339e-02
9.001360866934389193e+00 5.243745147529195461e-02
9.013628467605453665e+00 5.225410618354642961e-02
9.025896643178507261e+00 5.207075227792665878e-02
9.038179937995256097e+00 5.188717240812033143e-02
9.050449765342662545e+00 5.170379389431425249e-02
9.062703389140500221e+00 5.152065747984587579e-02
9.074965207442557968e+00 5.133739859639988024e-02
9.087254563502222382e+00 5.115372814436062315e-02
9.099528168298895991e+00 5.097029309232069261e-02
9.111784657965019463e+00 5.078711388840657232e-02
9.124064072285285931e+00 5.060359203112618776e-02
9.136356442171548409e+00 5.042071307677744446e-02
9.148620768239394963e+00 5.024723610575450305e-02
9.160876544471626914e+00 5.007634004104712794e-02
9.173170706417419495e+00 4.990490868433700156e-02
9.185440601819509610e+00 4.973381576110114805e-02
9.197674402580403807e+00 4.956322617464866548e-02
9.209944845369468780e+00 4.939212561398115958e-02
9.222235240478099172e+00 4.922074683447078686e-02
9.234498421270382451e+00 4.904974750316769272e-02
9.246753046439533108e+00 4.887886752663572060e-02
9.259037423527585631e+00 4.870757272484026179e-02
9.271318620244818121e+00 4.853632210153242116e-02
9.283583735052717500e+00 4.836529586516426227e-02
9.295857464896441158e+00 4.819414943611260993e-02
9.308129938852692575e+00 4.802302059970172537e-02
9.320409396199853092e+00 4.785291367993272510e-02
9.332685982394551161e+00 4.769141561605227952e-02
9.344943288712755702e+00 4.753197086215573547e-02
9.357241097457126955e+00 4.737199930100206152e-02
9.369539418685082666e+00 4.721202099111224820e-02
9.381779229270216902e+00 4.705280384691538226e-02
9.394040987290516398e+00 4.689330119121824791e-02
9.406338762356838856e+00 4.673333008701668206e-02
9.418612061369849187e+00 4.657367728723726258e-02
9.430853312326764382e+00 4.641444142909438575e-02
9.443145451901411747e+00 4.625454354494695774e-02
9.455452709694613489e+00 4.609444900768907422e-02
9.467696364511542839e+00 4.593518186609415327e-02
9.479945819457697098e+00 4.577583923402066268e-02
9.492244655254580721e+00 4.561585434135777967e-02
9.504520965108966379e+00 4.545646472639663233e-02
9.516771803388767381e+00 4.530574910912114894e-02
9.529051481510224519e+00 4.515848231611083868e-02
9.541350025665284562e+00 4.501098917922375514e-02
9.553614768156799997e+00 4.486390146050889954e-02
9.565852790388564841e+00 4.471713417661971751e-02
9.578130809331275586e+00 4.456988720819283351e-02
9.590421864960230636e+00 4.442248391238983601e-02
9.602686181770573981e+00 4.427540131900236514e-02
9.614937662773536786e+00 4.412847262927892950e-02
9.627210560705263376e+00 4.398128712290565179e-02
9.639520699396086911e+00 4.383365497224781665e-02
9.651794241248827788e+00 4.368646166899076144e-02
9.664021032207420703e+00 4.353982912476274392e-02
9.676318634298157306e+00 4.339234730392336342e-02
9.688615674018457469e+00 4.324487230270349092e-02
9.700826852982181947e+00 4.310077636330604534e-02
9.713081166884682816e+00 4.296329485671365744e-02
9.725420455621609506e+00 4.282534949507997568e-02
9.737699645480059729e+00 4.268807606158415285e-02
9.749902593026686048e+00 4.255165494917638458e-02
9.762190849728799691e+00 4.241428013757279208e-02
9.774524940846697874e+00 4.227639290028246954e-02
9.786774990485199055e+00 4.213944523822592964e-02
9.798979237984754675e+00 4.200300957026414234e-02
9.811278410684318274e+00 4.186551275597360372e-02
9.823611365372379112e+00 4.172763820454237355e-02
9.835856550733424797e+00 4.159074488971772204e-02
9.848110951745821851e+00 4.145374857694593407e-02
9.860407999080017305e+00 4.131627550224560574e-02
9.872697756535982805e+00 4.117888388904928504e-02
9.884901659674879326e+00 4.104245207685559838e-02
9.897163985466415070e+00 4.090863234843268581e-02
9.909521851063152198e+00 4.077957812449250347e-02
9.921769663419794938e+00 4.065178338251513451e-02
9.933970968713669691e+00 4.052447389337790473e-02
9.946258349058943793e+00 4.039626622894892244e-02
9.958599731472778771e+00 4.026749518211364398e-02
9.970856168930207986e+00 4.013961037978831109e-02
9.983057062371893053e+00 4.001230518565358080e-02
9.995368158914336831e+00 3.988385009840722528e-02
1.000768766130018861e+01 3.975530726851106422e-02
1.001992053321067289e+01 3.962766841390823885e-02
1.003216821560764771e+01 3.949987500783636724e-02
1.004452721403794868e+01 3.937092015660652311e-02
1.005681735429030432e+01 3.924268370791545585e-02
1.006892582260663183e+01 3.911634290874578535e-02
1.008118098452082378e+01 3.898847141756758838e-02
1.009358755195854052e+01 3.886107307118685794e-02
1.010587134048773628e+01 3.874108713351508138e-02
1.011803703711579772e+01 3.862264566706580249e-02
1.013033056705357637e+01 3.850295957797025131e-02
1.014269263027678747e+01 3.838260629490115178e-02
1.015492120489713024e+01 3.826355260892012888e-02
1.016713759032503184e+01 3.814461755300332241e-02
1.017948266035775617e+01 3.802442966969144661e-02
1.019180049867154914e+01 3.790450697655558393e-02
1.020392979284387813e+01 3.778641984506795476e-02
1.021616753504563135e+01 3.766727694435650226e-02
1.022862669528350033e+01 3.754597832140357111e-02
1.024089245129418302e+01 3.742656260064667478e-02
1.025291723007928013e+01 3.730949313104252318e-02
1.026520932100148897e+01 3.718982104268999528e-02
1.027774506306910318e+01 3.706777696221411761e-02
1.028999589535894721e+01 3.694870420477660428e-02
1.030201632116065191e+01 3.683704903632666755e-02
1.031435683160246697e+01 3.672495762794313057e-02
1.032681210725006338e+01 3.661182374958325131e-02
1.033902832711680553e+01 3.650086120587218985e-02
1.035115261018229660e+01 3.639073376678530342e-02
1.036349925152719464e+01 3.627858655061291793e-02
1.037588452686740936e+01 3.616608845484235030e-02
1.038798882750531583e+01 3.605614250971611590e-02
1.040024061411546796e+01 3.594485702460546717e-02
1.041275466762403745e+01 3.583118918716922396e-02
1.042497437395719295e+01 3.572019501536748826e-02
1.043688539230566192e+01 3.561200472921562110e-02
1.044935704554474043e+01 3.549872204489912253e-02
1.046202522343027752e+01 3.538365421129125582e-02
1.047400785250685118e+01 3.527481346128774620e-02
1.048587764924572419e+01 3.516699759870447334e-02
1.049857477665452521e+01 3.505232724391694338e-02
1.051126978619461916e+01 3.494335442694118665e-02
1.052285386394314770e+01 3.484519606896072791e-02
1.053473993131735220e+01 3.474447865546191616e-02
1.054774671867871128e+01 3.463426496349916728e-02
1.056046331403275573e+01 3.452650999149874111e-02
1.057159342937813484e+01 3.443219828865451415e-02
1.058363554604334311e+01 3.433015862400223828e-02
1.059705223772767368e+01 3.421647140816794219e-02
1.060980007826281124e+01 3.410845171341622684e-02
1.062041006728784431e+01 3.401854741873581306e-02
1.063264563316425537e+01 3.391486852338878449e-02
1.064639384541436584e+01 3.379837216707730352e-02
1.065914814163454949e+01 3.369029793928531719e-02
1.066936599425687149e+01 3.360371636582239890e-02
1.068170647251649896e+01 3.349914809008475852e-02
1.069565989882602963e+01 3.338091283784073993e-02
1.070841615580203232e+01 3.327333568590432750e-02
1.071820812972623926e+01 3.319442434125204761e-02
1.073084847252518337e+01 3.309457788553660240e-02
1.074490552624379625e+01 3.298354084332158487e-02
1.075610992590358350e+01 3.289503675793301746e-02
1.076616814766807195e+01 3.281558678624616615e-02
1.078006968453032144e+01 3.270577803977998965e-02
1.079413827513433510e+01 3.259465022451558947e-02
1.080500555627140002e+01 3.250880898148925113e-02
1.081522922201470926e+01 3.242805168278269784e-02
1.082926366203709634e+01 3.231719366617893247e-02
1.084324133780694766e+01 3.220678379218424453e-02
1.085447970303622078e+01 3.211801160465587585e-02
1.086383196285792785e+01 3.204413689672946930e-02
1.087748622894287109e+01 3.193628322333097458e-02
