1.738211176698623711e-02 2.587040607745831000e+00 1.300000000000000000e+01
2.945141047864370532e-02 2.187573259527033187e+00 3.300000000000000000e+01
4.189043332923508833e-02 1.613102897813048608e+00 7.900000000000000000e+01
5.436837454080618165e-02 1.286562821803948875e+00 1.170000000000000000e+02
6.709179269147286240e-02 1.104825862442574858e+00 2.050000000000000000e+02
7.906028830909658800e-02 9.258511355582703661e-01 2.350000000000000000e+02
9.134212272608749350e-02 7.289288654559995528e-01 3.690000000000000000e+02
1.036762715188662420e-01 5.828949813204054031e-01 4.330000000000000000e+02
1.161203601746208930e-01 5.060773180081293843e-01 5.850000000000000000e+02
1.284418909099373229e-01 4.585589821805658994e-01 6.790000000000000000e+02
1.405592364589596799e-01 4.033549380698327469e-01 8.130000000000000000e+02
1.528879085095380397e-01 3.391009822412190955e-01 9.850000000000000000e+02
1.654374794108308400e-01 2.870590397592127085e-01 1.183000000000000000e+03
1.776729418071751887e-01 2.568545305559821190e-01 1.269000000000000000e+03
1.898591753287150741e-01 2.372661974613125280e-01 1.537000000000000000e+03
2.021021560467512468e-01 2.158765572980181624e-01 1.653000000000000000e+03
2.143703992684685700e-01 1.907951383644138910e-01 1.963000000000000000e+03
2.266685712461119495e-01 1.682366018922527851e-01 2.121000000000000000e+03
2.389979817456025779e-01 1.523346644415185525e-01 2.413000000000000000e+03
2.513314966973230202e-01 1.412682082610066947e-01 2.635000000000000000e+03
2.635743753250157639e-01 1.309238841933925701e-01 2.877000000000000000e+03
2.757713982113569329e-01 1.195711882596288272e-01 3.169000000000000000e+03
2.881120265131774105e-01 1.084806765943536200e-01 3.507000000000000000e+03
3.003642723148961524e-01 9.951338965339609488e-02 3.685000000000000000e+03
3.126284265724824651e-01 9.264049682260847018e-02 4.165000000000000000e+03
3.249982751341953802e-01 8.656544952747183275e-02 4.377000000000000000e+03
3.373428995657114515e-01 8.048868504814213343e-02 4.855000000000000000e+03
3.495635182377118122e-01 7.456658188791008557e-02 4.929000000000000000e+03
3.617878302046586003e-01 6.928114813435912178e-02 5.581000000000000000e+03
3.739857006525697525e-01 6.484580038403683910e-02 5.679000000000000000e+03
3.863066149710030484e-01 6.096218566037568676e-02 6.385000000000000000e+03
3.986206514546336566e-01 5.730222098503188338e-02 6.553000000000000000e+03
4.109256450409854988e-01 5.375892816562401894e-02 7.125000000000000000e+03
4.232245526996682439e-01 5.046307763085519649e-02 7.447000000000000000e+03
4.354883361750296888e-01 4.753656091250978155e-02 7.929000000000000000e+03
4.477773490403011425e-01 4.491570276037298859e-02 8.353000000000000000e+03
4.599885758528930446e-01 4.251718735975078267e-02 8.775000000000000000e+03
4.722481609019255622e-01 4.024135097493281021e-02 9.313000000000000000e+03
4.845422928593006162e-01 3.808379185998019695e-02 9.841000000000000000e+03
4.967758314204989145e-01 3.610745522316708561e-02 1.019100000000000000e+04
5.090496585712509514e-01 3.429010817780236281e-02 1.089700000000000000e+04
5.213393302533125828e-01 3.261304524400077814e-02 1.130100000000000000e+04
5.336764342072569667e-01 3.103106217362033153e-02 1.202500000000000000e+04
5.460018906414875195e-01 2.954400381879857332e-02 1.242300000000000000e+04
5.582746664676744297e-01 2.815768974217005421e-02 1.302100000000000000e+04
5.704836467567014902e-01 2.687375284717492818e-02 1.340500000000000000e+04
5.827050477421528152e-01 2.567357279142220769e-02 1.424700000000000000e+04
5.949966092592182676e-01 2.454259701291932119e-02 1.471300000000000000e+04
6.072810794928119593e-01 2.347550600977824087e-02 1.548900000000000000e+04
6.195640960192183577e-01 2.247134604420067405e-02 1.591300000000000000e+04
6.318725718641450273e-01 2.152355212941823095e-02 1.687900000000000000e+04
6.441734799903116038e-01 2.063496458818516940e-02 1.719300000000000000e+04
6.564797713783508959e-01 1.979883799986255008e-02 1.815700000000000000e+04
6.686914796307175113e-01 1.901221442093157729e-02 1.833900000000000000e+04
6.809527720051307131e-01 1.826579253919792187e-02 1.957300000000000000e+04
6.932444559397105133e-01 1.755658024508683843e-02 1.994100000000000000e+04
7.054525264494219128e-01 1.689063115036850554e-02 2.062900000000000000e+04
7.177279471803852395e-01 1.625679865285076242e-02 2.165500000000000000e+04
7.300093350151545257e-01 1.565554872126887279e-02 2.211300000000000000e+04
7.423152405224867634e-01 1.508306661391370027e-02 2.318500000000000000e+04
7.545976291523092128e-01 1.454069550279119515e-02 2.366700000000000000e+04
7.668242541727441353e-01 1.402718832585345653e-02 2.438500000000000000e+04
7.791532227191277915e-01 1.353500497557911207e-02 2.574900000000000000e+04
7.914205555814117776e-01 1.306820594296657402e-02 2.567500000000000000e+04
8.036946245254837917e-01 1.262398758664819154e-02 2.740900000000000000e+04
8.159793500227521257e-01 1.220017815927338170e-02 2.740500000000000000e+04
8.282032517041271191e-01 1.179851098294521471e-02 2.871700000000000000e+04
8.405128301308969485e-01 1.141235889112638194e-02 2.959500000000000000e+04
8.528044062999269315e-01 1.104452146971419621e-02 3.030100000000000000e+04
8.650383170353053153e-01 1.069431761498002009e-02 3.110100000000000000e+04
8.772723473691131924e-01 1.035929390557950927e-02 3.202300000000000000e+04
8.895340129403773721e-01 1.003808517992504576e-02 3.297700000000000000e+04
9.018817324806753799e-01 9.727790021622812963e-03 3.444900000000000000e+04
9.141883285202558884e-01 9.431947397669327576e-03 3.454900000000000000e+04
9.264619614774151080e-01 9.149361685905046254e-03 3.611100000000000000e+04
9.387414329717578276e-01 8.878525313919615955e-03 3.654100000000000000e+04
9.509803239040424128e-01 8.619580239740631811e-03 3.771700000000000000e+04
9.632220897656164071e-01 8.370386274596739937e-03 3.861900000000000000e+04
9.754895990516671000e-01 8.130871929035377726e-03 3.966100000000000000e+04
9.877263772139494025e-01 7.901444833048991423e-03 4.054500000000000000e+04
9.999851555211123344e-01 7.680683621797503025e-03 4.181500000000000000e+04
1.012329315970391885e+00 7.467148250924504106e-03 4.312500000000000000e+04
1.024626882427558394e+00 7.262121352712780711e-03 4.368100000000000000e+04
1.036866661813151680e+00 7.065826978058834321e-03 4.462900000000000000e+04
1.049135454677095014e+00 6.876529629100316260e-03 4.622700000000000000e+04
1.061441321051521669e+00 6.693506144972642506e-03 4.690900000000000000e+04
1.073716924295355035e+00 6.517775195747311547e-03 4.823700000000000000e+04
1.085925278808941075e+00 6.349461921337850451e-03 4.858300000000000000e+04
1.098213804025323759e+00 6.186239250870801190e-03 5.099700000000000000e+04
1.110549128364700433e+00 6.028349599706507231e-03 5.139700000000000000e+04
1.122813396371499683e+00 5.876764028104186979e-03 5.248900000000000000e+04
1.135068400457140525e+00 5.729947234978962495e-03 5.378700000000000000e+04
1.147342675129095380e+00 5.588053286150826068e-03 5.491300000000000000e+04
1.159604730526738070e+00 5.451262281002015181e-03 5.597700000000000000e+04
1.171869522420641019e+00 5.319184133698471803e-03 5.741500000000000000e+04
1.184117014672710466e+00 5.191803539256604691e-03 5.810500000000000000e+04
1.196380776649323074e+00 5.068549297608140707e-03 6.003300000000000000e+04
1.208687057234670847e+00 4.948726862316137412e-03 6.094900000000000000e+04
1.220959095202714728e+00 4.833160318137041424e-03 6.223500000000000000e+04
1.233208486402970872e+00 4.721605928010861111e-03 6.322900000000000000e+04
1.245508508346104382e+00 4.612968884444334887e-03 6.513300000000000000e+04
1.257784723303624341e+00 4.507871150007429321e-03 6.570700000000000000e+04
1.270055745540256131e+00 4.406201322379032538e-03 6.756100000000000000e+04
1.282341038613093342e+00 4.307626498439346384e-03 6.850500000000000000e+04
1.294603375460791739e+00 4.212267252687302947e-03 6.994300000000000000e+04
1.306872157219178376e+00 4.119835408262446930e-03 7.109700000000000000e+04
1.319154335659298072e+00 4.030170928842917097e-03 7.302100000000000000e+04
1.331413186443985319e+00 3.943304378329576775e-03 7.331700000000000000e+04
1.343670416769862985e+00 3.859036028092541464e-03 7.579900000000000000e+04
1.355926624421783355e+00 3.777310283162871058e-03 7.602100000000000000e+04
1.368198320788034605e+00 3.697903022679666953e-03 7.875300000000000000e+04
1.380493155587640075e+00 3.620514010786914354e-03 7.929100000000000000e+04
1.392777150327133118e+00 3.545446652116359450e-03 8.112900000000000000e+04
1.405062158431919173e+00 3.472567968074754662e-03 8.244100000000000000e+04
1.417350353046506362e+00 3.401716336150908265e-03 8.394900000000000000e+04
1.429619664591669892e+00 3.332828282062564196e-03 8.512300000000000000e+04
1.441896091891586407e+00 3.265859894390840332e-03 8.692900000000000000e+04
1.454153484788269113e+00 3.200885760696704080e-03 8.778900000000000000e+04
1.466381074598185785e+00 3.137853770813356629e-03 8.962300000000000000e+04
1.478663762757040256e+00 3.076236337114321255e-03 9.134100000000000000e+04
1.490945553437686755e+00 3.016326253944024392e-03 9.284500000000000000e+04
1.503215421848099087e+00 2.958115621385470732e-03 9.408700000000000000e+04
1.515506809604572958e+00 2.901323447551251624e-03 9.633300000000000000e+04
1.527798660544841036e+00 2.845914301828425270e-03 9.724900000000000000e+04
1.540100573539109341e+00 2.791947380109157176e-03 9.950100000000000000e+04
1.552323548238187856e+00 2.739750781905275333e-03 9.928300000000000000e+04
1.564549042303194248e+00 2.688912499216499202e-03 1.025370000000000000e+05
1.576828918306125260e+00 2.639146540446353235e-03 1.034770000000000000e+05
1.589107321948020513e+00 2.590680306909036532e-03 1.057510000000000000e+05
1.601397070109577214e+00 2.543422693664949309e-03 1.068690000000000000e+05
1.613662624295466586e+00 2.497465437800648960e-03 1.086970000000000000e+05
1.625956459000079013e+00 2.452518435021705176e-03 1.105770000000000000e+05
1.638273302580230073e+00 2.408608584734059799e-03 1.125550000000000000e+05
1.650514578067000970e+00 2.366062589240115407e-03 1.125930000000000000e+05
1.662750560070829442e+00 2.324594344693503047e-03 1.155730000000000000e+05
1.675038723418361242e+00 2.283919369130880082e-03 1.172830000000000000e+05
1.687316108801252934e+00 2.244169012567221854e-03 1.185810000000000000e+05
1.699577879978046324e+00 2.205437578067878483e-03 1.206250000000000000e+05
1.711843964077200742e+00 2.167632372333576796e-03 1.219350000000000000e+05
1.724121850273385714e+00 2.130703424333535607e-03 1.244410000000000000e+05
1.736393118826927484e+00 2.094659872009877084e-03 1.255170000000000000e+05
1.748649267014282582e+00 2.059508587758415114e-03 1.273570000000000000e+05
1.760929008138104601e+00 2.025121719534080707e-03 1.298950000000000000e+05
1.773209634393521306e+00 1.991538791261745090e-03 1.307010000000000000e+05
1.785496895765598335e+00 1.958714887820289796e-03 1.339210000000000000e+05
1.797779456585471447e+00 1.926603858860663401e-03 1.341870000000000000e+05
1.810045784231388843e+00 1.895262331427597161e-03 1.371250000000000000e+05
1.822328944795884365e+00 1.864595025621776760e-03 1.384570000000000000e+05
1.834622223744897918e+00 1.834601015826686473e-03 1.409370000000000000e+05
1.846870080155897709e+00 1.805382388242099834e-03 1.413670000000000000e+05
1.859113284872103700e+00 1.776776116381874283e-03 1.443810000000000000e+05
1.871369776471062174e+00 1.748767003218156674e-03 1.455490000000000000e+05
1.883662293966622325e+00 1.721299205683998398e-03 1.491390000000000000e+05
1.895967897181298545e+00 1.694407995136211920e-03 1.496410000000000000e+05
1.908218900087896186e+00 1.668217904437422358e-03 1.518250000000000000e+05
1.920473305735041603e+00 1.642543779097924194e-03 1.534530000000000000e+05
1.932728455462241035e+00 1.617411993423963773e-03 1.558870000000000000e+05
1.945010996468966136e+00 1.592765495121960468e-03 1.581210000000000000e+05
1.957297286609057219e+00 1.568638771044234123e-03 1.598410000000000000e+05
1.969540674482686216e+00 1.545106202384336587e-03 1.611750000000000000e+05
1.981824511398913025e+00 1.521963324387045745e-03 1.646770000000000000e+05
1.994126084838471202e+00 1.499254327561392068e-03 1.660570000000000000e+05
2.006394493041785854e+00 1.477080035283523905e-03 1.677030000000000000e+05
2.018670277140658609e+00 1.455353211841220939e-03 1.702690000000000000e+05
2.030952260532412179e+00 1.434064061096120002e-03 1.722570000000000000e+05
2.043216747936142497e+00 1.413230153246403109e-03 1.736530000000000000e+05
2.055475462521540120e+00 1.392795971841118705e-03 1.766190000000000000e+05
2.067735751272673284e+00 1.372770654710051951e-03 1.775650000000000000e+05
2.080008463019119347e+00 1.353129998877471629e-03 1.812850000000000000e+05
2.092298393439131488e+00 1.333856241547329681e-03 1.825470000000000000e+05
2.104578220314605286e+00 1.314983040318485567e-03 1.849930000000000000e+05
2.116845351929772523e+00 1.296480335281139035e-03 1.867770000000000000e+05
2.129117234263313563e+00 1.278316007854770047e-03 1.890730000000000000e+05
2.141386066321568471e+00 1.260512762965423136e-03 1.914910000000000000e+05
2.153674086052424830e+00 1.243029963876972691e-03 1.938450000000000000e+05
2.165943452333749963e+00 1.225912706031668901e-03 1.951810000000000000e+05
2.178174664968279828e+00 1.209177593953479147e-03 1.973190000000000000e+05
2.190433842997593139e+00 1.192721804771316747e-03 2.002330000000000000e+05
2.202719870751546960e+00 1.176543054503713338e-03 2.030370000000000000e+05
2.215018657555435588e+00 1.160655472074372235e-03 2.048710000000000000e+05
2.227273534473448890e+00 1.145123736249807709e-03 2.062210000000000000e+05
2.239529649064412986e+00 1.129882051478511579e-03 2.095290000000000000e+05
2.251840650374316244e+00 1.114857328720396086e-03 2.125450000000000000e+05
2.264118958498200662e+00 1.100110102197775913e-03 2.132070000000000000e+05
2.276384222436070193e+00 1.085630315137829432e-03 2.165770000000000000e+05
2.288658352062910684e+00 1.071407051207040476e-03 2.181930000000000000e+05
2.300952024159490072e+00 1.057422905462547091e-03 2.221510000000000000e+05
2.313218074710013283e+00 1.043724493033224053e-03 2.216410000000000000e+05
2.325458285740755304e+00 1.030303125372712203e-03 2.261730000000000000e+05
2.337719157879688758e+00 1.017098135611670248e-03 2.269810000000000000e+05
2.350003080769816677e+00 1.004102821304389071e-03 2.319030000000000000e+05
2.362278993050206388e+00 9.913478088262692601e-04 2.314930000000000000e+05
2.374538871239863180e+00 9.788363022354307653e-04 2.360410000000000000e+05
2.386815928068645842e+00 9.665285760836831710e-04 2.372310000000000000e+05
2.399102766838841827e+00 9.544282201166817215e-04 2.409250000000000000e+05
2.411392551908071891e+00 9.425313688386503016e-04 2.427690000000000000e+05
2.423637201517297779e+00 9.308519233952073117e-04 2.437570000000000000e+05
2.435888357704467655e+00 9.193639091164741315e-04 2.479830000000000000e+05
2.448174726432504222e+00 9.080419691706555696e-04 2.502730000000000000e+05
2.460449124789410913e+00 8.969258214987232362e-04 2.523730000000000000e+05
2.472719029545417779e+00 8.860040742604346304e-04 2.554470000000000000e+05
2.484992750921887428e+00 8.752650060877958113e-04 2.570890000000000000e+05
2.497273740348870064e+00 8.647002490585172299e-04 2.612370000000000000e+05
2.509544119010925556e+00 8.543194899229411684e-04 2.616670000000000000e+05
2.521826992317544924e+00 8.441029660849776444e-04 2.668890000000000000e+05
2.534112746823773854e+00 8.340547607442483921e-04 2.670490000000000000e+05
2.546370755882703563e+00 8.241962265212450338e-04 2.705770000000000000e+05
2.558627583833518848e+00 8.145015843877343028e-04 2.726430000000000000e+05
2.570901264966575450e+00 8.049535391625940901e-04 2.762050000000000000e+05
2.583177266334576228e+00 7.955511035190337586e-04 2.781690000000000000e+05
2.595440414947020713e+00 7.863014467581335180e-04 2.808190000000000000e+05
2.607704697176866038e+00 7.772013264733517585e-04 2.836290000000000000e+05
2.620001008344286841e+00 7.682253307639282753e-04 2.877370000000000000e+05
2.632286852377137443e+00 7.594016198081810593e-04 2.882290000000000000e+05
2.644534355458745267e+00 7.507466324317953535e-04 2.915190000000000000e+05
2.656801971284723507e+00 7.422157050660830539e-04 2.946970000000000000e+05
2.669073606362495354e+00 7.338100101667158811e-04 2.968170000000000000e+05
2.681350582973501151e+00 7.255204010313123309e-04 3.007390000000000000e+05
2.693623775252737662e+00 7.173637871428143039e-04 3.019210000000000000e+05
2.705878060838002419e+00 7.093476844807639894e-04 3.054570000000000000e+05
2.718161408631444065e+00 7.014382013074545131e-04 3.088390000000000000e+05
2.730438381717716467e+00 6.936559403526892150e-04 3.106410000000000000e+05
2.742710709783558354e+00 6.859972930019002336e-04 3.144850000000000000e+05
2.754989803681385130e+00 6.784516854739860037e-04 3.161130000000000000e+05
2.767261393647393319e+00 6.710205548246981570e-04 3.202750000000000000e+05
2.779527689818626968e+00 6.637051185444398918e-04 3.211090000000000000e+05
2.791792580398906320e+00 6.565020574958335036e-04 3.261210000000000000e+05
2.804076019185131052e+00 6.493974963846039020e-04 3.277270000000000000e+05
2.816361565955662893e+00 6.423992484565629272e-04 3.318210000000000000e+05
2.828620445026039487e+00 6.355211474289434049e-04 3.324970000000000000e+05
2.840883494086274386e+00 6.287437713080629587e-04 3.373530000000000000e+05
2.853162732718515393e+00 6.220518322913275297e-04 3.395590000000000000e+05
2.865449930472707685e+00 6.154444095958149863e-04 3.433090000000000000e+05
2.877720525290941467e+00 6.089435293106838527e-04 3.447570000000000000e+05
2.889980400866404064e+00 6.025441453231239735e-04 3.487030000000000000e+05
2.902258094927428811e+00 5.962295479842123552e-04 3.512610000000000000e+05
2.914518771021708865e+00 5.900159444535191299e-04 3.540610000000000000e+05
2.926762637460898375e+00 5.839010852686860520e-04 3.561150000000000000e+05
2.939034671974965818e+00 5.778610334496807853e-04 3.616690000000000000e+05
2.951320296669093679e+00 5.719021025611431726e-04 3.628930000000000000e+05
2.963596943330394584e+00 5.660337928352070658e-04 3.671010000000000000e+05
2.975876115174083125e+00 5.602483712975590575e-04 3.694390000000000000e+05
2.988160226007601672e+00 5.545432767747102533e-04 3.732570000000000000e+05
3.000449564284945136e+00 5.489169394704324252e-04 3.759490000000000000e+05
3.012716247615992771e+00 5.433804773697098337e-04 3.780430000000000000e+05
3.024968677896445524e+00 5.379283327102999746e-04 3.811170000000000000e+05
3.037252089413381206e+00 5.325391297875982626e-04 3.864490000000000000e+05
3.049526025248503469e+00 5.272200256063973300e-04 3.863970000000000000e+05
3.061775627056916083e+00 5.219709302341195159e-04 3.913150000000000000e+05
3.074050190242934466e+00 5.167840627518908731e-04 3.943050000000000000e+05
3.086335049279050669e+00 5.116648508663883049e-04 3.980770000000000000e+05
3.098604284051831748e+00 5.066227345526168411e-04 3.999190000000000000e+05
3.110859402857432787e+00 5.016556348165307705e-04 4.031130000000000000e+05
3.123137571083341335e+00 4.967473507056887391e-04 4.082290000000000000e+05
3.135433860620076008e+00 4.918989368902793860e-04 4.103130000000000000e+05
3.147695040858610405e+00 4.871308705403911907e-04 4.126870000000000000e+05
3.159956244300143879e+00 4.824327254360469860e-04 4.165890000000000000e+05
3.172232881799067705e+00 4.777930791098501922e-04 4.199410000000000000e+05
3.184501169007643906e+00 4.732188080013355661e-04 4.229950000000000000e+05
3.196775362788355945e+00 4.687035098010247473e-04 4.264410000000000000e+05
3.209044772849387162e+00 4.642500712712582995e-04 4.296730000000000000e+05
3.221306985641626763e+00 4.598582519899177567e-04 4.319670000000000000e+05
3.233581316289749541e+00 4.555202153792873784e-04 4.375090000000000000e+05
3.245858537900559337e+00 4.512382509815069721e-04 4.387050000000000000e+05
3.258143284541348272e+00 4.470063984295834431e-04 4.445530000000000000e+05
3.270410452207983099e+00 4.428275971148781256e-04 4.443910000000000000e+05
3.282661560504875009e+00 4.387083758243383942e-04 4.497330000000000000e+05
3.294949006525297541e+00 4.346306094094893203e-04 4.541290000000000000e+05
3.307244111148282872e+00 4.306032030864756933e-04 4.569030000000000000e+05
3.319496381696187992e+00 4.266415964224677931e-04 4.575370000000000000e+05
3.331765130967058397e+00 4.227256702462879297e-04 4.652170000000000000e+05
3.344051629460721653e+00 4.188542635073074709e-04 4.655250000000000000e+05
3.356324964022264101e+00 4.150364221121336872e-04 4.712350000000000000e+05
3.368596219656374569e+00 4.112625562406875372e-04 4.721250000000000000e+05
3.380854377493985208e+00 4.075290689010390159e-04 4.769410000000000000e+05
3.393138815484900928e+00 4.038345329005104995e-04 4.815630000000000000e+05
3.405406234137748456e+00 4.001916474481916216e-04 4.820410000000000000e+05
3.417657578539513796e+00 3.965992701486497902e-04 4.876690000000000000e+05
3.429938572445236034e+00 3.930432720145177194e-04 4.911990000000000000e+05
3.442213936181234946e+00 3.895332951532333009e-04 4.940890000000000000e+05
3.454484741542898085e+00 3.860682820682650573e-04 4.983090000000000000e+05
3.466756561287216876e+00 3.826459201302320778e-04 5.007370000000000000e+05
3.479034288235220540e+00 3.792647710228895562e-04 5.063670000000000000e+05
3.491307476230946172e+00 3.759298327233281706e-04 5.070610000000000000e+05
3.503582265647720462e+00 3.726359768138062865e-04 5.140570000000000000e+05
3.515849710063451372e+00 3.693842336151496311e-04 5.135430000000000000e+05
3.528113095419004530e+00 3.661731449298897233e-04 5.205010000000000000e+05
3.540379081381022086e+00 3.630002686912735905e-04 5.215290000000000000e+05
3.552650234588581757e+00 3.598644336494661580e-04 5.276890000000000000e+05
3.564930008043383225e+00 3.567641778150889079e-04 5.300710000000000000e+05
3.577201673129291049e+00 3.537031681399158069e-04 5.339130000000000000e+05
3.589475185421321157e+00 3.506783202700582960e-04 5.375170000000000000e+05
3.601759213693743522e+00 3.476855015583592192e-04 5.425110000000000000e+05
3.614032845297826313e+00 3.447283563088400006e-04 5.438890000000000000e+05
3.626300897920319954e+00 3.418075706527809584e-04 5.492610000000000000e+05
3.638569782569557987e+00 3.389210645774818741e-04 5.513410000000000000e+05
3.650838524349331760e+00 3.360685750600366666e-04 5.569630000000000000e+05
3.663120345318307880e+00 3.332465400169738875e-04 5.600370000000000000e+05
3.675392127019131205e+00 3.304597990915097202e-04 5.631370000000000000e+05
3.687654030110239400e+00 3.277077453858581778e-04 5.669070000000000000e+05
3.699910107777807600e+00 3.249889134412065842e-04 5.701810000000000000e+05
3.712192804988637462e+00 3.222957299098294127e-04 5.770050000000000000e+05
3.724479481931025404e+00 3.196283658186021594e-04 5.780110000000000000e+05
3.736733532571433258e+00 3.169931924596925028e-04 5.814730000000000000e+05
3.749005634242537077e+00 3.143844426037036509e-04 5.877810000000000000e+05
3.761282921258348289e+00 3.118044768827012950e-04 5.891770000000000000e+05
3.773563384691363432e+00 3.092533547438935503e-04 5.961390000000000000e+05
3.785825410215798215e+00 3.067350276147075955e-04 5.949130000000000000e+05
3.798082698326972650e+00 3.042462466409941277e-04 6.033930000000000000e+05
3.810363789459987771e+00 3.017808024836928600e-04 6.053710000000000000e+05
3.822645618386320887e+00 2.993430401384064707e-04 6.107410000000000000e+05
3.834921122185569242e+00 2.969339204337326341e-04 6.131130000000000000e+05
3.847188206118976606e+00 2.945526539306259658e-04 6.172810000000000000e+05
3.859469466864462017e+00 2.921927293912155409e-04 6.227790000000000000e+05
3.871753887143852157e+00 2.898583159272577047e-04 6.253570000000000000e+05
3.884018533710083432e+00 2.875535559320606567e-04 6.286690000000000000e+05
3.896281876299207081e+00 2.852745455341857707e-04 6.334350000000000000e+05
3.908553898872709542e+00 2.830190861165454491e-04 6.370090000000000000e+05
3.920819837741210456e+00 2.807895491864138317e-04 6.414090000000000000e+05
3.933080855037441204e+00 2.785853291281948892e-04 6.441310000000000000e+05
3.945346161479486469e+00 2.764044462952586212e-04 6.499650000000000000e+05
3.957637209013813884e+00 2.742428229894029257e-04 6.549250000000000000e+05
3.969922935445351797e+00 2.721056409334326543e-04 6.576010000000000000e+05
3.982175514047068710e+00 2.699971769827886237e-04 6.596430000000000000e+05
3.994441577776709718e+00 2.679090747811430692e-04 6.668650000000000000e+05
4.006727938504470288e+00 2.658400375131591263e-04 6.701370000000000000e+05
4.019004746641884118e+00 2.637948263677493237e-04 6.742630000000000000e+05
4.031277227451610656e+00 2.617722253338617181e-04 6.776970000000000000e+05
4.043554474959882405e+00 2.597704376727866726e-04 6.831370000000000000e+05
4.055839296806413863e+00 2.577887410717910697e-04 6.865810000000000000e+05
4.068096648036075180e+00 2.558324430454158921e-04 6.886950000000000000e+05
4.080340810272203633e+00 2.538988865764609144e-04 6.934330000000000000e+05
4.092625412812637364e+00 2.519793961380026033e-04 7.011570000000000000e+05
4.104896712235945877e+00 2.500821221239216477e-04 7.007830000000000000e+05
4.117161081901492103e+00 2.482040414226442562e-04 7.084530000000000000e+05
4.129437122155980688e+00 2.463424544318781753e-04 7.110370000000000000e+05
4.141704525954867044e+00 2.445015885349414260e-04 7.153330000000000000e+05
4.153978385170237431e+00 2.426789140910859421e-04 7.203510000000000000e+05
4.166253993732757621e+00 2.408748822135317992e-04 7.245250000000000000e+05
4.178538499825864783e+00 2.390882248506440025e-04 7.293210000000000000e+05
4.190814603076742806e+00 2.373212086793184000e-04 7.327030000000000000e+05
4.203073337122014586e+00 2.355748217478986816e-04 7.352410000000000000e+05
4.215351393663523183e+00 2.338436194015224674e-04 7.440810000000000000e+05
4.227627727927940171e+00 2.321303382883310382e-04 7.435750000000000000e+05
4.239903711675261810e+00 2.304345893093051676e-04 7.523850000000000000e+05
4.252176052439746279e+00 2.287555749781364201e-04 7.523290000000000000e+05
4.264428999173489387e+00 2.270934666498030980e-04 7.580970000000000000e+05
4.276699753296243856e+00 2.254456106533578839e-04 7.639510000000000000e+05
4.288984663933998576e+00 2.238125064880347177e-04 7.680850000000000000e+05
4.301254992808039468e+00 2.221977624137447542e-04 7.710450000000000000e+05
4.313518859337963640e+00 2.206000573550958199e-04 7.761550000000000000e+05
4.325790306799478735e+00 2.190173549700810327e-04 7.806930000000000000e+05
4.338071451854346172e+00 2.174492129964091501e-04 7.865170000000000000e+05
4.350337682795837324e+00 2.158985522962643172e-04 7.874610000000000000e+05
4.362611642859859806e+00 2.143623194807343804e-04 7.964230000000000000e+05
4.374889619911012772e+00 2.128407799143754880e-04 7.970410000000000000e+05
4.387156592313711911e+00 2.113356115162480075e-04 8.037690000000000000e+05
4.399426520354007053e+00 2.098441370105507374e-04 8.067310000000000000e+05
4.411686361434122183e+00 2.083676947495874691e-04 8.110050000000000000e+05
4.423963041741128421e+00 2.069037001156379433e-04 8.182210000000000000e+05
4.436231205164318681e+00 2.054549983991718100e-04 8.191390000000000000e+05
4.448503896768269072e+00 2.040198800886615339e-04 8.274210000000000000e+05
4.460785975742031617e+00 2.025976113972534885e-04 8.300170000000000000e+05
4.473052489047368852e+00 2.011909049308995457e-04 8.339010000000000000e+05
4.485333554630674513e+00 1.997961385913074529e-04 8.418790000000000000e+05
4.497601113152791541e+00 1.984163147820504748e-04 8.406570000000000000e+05
4.509865945633409368e+00 1.970500584483866663e-04 8.509570000000000000e+05
4.522145512771656328e+00 1.956952507836708913e-04 8.519350000000000000e+05
4.534428391609130138e+00 1.943530432972750271e-04 8.603850000000000000e+05
4.546702887299255202e+00 1.930237539044392413e-04 8.607130000000000000e+05
4.558957497227143385e+00 1.917078539911747049e-04 8.661090000000000000e+05
4.571226507544313478e+00 1.904028723620059536e-04 8.726590000000000000e+05
4.583509650333473573e+00 1.891087525140718950e-04 8.772330000000000000e+05
4.595789930773827692e+00 1.878271530849458454e-04 8.815930000000000000e+05
4.608061822879042424e+00 1.865584876035879843e-04 8.857990000000000000e+05
4.620318454667698305e+00 1.853032859819948917e-04 8.882130000000000000e+05
4.632589671362627115e+00 1.840583541845891471e-04 8.980330000000000000e+05
4.644869733582068783e+00 1.828241537357979329e-04 8.985150000000000000e+05
4.657136751053478463e+00 1.816027542153381331e-04 9.058810000000000000e+05
4.669407123720282549e+00 1.803923618147137183e-04 9.086130000000000000e+05
4.681668230269437458e+00 1.791940845005809090e-04 9.134650000000000000e+05
4.693936504051409386e+00 1.780061149528421429e-04 9.200110000000000000e+05
4.706220800141615257e+00 1.768264753077744664e-04 9.251730000000000000e+05
4.718499420244769205e+00 1.756578468696398329e-04 9.287890000000000000e+05
4.730782524158375857e+00 1.744995321967780181e-04 9.355710000000000000e+05
4.743047201606930940e+00 1.733535374119499076e-04 9.355210000000000000e+05
4.755307563249784764e+00 1.722184053270904374e-04 9.450490000000000000e+05
4.767582922269617107e+00 1.710922237464682061e-04 9.470250000000000000e+05
4.779863242782285582e+00 1.699758316383230647e-04 9.557350000000000000e+05
4.792132509236800786e+00 1.688705433009566334e-04 9.555210000000000000e+05
4.804399814675896607e+00 1.677754244524358982e-04 9.646210000000000000e+05
4.816678189892614981e+00 1.666891915611517095e-04 9.677190000000000000e+05
4.828949147307209699e+00 1.656133790074030459e-04 9.724810000000000000e+05
4.841208045262156645e+00 1.645482580336755734e-04 9.765370000000000000e+05
4.853478205860069394e+00 1.634916222146889898e-04 9.838530000000000000e+05
4.865760389471367020e+00 1.624424351297166830e-04 9.882910000000000000e+05
4.878024424099666412e+00 1.614038214287989899e-04 9.911130000000000000e+05
4.890296224946505177e+00 1.603737887415478277e-04 9.990610000000000000e+05
4.902574098288927651e+00 1.593523785267523976e-04 1.003023000000000000e+06
4.914845182971244952e+00 1.583405628491720062e-04 1.007017000000000000e+06
4.927125443033921748e+00 1.573369255384243022e-04 1.015189000000000000e+06
4.939397843462237425e+00 1.563427531831186178e-04 1.015659000000000000e+06
4.951664139468105574e+00 1.553578002350592714e-04 1.024297000000000000e+06
4.963940457310106247e+00 1.543806700618443033e-04 1.027545000000000000e+06
4.976216814155414170e+00 1.534120742488130043e-04 1.034173000000000000e+06
4.988477864415409968e+00 1.524531083671375957e-04 1.035639000000000000e+06
5.000735915789408459e+00 1.515027043871465930e-04 1.043377000000000000e+06
5.013022503127924523e+00 1.505583469592341203e-04 1.051105000000000000e+06
5.025302855931816914e+00 1.496219007615170343e-04 1.052487000000000000e+06
5.037565960542966792e+00 1.486938095345210771e-04 1.058257000000000000e+06
5.049844070900289417e+00 1.477725850025369528e-04 1.065633000000000000e+06
5.062119395180531001e+00 1.468594852119314224e-04 1.067869000000000000e+06
5.074382958383321984e+00 1.459550853955095598e-04 1.074235000000000000e+06
5.086641414448522802e+00 1.450587873992434287e-04 1.077393000000000000e+06
5.098920283477419879e+00 1.441686630234270878e-04 1.087621000000000000e+06
5.111195046990768098e+00 1.432864099675787211e-04 1.087923000000000000e+06
5.123449429513799558e+00 1.424131019615675325e-04 1.093945000000000000e+06
5.135725833092325665e+00 1.415456347022609103e-04 1.102629000000000000e+06
5.148004898403597984e+00 1.406853160717149831e-04 1.104619000000000000e+06
5.160275467432149377e+00 1.398328475164387552e-04 1.111669000000000000e+06
5.172546563924425023e+00 1.389875134376124971e-04 1.116021000000000000e+06
5.184827810497764311e+00 1.381485854998649738e-04 1.122973000000000000e+06
5.197107424309186818e+00 1.373167851130505926e-04 1.127175000000000000e+06
5.209372119394659606e+00 1.364929290981581843e-04 1.130377000000000000e+06
5.221649037183656361e+00 1.356751287331840836e-04 1.140669000000000000e+06
5.233932398542673781e+00 1.348637021853536040e-04 1.142023000000000000e+06
5.246207456313063844e+00 1.340595593176283030e-04 1.149277000000000000e+06
5.258474098046987955e+00 1.332626157780715851e-04 1.152213000000000000e+06
5.270738325951615622e+00 1.324724069953203546e-04 1.158781000000000000e+06
5.282998927164604730e+00 1.316889324217226270e-04 1.162875000000000000e+06
5.295264990085316370e+00 1.309115500151600384e-04 1.169989000000000000e+06
5.307538736263589740e+00 1.301400585756824150e-04 1.175577000000000000e+06
5.319815882732508605e+00 1.293746668974136743e-04 1.181755000000000000e+06
5.332106279005067506e+00 1.286147103259836734e-04 1.188433000000000000e+06
5.344371073829666585e+00 1.278625133381474516e-04 1.188297000000000000e+06
5.356624723728983462e+00 1.271171033561903287e-04 1.196761000000000000e+06
5.368905759786676057e+00 1.263754967103820762e-04 1.204935000000000000e+06
5.381178523097380761e+00 1.256387255060294856e-04 1.206061000000000000e+06
5.393451085206741880e+00 1.249078262104426470e-04 1.215613000000000000e+06
5.405726736201903471e+00 1.241826407001090672e-04 1.218267000000000000e+06
5.417998930511218170e+00 1.234635000814199388e-04 1.225501000000000000e+06
5.430270772852717975e+00 1.227501566797870665e-04 1.229565000000000000e+06
5.442534130395002556e+00 1.220430180390013063e-04 1.235035000000000000e+06
5.454800748457352633e+00 1.213413455963389026e-04 1.240689000000000000e+06
5.467077716641037810e+00 1.206446859249669912e-04 1.249249000000000000e+06
5.479355582811181513e+00 1.199535226957226233e-04 1.251241000000000000e+06
5.491630973065976917e+00 1.192679936166173103e-04 1.260723000000000000e+06
5.503885297849166136e+00 1.185890561710443097e-04 1.257637000000000000e+06
5.516150725772924979e+00 1.179148812504510132e-04 1.274037000000000000e+06
5.528443391487898317e+00 1.172445384379732484e-04 1.275475000000000000e+06
5.540720216702386125e+00 1.165803375270992455e-04 1.281105000000000000e+06
5.552988335676034559e+00 1.159216138576132362e-04 1.285969000000000000e+06
5.565261517407040337e+00 1.152674618960102562e-04 1.292461000000000000e+06
5.577534110395362177e+00 1.146184576974193455e-04 1.298067000000000000e+06
5.589802343380241290e+00 1.139747492870254683e-04 1.302997000000000000e+06
5.602075135577400999e+00 1.133358197060796094e-04 1.309605000000000000e+06
5.614350310950690037e+00 1.127017355429780240e-04 1.315999000000000000e+06
5.626623264592821805e+00 1.120726853498123091e-04 1.319869000000000000e+06
5.638893001899184299e+00 1.114486689136249918e-04 1.327641000000000000e+06
5.651161142041371654e+00 1.108295506679035479e-04 1.330255000000000000e+06
5.663425121361393089e+00 1.102154126738668949e-04 1.338453000000000000e+06
5.675691325365977313e+00 1.096058843001298584e-04 1.342849000000000000e+06
5.687970933799141982e+00 1.090003743658959153e-04 1.352361000000000000e+06
5.700246086653653954e+00 1.083997200495737887e-04 1.354147000000000000e+06
5.712517647315798364e+00 1.078038319761061699e-04 1.362613000000000000e+06
5.724796711511103808e+00 1.072121275880809859e-04 1.368069000000000000e+06
5.737066762903856088e+00 1.066252139819001004e-04 1.372087000000000000e+06
5.749335898934315736e+00 1.060421320935107839e-04 1.379481000000000000e+06
5.761614168757597909e+00 1.054629563622813340e-04 1.386229000000000000e+06
5.773882136137113541e+00 1.048886461207878434e-04 1.388517000000000000e+06
5.786153279038012798e+00 1.043185281958327069e-04 1.399267000000000000e+06
5.798430732772348328e+00 1.037524147150412172e-04 1.401733000000000000e+06
5.810698549564207838e+00 1.031910012701741871e-04 1.408377000000000000e+06
5.822968489764107858e+00 1.026337041975725734e-04 1.414855000000000000e+06
5.835247581202454015e+00 1.020801698771742563e-04 1.421757000000000000e+06
5.847517653067185961e+00 1.015311761487117743e-04 1.425493000000000000e+06
5.859777763361255332e+00 1.009867171103638053e-04 1.430859000000000000e+06
5.872043305473467534e+00 1.004460692242141364e-04 1.438525000000000000e+06
5.884316039475769422e+00 9.990912082365267289e-05 1.445293000000000000e+06
5.896588172512050363e+00 9.937617809454376997e-05 1.449561000000000000e+06
5.908862119422366277e+00 9.884710064267093874e-05 1.458919000000000000e+06
5.921140107029507327e+00 9.832175566841499105e-05 1.461273000000000000e+06
5.933415941515375991e+00 9.780032833147486086e-05 1.471645000000000000e+06
5.945693490519592395e+00 9.728253708646119669e-05 1.473643000000000000e+06
5.957960045863613274e+00 9.676899968024414895e-05 1.480653000000000000e+06
5.970224520582573469e+00 9.625930694851902569e-05 1.485901000000000000e+06
5.982501053823231274e+00 9.575284184663152270e-05 1.495089000000000000e+06
5.994772850496791428e+00 9.525026363827087999e-05 1.498099000000000000e+06
6.007052134068161742e+00 9.475104041233829916e-05 1.508373000000000000e+06
6.019323824238122178e+00 9.425574889131140227e-05 1.508617000000000000e+06
6.031590917086010251e+00 9.376423340584793165e-05 1.519927000000000000e+06
6.043864522720445720e+00 9.327601147768548029e-05 1.522125000000000000e+06
6.056140591663200290e+00 9.279121904096087909e-05 1.533337000000000000e+06
6.068414280758688051e+00 9.231001139883227903e-05 1.533597000000000000e+06
6.080682225889637138e+00 9.183248934774942594e-05 1.544503000000000000e+06
6.092950513412580982e+00 9.135837710207897597e-05 1.546305000000000000e+06
6.105222669570649963e+00 9.088751277293716094e-05 1.557601000000000000e+06
6.117498537411333537e+00 9.041987092080433584e-05 1.559959000000000000e+06
6.129764009308477313e+00 8.995591383184549676e-05 1.567305000000000000e+06
6.142038804140286246e+00 8.949433581920921300e-05 1.575241000000000000e+06
6.154304592301876653e+00 8.903620003622011113e-05 1.577367000000000000e+06
6.166569656506958985e+00 8.858134229079854028e-05 1.587385000000000000e+06
6.178846322624687026e+00 8.812927948706906350e-05 1.593597000000000000e+06
6.191116526792562524e+00 8.768064852347472334e-05 1.597477000000000000e+06
6.203393953742370570e+00 8.723492347813449654e-05 1.609027000000000000e+06
6.215665868805944072e+00 8.679253443074323596e-05 1.608405000000000000e+06
6.227935179444486380e+00 8.635335000863450701e-05 1.621081000000000000e+06
6.240215859392558073e+00 8.591684130690917058e-05 1.624239000000000000e+06
6.252490868470671259e+00 8.548359132221724675e-05 1.631845000000000000e+06
6.264748734726292234e+00 8.505396723357903769e-05 1.633729000000000000e+06
6.277021907689533720e+00 8.462680642132130711e-05 1.647165000000000000e+06
6.289301913709186564e+00 8.395587980981319759e-05 1.644751000000000000e+06
6.301575403552062582e+00 8.353244336309858012e-05 1.643340000000000000e+06
6.313842558761026069e+00 8.311640452017557087e-05 1.636708000000000000e+06
6.326111565000890558e+00 8.270246195052378144e-05 1.637478000000000000e+06
6.338388186618338693e+00 8.228789032654587989e-05 1.631182000000000000e+06
6.350653318429953842e+00 8.187943161094544974e-05 1.629010000000000000e+06
6.362925353107523385e+00 8.147414123000438894e-05 1.625526000000000000e+06
6.375199539363470613e+00 8.106572818182734711e-05 1.623166000000000000e+06
6.387469047145446943e+00 8.066483380896067722e-05 1.617270000000000000e+06
6.399744975540756720e+00 8.026743532593328301e-05 1.617742000000000000e+06
6.412020876688491633e+00 7.987141280415223821e-05 1.611330000000000000e+06
6.424291406904193202e+00 7.947579855576022111e-05 1.608274000000000000e+06
6.436561693531712258e+00 7.908577936571616182e-05 1.604740000000000000e+06
6.448839799472561474e+00 7.869759135145973881e-05 1.603290000000000000e+06
6.461108371528202277e+00 7.831366082892845073e-05 1.595068000000000000e+06
6.473374277801224430e+00 7.793196128923211743e-05 1.595556000000000000e+06
6.485648261195692044e+00 7.754544136494733364e-05 1.589470000000000000e+06
6.497912617923548240e+00 7.717397931446230231e-05 1.586370000000000000e+06
6.510188500873471895e+00 7.679530057259472613e-05 1.585024000000000000e+06
6.522469705898394032e+00 7.642309741719437079e-05 1.579984000000000000e+06
6.534739853144390764e+00 7.605004309255073271e-05 1.575540000000000000e+06
6.547013925813042867e+00 7.568739565656753588e-05 1.572502000000000000e+06
6.559280266219190025e+00 7.531985845050325715e-05 1.566954000000000000e+06
6.571544123190218301e+00 7.495602904953409164e-05 1.563766000000000000e+06
6.583820908623135182e+00 7.459830610985555529e-05 1.562734000000000000e+06
6.596089750057448242e+00 7.423061759466318072e-05 1.554546000000000000e+06
6.608365359019697571e+00 7.388066802131304782e-05 1.555762000000000000e+06
6.620644516454042616e+00 7.352909259937984469e-05 1.548906000000000000e+06
6.632912755636684032e+00 7.317559402689275544e-05 1.543888000000000000e+06
6.645177498319265297e+00 7.282265766927366996e-05 1.541424000000000000e+06
6.657442360062594489e+00 7.248162856591351070e-05 1.535002000000000000e+06
6.669722339251252130e+00 7.213588001133910835e-05 1.537504000000000000e+06
6.681993132914268330e+00 7.178783123852367377e-05 1.525410000000000000e+06
6.694261014948919453e+00 7.145115762266457209e-05 1.527532000000000000e+06
6.706541327428630517e+00 7.111079303485607435e-05 1.521270000000000000e+06
6.718813763001558748e+00 7.078045489585328210e-05 1.516912000000000000e+06
6.731080793033955345e+00 7.044228254849343269e-05 1.512240000000000000e+06
6.743359639422138230e+00 7.011298826290988386e-05 1.511140000000000000e+06
6.755631157842590717e+00 6.978276498747087466e-05 1.501846000000000000e+06
6.767898114069756943e+00 6.945720447251938347e-05 1.502364000000000000e+06
6.780174472238728711e+00 6.913055419015433551e-05 1.495330000000000000e+06
6.792450149910261636e+00 6.880730745079899845e-05 1.493730000000000000e+06
6.804725883725046387e+00 6.848722269676623005e-05 1.486852000000000000e+06
6.816986365956470451e+00 6.816731037787186818e-05 1.481290000000000000e+06
6.829262668914804379e+00 6.784743159859864638e-05 1.482678000000000000e+06
6.841539156341532646e+00 6.753833989610353455e-05 1.471900000000000000e+06
6.853798143643459184e+00 6.722049550044927534e-05 1.470168000000000000e+06
6.866070472662335611e+00 6.691304051573084043e-05 1.466200000000000000e+06
6.878341858641983109e+00 6.660135718014911332e-05 1.461120000000000000e+06
6.890609083895967935e+00 6.629652665591918262e-05 1.456756000000000000e+06
6.902881925247460693e+00 6.598860457918735115e-05 1.452556000000000000e+06
6.915161390665570451e+00 6.569180790378520429e-05 1.450452000000000000e+06
6.927430489760197041e+00 6.538492404009148262e-05 1.440316000000000000e+06
6.939709739753434192e+00 6.508452531799269409e-05 1.444164000000000000e+06
6.951990631273369026e+00 6.478835651927246841e-05 1.431532000000000000e+06
6.964253850737460283e+00 6.450019741251077261e-05 1.430340000000000000e+06
6.976522576435152168e+00 6.419481347079776426e-05 1.424632000000000000e+06
6.988800341007487482e+00 6.390598990717057646e-05 1.421998000000000000e+06
7.001070917518267933e+00 6.361834154584047841e-05 1.414698000000000000e+06
7.013333679531310594e+00 6.333038853002773594e-05 1.409980000000000000e+06
7.025600208486784126e+00 6.304036644977848694e-05 1.406532000000000000e+06
7.037876624594197494e+00 6.275809132049921539e-05 1.402948000000000000e+06
7.050142987934711059e+00 6.247503137211023259e-05 1.394214000000000000e+06
7.062412914322297119e+00 6.219339012870321994e-05 1.394872000000000000e+06
7.074690640180437917e+00 6.191130104295438318e-05 1.385464000000000000e+06
7.086953618626321116e+00 6.163136550941032915e-05 1.382634000000000000e+06
7.099228178846583859e+00 6.135823004307222866e-05 1.378150000000000000e+06
7.111513636306372454e+00 6.108141667554151642e-05 1.374948000000000000e+06
7.123795927594998467e+00 6.080842025491922767e-05 1.368208000000000000e+06
7.136061101421339536e+00 6.054106574847337228e-05 1.360624000000000000e+06
7.148327156390927861e+00 6.026677726797781333e-05 1.358970000000000000e+06
7.160609375549098488e+00 6.000229536496361974e-05 1.354042000000000000e+06
7.172879319684213328e+00 5.973432763638680592e-05 1.345926000000000000e+06
7.185144833371175821e+00 5.946249810167932899e-05 1.343698000000000000e+06
7.197419183324042180e+00 5.920832841345942464e-05 1.336938000000000000e+06
7.209685957222612629e+00 5.894111939179956462e-05 1.332418000000000000e+06
7.221957750339435655e+00 5.868363332509558058e-05 1.327732000000000000e+06
7.234230071748588564e+00 5.842402485331650260e-05 1.321878000000000000e+06
7.246500469462226590e+00 5.816627155835985631e-05 1.317706000000000000e+06
7.258778502192162030e+00 5.791317667746385701e-05 1.312086000000000000e+06
7.271045677069522206e+00 5.765910804428325533e-05 1.306132000000000000e+06
7.283317173600549310e+00 5.740436633547363543e-05 1.301652000000000000e+06
7.295585445724233509e+00 5.715430102212348958e-05 1.295260000000000000e+06
7.307853078892518006e+00 5.690458678149830525e-05 1.291120000000000000e+06
7.320126553552271709e+00 5.665750189078684102e-05 1.285230000000000000e+06
7.332403580627381068e+00 5.641475328239984823e-05 1.282204000000000000e+06
7.344684000036938443e+00 5.615833793592294479e-05 1.273920000000000000e+06
7.356944411276296947e+00 5.592079024270457297e-05 1.268410000000000000e+06
7.369203301045217813e+00 5.567714199401268069e-05 1.262274000000000000e+06
7.381489361353313683e+00 5.543708079002781640e-05 1.262920000000000000e+06
7.393767792443961540e+00 5.519353076628905866e-05 1.250194000000000000e+06
7.406034816281826139e+00 5.496035959849363049e-05 1.249224000000000000e+06
7.418310200590694237e+00 5.472466089001891924e-05 1.241506000000000000e+06
7.430583317877912819e+00 5.449020270507519328e-05 1.236786000000000000e+06
7.442848511905709508e+00 5.425248079825913133e-05 1.229380000000000000e+06
7.455114941964349207e+00 5.402538163651441516e-05 1.225756000000000000e+06
7.467393191815288489e+00 5.378763731782799966e-05 1.220370000000000000e+06
7.479670498433187653e+00 5.356098289156403927e-05 1.214428000000000000e+06
7.491938078263377321e+00 5.332774657066729292e-05 1.206828000000000000e+06
7.504211483575987884e+00 5.310664587737825546e-05 1.204744000000000000e+06
7.516487326365844268e+00 5.288102773018548189e-05 1.195512000000000000e+06
7.528756512454854999e+00 5.265317795905477202e-05 1.191598000000000000e+06
7.541024884189051924e+00 5.243024234650796479e-05 1.184566000000000000e+06
7.553289720020821107e+00 5.220517833415610977e-05 1.178694000000000000e+06
7.565561264997616497e+00 5.199077182654768346e-05 1.174768000000000000e+06
7.577833325840669154e+00 5.176842337445999821e-05 1.166658000000000000e+06
7.590111451558873235e+00 5.155035344515838740e-05 1.164202000000000000e+06
7.602381763767824374e+00 5.133172108974417002e-05 1.154202000000000000e+06
7.614655742829341101e+00 5.111512424113518957e-05 1.151548000000000000e+06
7.626936442945662087e+00 5.090011318803262000e-05 1.145062000000000000e+06
7.639200863715046808e+00 5.069261041119046084e-05 1.135518000000000000e+06
7.651464465780415836e+00 5.047494514203828739e-05 1.133722000000000000e+06
7.663742199615411366e+00 5.026135127439132803e-05 1.125570000000000000e+06
7.676018461909904111e+00 5.005548211719015872e-05 1.121032000000000000e+06
7.688277681363731020e+00 4.985018772915198555e-05 1.111578000000000000e+06
7.700552813331956514e+00 4.963670043505106198e-05 1.110370000000000000e+06
7.712841327547615755e+00 4.943528187834887901e-05 1.102594000000000000e+06
7.725115679677861280e+00 4.922640450155429443e-05 1.095120000000000000e+06
7.737377294768349678e+00 4.902361960985501588e-05 1.088182000000000000e+06
7.749648862533475402e+00 4.882193903093633435e-05 1.084686000000000000e+06
7.761924921547985967e+00 4.861595438377804240e-05 1.075606000000000000e+06
7.774188921740621261e+00 4.842040954159143606e-05 1.071370000000000000e+06
7.786454278984081157e+00 4.821632159891816433e-05 1.062492000000000000e+06
7.798729724903661342e+00 4.802019652423879497e-05 1.060702000000000000e+06
7.811006007363213932e+00 4.782427731830184842e-05 1.050174000000000000e+06
7.823272881866079942e+00 4.761997437631830396e-05 1.045918000000000000e+06
7.835543817082966100e+00 4.743222371652931312e-05 1.039026000000000000e+06
7.847819758291274539e+00 4.723850288086146171e-05 1.032862000000000000e+06
7.860089257915242378e+00 4.703412626688420012e-05 1.025860000000000000e+06
7.872351486015352506e+00 4.685551874812701891e-05 1.018710000000000000e+06
7.884626384621514106e+00 4.665861423762526007e-05 1.014568000000000000e+06
7.896910463695346216e+00 4.646245364562210815e-05 1.007796000000000000e+06
7.909185584936841984e+00 4.627756992286173626e-05 9.993400000000000000e+05
7.921449021407247493e+00 4.609611458040812314e-05 9.937800000000000000e+05
7.933712491448440929e+00 4.589971102367481525e-05 9.853000000000000000e+05
7.945991924520928507e+00 4.572033085465776714e-05 9.834640000000000000e+05
7.958263724947784112e+00 4.553228114723611102e-05 9.712140000000000000e+05
7.970528979543122894e+00 4.534356879575070947e-05 9.683560000000000000e+05
7.982814850276255036e+00 4.516526771258585625e-05 9.620400000000000000e+05
7.995091442562386241e+00 4.498568996720393249e-05 9.524620000000000000e+05
8.007352319016611375e+00 4.479429211773263688e-05 9.471100000000000000e+05
8.019627279175121970e+00 4.462773381038037126e-05 9.408420000000000000e+05
8.031903435627652854e+00 4.443986626746234368e-05 9.330760000000000000e+05
8.044177589960026964e+00 4.426563541035001147e-05 9.280620000000000000e+05
8.056443246154517013e+00 4.407669660108067482e-05 9.171520000000000000e+05
8.068702016722001602e+00 4.390992263627667387e-05 9.141240000000000000e+05
8.080979616769809581e+00 4.373652198695705188e-05 9.056920000000000000e+05
8.093253918379238243e+00 4.355445012387297241e-05 8.998600000000000000e+05
8.105526954068290379e+00 4.338177491893997377e-05 8.922480000000000000e+05
8.117799591180954621e+00 4.320863266338128888e-05 8.849020000000000000e+05
8.130070519226100245e+00 4.303931562567761109e-05 8.790780000000000000e+05
8.142347349886266628e+00 4.286939793110770120e-05 8.708860000000000000e+05
8.154613498189881682e+00 4.269064012343600764e-05 8.642460000000000000e+05
8.166891744956171095e+00 4.252828680327756886e-05 8.580640000000000000e+05
8.179177309500333948e+00 4.235283773416476349e-05 8.508160000000000000e+05
8.191440306992516796e+00 4.219380619616854006e-05 8.416440000000000000e+05
8.203698384183137904e+00 4.202240489479158909e-05 8.349700000000000000e+05
8.215976944299894669e+00 4.184886948768903170e-05 8.307180000000000000e+05
8.228243446586366971e+00 4.169409727958455891e-05 8.187820000000000000e+05
8.240504205918190550e+00 4.152278037052736662e-05 8.154840000000000000e+05
8.252785472848209736e+00 4.136988938738970020e-05 8.074600000000000000e+05
8.265065442812074892e+00 4.119138535904613870e-05 7.999360000000000000e+05
8.277324329252326862e+00 4.104367089838914371e-05 7.911960000000000000e+05
8.289585514935046362e+00 4.087402077354268488e-05 7.851280000000000000e+05
8.301876289419068300e+00 4.071439430017824565e-05 7.801680000000000000e+05
8.314155732114585362e+00 4.055192116897070418e-05 7.694320000000000000e+05
8.326420118621983946e+00 4.040441155059038149e-05 7.628980000000000000e+05
8.338685274282241267e+00 4.023171242026153866e-05 7.556700000000000000e+05
8.350960295863657734e+00 4.008882806753485647e-05 7.480840000000000000e+05
8.363227371463903381e+00 3.991287654781570888e-05 7.408020000000000000e+05
8.375495150013193779e+00 3.977124944241538162e-05 7.328140000000000000e+05
8.387774453438462174e+00 3.960894856137180830e-05 7.269300000000000000e+05
8.400050279144005927e+00 3.945980471644410458e-05 7.179880000000000000e+05
8.412323897445121546e+00 3.930758089720811093e-05 7.106380000000000000e+05
8.424591653278149295e+00 3.914877594759758977e-05 7.032900000000000000e+05
8.436851522422974980e+00 3.900173021922813063e-05 6.936700000000000000e+05
8.449126168249581070e+00 3.884977363657958309e-05 6.897900000000000000e+05
8.461409466866058438e+00 3.868903276793533955e-05 6.799720000000000000e+05
8.473680557849798234e+00 3.854153474484702451e-05 6.721320000000000000e+05
8.485955758068611132e+00 3.840263114694526320e-05 6.659740000000000000e+05
8.498224021861652488e+00 3.824565290083181880e-05 6.549880000000000000e+05
8.510487716422499460e+00 3.809540610284107307e-05 6.507840000000000000e+05
8.522772165951511880e+00 3.795855129916291481e-05 6.413980000000000000e+05
8.535053551330060273e+00 3.779829348949162031e-05 6.342960000000000000e+05
8.547317518097319322e+00 3.765972440490856951e-05 6.247360000000000000e+05
8.559569055920173142e+00 3.750756270105825972e-05 6.167760000000000000e+05
8.571845654644560497e+00 3.737018866260486267e-05 6.119020000000000000e+05
8.584118547479452133e+00 3.720737120031335080e-05 6.003820000000000000e+05
8.596382739027404796e+00 3.708321339623735051e-05 5.949300000000000000e+05
8.608649228704134515e+00 3.693208170952601131e-05 5.857120000000000000e+05
8.620929418330351979e+00 3.678752147275218527e-05 5.787780000000000000e+05
8.633209303777858779e+00 3.664840034173080048e-05 5.710660000000000000e+05
8.645469357428481771e+00 3.650667935774390096e-05 5.599180000000000000e+05
8.657746042272750131e+00 3.636387178475787872e-05 5.570520000000000000e+05
8.670026156296621878e+00 3.622052971315656007e-05 5.439400000000000000e+05
8.682297151046071804e+00 3.608520542347796924e-05 5.393460000000000000e+05
8.694564924638441994e+00 3.593765173979968655e-05 5.287960000000000000e+05
8.706838868613887783e+00 3.580704111472987074e-05 5.220780000000000000e+05
8.719120119322299800e+00 3.565661664853498805e-05 5.141980000000000000e+05
8.731387104587362558e+00 3.553399127877952666e-05 5.037100000000000000e+05
8.743648523961962127e+00 3.537924762468388167e-05 4.976520000000000000e+05
8.755929668290336920e+00 3.525326520470660723e-05 4.889080000000000000e+05
8.768209632129938313e+00 3.510858517935623509e-05 4.802880000000000000e+05
8.780467014976435891e+00 3.496869306428728363e-05 4.715380000000000000e+05
8.792716646247644263e+00 3.484745327432498896e-05 4.623600000000000000e+05
8.804990552495517875e+00 3.469344547782323075e-05 4.569760000000000000e+05
8.817278224909140150e+00 3.456885845476284695e-05 4.463980000000000000e+05
8.829538855554407206e+00 3.442522298829218177e-05 4.383120000000000000e+05
8.841804262617491972e+00 3.429219805834349857e-05 4.301560000000000000e+05
8.854088059785766518e+00 3.416028934475723138e-05 4.220880000000000000e+05
8.866365214578202369e+00 3.401744298750609621e-05 4.131460000000000000e+05
8.878627275129836960e+00 3.389642727088950871e-05 4.040560000000000000e+05
8.890896397550831054e+00 3.379009025790760679e-05 3.966450000000000000e+05
8.903187591580362437e+00 3.369631023386937318e-05 3.892900000000000000e+05
8.915455983161111320e+00 3.357034268911482253e-05 3.802770000000000000e+05
8.927709519791491743e+00 3.346852175942778942e-05 3.740800000000000000e+05
8.939989879201259981e+00 3.334704126275014527e-05 3.678570000000000000e+05
8.952271999783864231e+00 3.322465760312555080e-05 3.605980000000000000e+05
8.964540853524345820e+00 3.311970954231091866e-05 3.541540000000000000e+05
8.976809101527353008e+00 3.300117929976932493e-05 3.478350000000000000e+05
8.989080225777927424e+00 3.288885290907962668e-05 3.415870000000000000e+05
9.001360614975869368e+00 3.276219656313933675e-05 3.362760000000000000e+05
9.013628215818087597e+00 3.264719649774461063e-05 3.289840000000000000e+05
9.025896392635795351e+00 3.253989401808299488e-05 3.245970000000000000e+05
9.038179675739989705e+00 3.241842294010597919e-05 3.181960000000000000e+05
9.050449517051912807e+00 3.230571409479358793e-05 3.126610000000000000e+05
9.062703135483113570e+00 3.219247110311406526e-05 3.065010000000000000e+05
9.074964961692879584e+00 3.208129236767657069e-05 3.021610000000000000e+05
9.087254323695255209e+00 3.196918715743849831e-05 2.970210000000000000e+05
9.099527913664491763e+00 3.184450618363870761e-05 2.910610000000000000e+05
9.111784404433924678e+00 3.174244573080207586e-05 2.861100000000000000e+05
9.124063819746693227e+00 3.162611442229738005e-05 2.816890000000000000e+05
9.136356155726907957e+00 3.150992276327107357e-05 2.767660000000000000e+05
9.148620507313745875e+00 3.140201185913341460e-05 2.707740000000000000e+05
9.160876291938610194e+00 3.128980157016138626e-05 2.667940000000000000e+05
9.173170450676668253e+00 3.118610838416864024e-05 2.626620000000000000e+05
9.185440350095079864e+00 3.106788823680702884e-05 2.565220000000000000e+05
9.197674161800641457e+00 3.096389151850325536e-05 2.521060000000000000e+05
9.209944599127076970e+00 3.086245129660490101e-05 2.489100000000000000e+05
9.222234992744009929e+00 3.074709390667841542e-05 2.437780000000000000e+05
9.234498168615418834e+00 3.062905524033264742e-05 2.392110000000000000e+05
9.246752780042326592e+00 3.052515593420208429e-05 2.348620000000000000e+05
9.259037156434654747e+00 3.041819997705901682e-05 2.316150000000000000e+05
9.271318350907318262e+00 3.031151486279309404e-05 2.263180000000000000e+05
9.283583476701339876e+00 3.020498658921130848e-05 2.227630000000000000e+05
9.295857210673403870e+00 3.010333579528232009e-05 2.185860000000000000e+05
9.308129681401091204e+00 2.999115695261856678e-05 2.143990000000000000e+05
9.320409143058975943e+00 2.989068264680413232e-05 2.109150000000000000e+05
9.332685724653499548e+00 2.979006019651618575e-05 2.065420000000000000e+05
9.344943030082799140e+00 2.968134707702723665e-05 2.026110000000000000e+05
9.357240832438430189e+00 2.957530007294883681e-05 1.999990000000000000e+05
9.369539155676596565e+00 2.947786977068148512e-05 1.951330000000000000e+05
9.381778960346688123e+00 2.935686461743647942e-05 1.908990000000000000e+05
9.394040723783835034e+00 2.926770982864354580e-05 1.884550000000000000e+05
9.406338508958207001e+00 2.916364011303142312e-05 1.845510000000000000e+05
9.418611798190426043e+00 2.906042876281603957e-05 1.807750000000000000e+05
9.430853043411074665e+00 2.895910308774947607e-05 1.767510000000000000e+05
9.443145181565174795e+00 2.884810075100236815e-05 1.750390000000000000e+05
9.455452451282019055e+00 2.875508004964162336e-05 1.703350000000000000e+05
9.467696108335937666e+00 2.866405226642465995e-05 1.666830000000000000e+05
9.479945563518231921e+00 2.856348315427618766e-05 1.639390000000000000e+05
9.492244411686275640e+00 2.845631850710409367e-05 1.611630000000000000e+05
9.504520706507847194e+00 2.836039973354333030e-05 1.569790000000000000e+05
9.516771535682037708e+00 2.825421926370202063e-05 1.542790000000000000e+05
9.529051214352033838e+00 2.815912513015267493e-05 1.513560000000000000e+05
9.541349761989566858e+00 2.806288365410501055e-05 1.483510000000000000e+05
9.553614511585660551e+00 2.795792624971206867e-05 1.445190000000000000e+05
9.565852505371527315e+00 2.786682595070616211e-05 1.418110000000000000e+05
9.578130536320831112e+00 2.777516548372401824e-05 1.394040000000000000e+05
9.590421598058176400e+00 2.767810752699848302e-05 1.361050000000000000e+05
9.602685914288876745e+00 2.758148786057721877e-05 1.331320000000000000e+05
9.614937394916179159e+00 2.747270905815260317e-05 1.302510000000000000e+05
9.627210288002249428e+00 2.737639525691370281e-05 1.277710000000000000e+05
9.639520429969216764e+00 2.729181905755267390e-05 1.254000000000000000e+05
9.651793971295985486e+00 2.720102472545926541e-05 1.216630000000000000e+05
9.664020751487894856e+00 2.710400860459468437e-05 1.192080000000000000e+05
9.676318357831698691e+00 2.701388347150680491e-05 1.174270000000000000e+05
9.688615419394409400e+00 2.690653267056720030e-05 1.139920000000000000e+05
9.700826577396394867e+00 2.681698226855472157e-05 1.108470000000000000e+05
9.713080895293627393e+00 2.672062954772739309e-05 1.096600000000000000e+05
9.725420175656996236e+00 2.663657802791062488e-05 1.070790000000000000e+05
9.737699379551500556e+00 2.652934190335561271e-05 1.037440000000000000e+05
9.749902316070345520e+00 2.646270839304302184e-05 1.011150000000000000e+05
9.762190598275241271e+00 2.636326138994882098e-05 1.001380000000000000e+05
9.774524678918144360e+00 2.626303709092617846e-05 9.700300000000000000e+04
9.786774718166423526e+00 2.616228029476572466e-05 9.429600000000000000e+04
9.798978964262767377e+00 2.607931654366236441e-05 9.179200000000000000e+04
9.811278153824439130e+00 2.599143588788878757e-05 9.093900000000000000e+04
9.823611081190524175e+00 2.590533529357809912e-05 8.782000000000000000e+04
9.835856276531492526e+00 2.582008588176325911e-05 8.539600000000000000e+04
9.848110679020482650e+00 2.572382539245993030e-05 8.367900000000000000e+04
9.860407726310109311e+00 2.561372900900580447e-05 8.142400000000000000e+04
9.872697502788055246e+00 2.554352023126527517e-05 7.946400000000000000e+04
9.884901386356604647e+00 2.544046251741597880e-05 7.632700000000000000e+04
9.897163696785352016e+00 2.537745701123171575e-05 7.603200000000000000e+04
9.909521583262559830e+00 2.530093451827781023e-05 7.331800000000000000e+04
9.921769391384721359e+00 2.516681322860625736e-05 7.085200000000000000e+04
9.933970688566546414e+00 2.508711220246234353e-05 6.908700000000000000e+04
9.946258064394848830e+00 2.500448133224735447e-05 6.776800000000000000e+04
9.958599462316573891e+00 2.492409718439290205e-05 6.583200000000000000e+04
9.970855893410924153e+00 2.483380571655463646e-05 6.328000000000000000e+04
9.983056790183725937e+00 2.477836213457941953e-05 6.172800000000000000e+04
9.995367888381297306e+00 2.464081491761191127e-05 6.055900000000000000e+04
1.000768738160844862e+01 2.457397849177007208e-05 5.830000000000000000e+04
1.001992026626095900e+01 2.446882280909971387e-05 5.640000000000000000e+04
1.003216794116962340e+01 2.441281477152790457e-05 5.504800000000000000e+04
1.004452693104755490e+01 2.432477990981974609e-05 5.377200000000000000e+04
1.005681714461683995e+01 2.422997674612878313e-05 5.126200000000000000e+04
1.006892554656264416e+01 2.411126715103627485e-05 4.921600000000000000e+04
1.008118070553574341e+01 2.406252949454617453e-05 4.914300000000000000e+04
1.009358725292190506e+01 2.397080002779879558e-05 4.714000000000000000e+04
1.010587104414638482e+01 2.389830365662129198e-05 4.522800000000000000e+04
1.011803675936291569e+01 2.379500999198112457e-05 4.344400000000000000e+04
1.013033026673756787e+01 2.369764070309485400e-05 4.296000000000000000e+04
1.014269234577691492e+01 2.361510547935122934e-05 4.097200000000000000e+04
1.015492092078972242e+01 2.353235211102154748e-05 3.934000000000000000e+04
1.016713729606320626e+01 2.346644921606941110e-05 3.819600000000000000e+04
1.017948237709778603e+01 2.339069219964179063e-05 3.715000000000000000e+04
1.019180021159561988e+01 2.325235893417693315e-05 3.541200000000000000e+04
1.020392951519547431e+01 2.317148018324636439e-05 3.359200000000000000e+04
1.021616725130168390e+01 2.310318661617182814e-05 3.342000000000000000e+04
1.022862642492139962e+01 2.305707948426163363e-05 3.200800000000000000e+04
1.024089215827277499e+01 2.292614866521031024e-05 3.006400000000000000e+04
1.025291694566059597e+01 2.281503225409950477e-05 2.863200000000000000e+04
1.026520901902015304e+01 2.274779211874576308e-05 2.878000000000000000e+04
1.027774478013064297e+01 2.267063942521677650e-05 2.730000000000000000e+04
1.028999562177447658e+01 2.265098109354701173e-05 2.534200000000000000e+04
1.030201604229439916e+01 2.244078441641694831e-05 2.437200000000000000e+04
1.031435652991144458e+01 2.240988433493153854e-05 2.419600000000000000e+04
1.032681180668896559e+01 2.230394711505712723e-05 2.267200000000000000e+04
1.033902804527374286e+01 2.223039670108969105e-05 2.136000000000000000e+04
1.035115232939432417e+01 2.218934711078266638e-05 2.046400000000000000e+04
1.036349894605856825e+01 2.202571575789544783e-05 1.990800000000000000e+04
1.037588421463306432e+01 2.192415016183480182e-05 1.872400000000000000e+04
1.038798852119735550e+01 2.183934530989001838e-05 1.733200000000000000e+04
1.040024031861292819e+01 2.190346593444034607e-05 1.728600000000000000e+04
1.041275436944961896e+01 2.162678067020300812e-05 1.613200000000000000e+04
1.042497407594987990e+01 2.152492256513414287e-05 1.490400000000000000e+04
1.043688514148603197e+01 2.143774404332440383e-05 1.390000000000000000e+04
1.044935675725634461e+01 2.149993604415380727e-05 1.434000000000000000e+04
1.046202492686499674e+01 2.132689672393664731e-05 1.269700000000000000e+04
1.047400755602441436e+01 2.110263209143952860e-05 1.157200000000000000e+04
1.048587736115725910e+01 2.106552684743155210e-05 1.116000000000000000e+04
1.049857448827671291e+01 2.108845272221513960e-05 1.133200000000000000e+04
1.051126949813551903e+01 2.100943606132471878e-05 9.726000000000000000e+03
1.052285357494718276e+01 2.058551838449956508e-05 8.536000000000000000e+03
1.053473958593998283e+01 2.064748493302801601e-05 8.904000000000000000e+03
1.054774640839725741e+01 2.065375629984772700e-05 8.596000000000000000e+03
1.056046301500879103e+01 2.064528222242908786e-05 7.261000000000000000e+03
1.057159311026059711e+01 2.000463964923948333e-05 5.988000000000000000e+03
1.058363531105575461e+01 2.026978695991179551e-05 6.928000000000000000e+03
1.059705194212168777e+01 2.021231699493859809e-05 6.276000000000000000e+03
1.060979978027766535e+01 2.019294172220662329e-05 5.122000000000000000e+03
1.062040978823683268e+01 1.919813446115021326e-05 4.020000000000000000e+03
1.063264532034351184e+01 1.978473228215023026e-05 5.029000000000000000e+03
1.064639355798109399e+01 1.971876387889348215e-05 4.324000000000000000e+03
1.065914783282394751e+01 1.976182182706187398e-05 3.336000000000000000e+03
1.066936572292022767e+01 1.839360365573448406e-05 2.620000000000000000e+03
1.068170620224867839e+01 1.906367065186304744e-05 3.252000000000000000e+03
1.069565962972710516e+01 1.901001697436819257e-05 2.773000000000000000e+03
1.070841589004406558e+01 1.917997887643883018e-05 1.894000000000000000e+03
1.071820782228195412e+01 1.745373869361269105e-05 1.608000000000000000e+03
1.073084821288305868e+01 1.814836196579515954e-05 1.852000000000000000e+03
1.074490521681495281e+01 1.780296620059442978e-05 1.524000000000000000e+03
1.075610977084585684e+01 1.773237306238826863e-05 6.970000000000000000e+02
1.076616800791103223e+01 1.699667623090616580e-05 1.044000000000000000e+03
1.078006945972073360e+01 1.662525101499996163e-05 8.440000000000000000e+02
1.079413804415958822e+01 1.594299842769600272e-05 6.280000000000000000e+02
1.080500523918458633e+01 1.528282271824593015e-05 2.430000000000000000e+02
1.081522875784597382e+01 1.447450649520960468e-05 3.640000000000000000e+02
1.082926319626019129e+01 1.295433264060289140e-05 2.280000000000000000e+02
1.084324087403835257e+01 1.055077641907583736e-05 1.240000000000000000e+02
1.085447911459942816e+01 7.412785304371606528e-06 3.300000000000000000e+01
1.086383146309143832e+01 2.907171230097966474e-06 2.800000000000000000e+01
1.087748578188118032e+01 0.000000000000000000e+00 4.000000000000000000e+00
