1.738211204512761163e-02 2.619968579365656858e+00
2.945141206410798254e-02 2.142973813143643547e+00
4.189043426060978098e-02 1.539977490147457884e+00
5.436837606323070837e-02 1.217299388005183225e+00
6.709179474813181665e-02 1.041734178473309846e+00
7.906029034168161884e-02 8.640825408570309563e-01
9.134212390678685123e-02 6.712621741178559365e-01
1.036762740919000836e-01 5.340146125051220549e-01
1.161203638865397486e-01 4.653533730751429065e-01
1.284418929702930146e-01 4.216360339184397343e-01
1.405592391961615062e-01 3.677217758009794224e-01
1.528879143562413834e-01 3.062906995037485425e-01
1.654374846088009499e-01 2.590544555314193698e-01
1.776729443817273990e-01 2.330204409417249434e-01
1.898591782008197670e-01 2.154782610177683466e-01
2.021021650674771353e-01 1.947912951346534027e-01
2.143704059761030734e-01 1.709116032034902755e-01
2.266685746852545591e-01 1.506278014292642686e-01
2.389979880971628001e-01 1.368798465709986645e-01
2.513315027420615633e-01 1.271071059936816627e-01
2.635743834303616029e-01 1.173869322779529101e-01
2.757714049283470081e-01 1.067206279811666464e-01
2.881120323268035466e-01 9.665627235831920905e-02
3.003642817203516779e-01 8.883411775329219662e-02
3.126284332764821539e-01 8.280027173504250770e-02
3.249982808288275904e-01 7.725334490219806782e-02
3.373429099698267986e-01 7.161181037046636388e-02
3.495635283624552447e-01 6.622874195791204899e-02
3.617878412179377778e-01 6.157146895808614934e-02
3.739857115225381223e-01 5.768920575468803463e-02
3.863066258986853074e-01 5.418708957644206847e-02
3.986206606301063715e-01 5.084709992369913778e-02
4.109256578244661062e-01 4.765037639203824338e-02
4.232245655456485234e-01 4.471320913644610123e-02
4.354883510192325557e-01 4.213000336296171544e-02
4.477773618515445975e-01 3.978849991069615538e-02
4.599885903973864876e-01 3.764582771521348542e-02
4.722481765309811674e-01 3.558874014686222442e-02
4.845423032090063198e-01 3.367515063366988137e-02
4.967758419901825429e-01 3.191214046927105114e-02
5.090496726262303540e-01 3.030244339620880023e-02
5.213393459973235666e-01 2.881184035582348701e-02
5.336764515809359066e-01 2.739505092127407504e-02
5.460019077520040787e-01 2.607568644843608757e-02
5.582746788338668331e-01 2.483957573123749332e-02
5.704836588526608354e-01 2.369609259927686271e-02
5.827050628875978244e-01 2.263977994899557533e-02
5.949966261260961620e-01 2.163011599480214528e-02
6.072810970026001343e-01 2.068017106434702143e-02
6.195641138211566146e-01 1.979396842344719951e-02
6.318725909241229566e-01 1.895500142368948190e-02
6.441734965778191935e-01 1.816279078957101084e-02
6.564797894961378333e-01 1.741974684195650089e-02
6.686914929796821117e-01 1.672749869000125789e-02
6.809527893726128323e-01 1.606582468905151315e-02
6.932444725786992556e-01 1.543550375483036807e-02
7.054525470905848028e-01 1.484442561239306124e-02
7.177279646031660132e-01 1.428724063306193587e-02
7.300093567625280944e-01 1.375748114408946628e-02
7.423152589350650032e-01 1.325163516672502907e-02
7.545976543671308878e-01 1.276984658186230796e-02
7.668242736309552887e-01 1.231403604951095826e-02
7.791532429173236851e-01 1.188068996759425108e-02
7.914205781278266238e-01 1.147129799394406777e-02
8.036946471889406807e-01 1.108071348726425397e-02
8.159793690377137310e-01 1.070607769082299911e-02
8.282032717995754245e-01 1.034979034650047522e-02
8.405128489456621388e-01 1.000740662466374081e-02
8.528044235981327992e-01 9.682240192048588781e-03
8.650383425504041268e-01 9.372795196153957398e-03
8.772723753339952690e-01 9.078510073676840375e-03
8.895340321420209806e-01 8.796753131511091117e-03
9.018817618365986277e-01 8.524041752806474706e-03
9.141883520666792551e-01 8.262830447023764013e-03
9.264619888246796719e-01 8.014070335040583692e-03
9.387414586625268953e-01 7.774850570340533298e-03
9.509803448018084859e-01 7.545125242096007052e-03
9.632221134977815291e-01 7.326263363773285325e-03
9.754896314977136162e-01 7.115649499844661253e-03
9.877264067106145129e-01 6.914499402149569020e-03
9.999851844861834538e-01 6.721864668018763707e-03
1.012329339168382747e+00 6.533597270107787194e-03
1.024626907347453875e+00 6.353898909343260598e-03
1.036866689471437342e+00 6.181865113957073742e-03
1.049135487527864008e+00 6.014584584947482715e-03
1.061441354492477229e+00 5.854394164501971684e-03
1.073716958242755926e+00 5.698739466036654121e-03
1.085925311725509657e+00 5.550620612581338119e-03
1.098213833495794933e+00 5.406468430549016789e-03
1.110549154774624014e+00 5.267102100952561483e-03
1.122813426886622556e+00 5.134701490485330498e-03
1.135068430671317463e+00 5.006003610468131963e-03
1.147342703947374032e+00 4.882853463107393946e-03
1.159604759492050663e+00 4.762357591586842930e-03
1.171869554121423906e+00 4.647382959962893280e-03
1.184117043636903954e+00 4.534763909186169742e-03
1.196380808473640034e+00 4.427143105126875658e-03
1.208687090056549174e+00 4.321204251525471822e-03
1.220959130578168628e+00 4.220262551278407270e-03
1.233208524119171701e+00 4.121403714993695372e-03
1.245508543932532852e+00 4.026500300442195993e-03
1.257784757305784762e+00 3.933547090011949195e-03
1.270055775740428938e+00 3.844929693878220475e-03
1.282341075690068832e+00 3.757803400952751567e-03
1.294603412909409723e+00 3.675316761183380302e-03
1.306872192362329876e+00 3.593951077223461743e-03
1.319154366677192103e+00 3.516258545157479459e-03
1.331413222210922065e+00 3.439624800601239017e-03
1.343670459103085024e+00 3.366539988809765828e-03
1.355926661325111748e+00 3.294361011431773921e-03
1.368198362306287663e+00 3.225176052282002249e-03
1.380493198358981433e+00 3.157105853472569855e-03
1.392777181745514348e+00 3.091349426385034231e-03
1.405062196910951799e+00 3.027541434836954117e-03
1.417350389671748312e+00 2.964906877915388615e-03
1.429619703122777752e+00 2.905035373799515035e-03
1.441896130395259989e+00 2.845636582666222474e-03
1.454153528625109715e+00 2.789119092789388212e-03
1.466381113760885535e+00 2.733292917886937044e-03
1.478663798537000362e+00 2.679657667504743105e-03
1.490945590056615089e+00 2.627665242564914717e-03
1.503215467901839242e+00 2.576519691222884257e-03
1.515506856276889414e+00 2.527564792329975440e-03
1.527798704103739080e+00 2.478846901439660591e-03
1.540100615359619285e+00 2.432182435011780684e-03
1.552323594607271318e+00 2.386646355665406061e-03
1.564549078286756156e+00 2.341903273055234019e-03
1.576828957669637710e+00 2.298910123859292977e-03
1.589107367637560886e+00 2.256066594490290476e-03
1.601397118763717042e+00 2.214953620514355584e-03
1.613662668137236356e+00 2.174773077651710653e-03
1.625956510086740581e+00 2.134957230777765648e-03
1.638273353518620468e+00 2.096935036628964910e-03
1.650514624911034955e+00 2.059343120505609769e-03
1.662750613141406264e+00 2.022829916361375963e-03
1.675038763356534233e+00 1.987459836805633914e-03
1.687316157434399555e+00 1.952198509348946958e-03
1.699577919034019002e+00 1.918709918498568215e-03
1.711844019198244693e+00 1.885935250815906497e-03
1.724121889976205191e+00 1.853376202893151827e-03
1.736393169926629509e+00 1.822426921799363223e-03
1.748649316593648084e+00 1.791802840208267869e-03
1.760929058575410933e+00 1.761543028927896933e-03
1.773209682934749454e+00 1.732666080202014194e-03
1.785496948406629647e+00 1.703882682175933460e-03
1.797779508081463584e+00 1.675677761361925745e-03
1.810045833062560616e+00 1.648707030362253417e-03
1.822328995141098806e+00 1.621736863364952154e-03
1.834622279524171340e+00 1.595379990283014079e-03
1.846870127325623168e+00 1.570162923681734778e-03
1.859113337231853569e+00 1.544971008802427121e-03
1.871369828971394922e+00 1.520355309456880620e-03
1.883662336941608340e+00 1.496644791124255181e-03
1.895967949490765081e+00 1.472921307904310421e-03
1.908218963624774167e+00 1.449811684802572139e-03
1.920473361096422416e+00 1.427656607256568184e-03
1.932728508001044121e+00 1.405523107478443348e-03
1.945011049581989448e+00 1.383732017382249650e-03
1.957297342392070760e+00 1.363020286823819630e-03
1.969540729633649123e+00 1.342444542087718609e-03
1.981824563452103227e+00 1.322006872465228888e-03
1.994126144882194751e+00 1.302595202460713700e-03
2.006394537955421775e+00 1.283384886859679488e-03
2.018670334343899864e+00 1.264220117814020836e-03
2.030952316497373289e+00 1.245907834364978458e-03
2.043216798362256004e+00 1.227912046433264409e-03
2.055475510122651617e+00 1.209924740338673421e-03
2.067735799890346726e+00 1.192507730198666058e-03
2.080008516254567397e+00 1.175636250072753823e-03
2.092298443663116014e+00 1.158741102741931740e-03
2.104578287136098957e+00 1.142077915520956595e-03
2.116845418601210227e+00 1.126212422157395979e-03
2.129117295843077962e+00 1.110410418752360955e-03
2.141386119469398608e+00 1.094633336285250969e-03
2.153674144242317734e+00 1.079497580767971700e-03
2.165943509394002930e+00 1.064702580587162817e-03
2.178174723454857631e+00 1.049953582650951745e-03
2.190433903448424591e+00 1.035399706362086225e-03
2.202719931868166281e+00 1.021484572466435170e-03
2.215018711620012848e+00 1.007598150006030124e-03
2.227273593520805672e+00 9.937684279500054191e-04
2.239529706996110647e+00 9.805045207129413961e-04
2.251840710091987496e+00 9.675386261966616814e-04
2.264119014215441705e+00 9.546071664739217821e-04
2.276384279003433875e+00 9.417972270026298779e-04
2.288658423418587606e+00 9.296718512980177256e-04
2.300952091017892887e+00 9.176516839704890920e-04
2.313218143961406348e+00 9.056585225622052534e-04
2.325458350675993380e+00 8.939121879425543848e-04
2.337719218738625759e+00 8.826626398519195902e-04
2.350003147866706943e+00 8.714135472329113561e-04
2.362279058175797530e+00 8.601717994855979108e-04
2.374538937598235311e+00 8.492803466463157104e-04
2.386816000033005647e+00 8.387519198659128174e-04
2.399102824518786203e+00 8.282154300696591229e-04
2.411392629484657046e+00 8.176799916476858165e-04
2.423637270133701449e+00 8.075794027854452974e-04
2.435888431421263434e+00 7.977429059218682766e-04
2.448174802894025337e+00 7.878781399668485438e-04
2.460449199376890217e+00 7.780305016805418115e-04
2.472719088229479834e+00 7.685834502105484039e-04
2.484992831186476625e+00 7.593583586116696730e-04
2.497273806662959394e+00 7.501278314430215918e-04
2.509544184074824269e+00 7.409102608370892384e-04
2.521827062063934477e+00 7.320460255555765123e-04
2.534112812322843578e+00 7.234034038445264631e-04
2.546370817755073013e+00 7.147803038271626852e-04
2.558627656962102925e+00 7.061581570898685899e-04
2.570901337570405953e+00 6.978171974522731635e-04
2.583177336304471883e+00 6.897419399652650286e-04
2.595440486720578921e+00 6.816751365820634435e-04
2.607704762491110717e+00 6.736075921755682420e-04
2.620001080686306771e+00 6.657311673092368041e-04
2.632286922231434456e+00 6.582482631170192243e-04
2.644534427140472932e+00 6.507970466675833685e-04
2.656802040265521470e+00 6.433335960621029432e-04
2.669073687515052029e+00 6.359427670416244616e-04
2.681350663644082921e+00 6.289040173432600828e-04
2.693623847875446398e+00 6.219128582334995312e-04
2.705878137328059818e+00 6.149324615101789231e-04
2.718161480124765106e+00 6.079449115018434237e-04
2.730438457898014093e+00 6.012572461747870507e-04
2.742710787932656658e+00 5.947137439143072943e-04
2.754989883536780759e+00 5.881666311374005810e-04
2.767261470157902359e+00 5.816235208785958686e-04
2.779527771137290770e+00 5.752040672941960983e-04
2.791792657323202587e+00 5.690718054988277812e-04
2.804076091151673555e+00 5.629422871015465077e-04
2.816361645196279184e+00 5.568117118975523475e-04
2.828620519698351377e+00 5.507042733163096393e-04
2.840883569190919111e+00 5.448602223467861492e-04
2.853162813112358975e+00 5.391265677098025771e-04
2.865450010721949603e+00 5.333892000075441623e-04
2.877720591785824400e+00 5.276595892288719501e-04
2.889980478242957229e+00 5.220015097884569098e-04
2.902258175496396753e+00 5.166084785874627350e-04
2.914518854472965437e+00 5.112524908112223024e-04
2.926762721606932960e+00 5.059038445064668573e-04
2.939034749745344843e+00 5.005428971133427931e-04
2.951320369754638406e+00 4.953101585417477633e-04
2.963597026501346932e+00 4.902914055218199124e-04
2.975876194561613453e+00 4.852740477725365803e-04
2.988160315109058551e+00 4.802546648608334344e-04
3.000449644660864834e+00 4.752341119696282820e-04
3.012716332634865157e+00 4.704330363019819015e-04
3.024968759761666348e+00 4.657977996759231896e-04
3.037252171006531665e+00 4.611508418478471984e-04
3.049526120964057618e+00 4.565074631149085489e-04
3.061775712289526830e+00 4.518772223347888688e-04
3.074050272894680358e+00 4.474330692960774587e-04
3.086335131672947263e+00 4.430943859598796670e-04
3.098604365236381053e+00 4.387612203433453721e-04
3.110859489026789326e+00 4.344330388396830628e-04
3.123137658326072597e+00 4.300999849975178793e-04
3.135433948671655369e+00 4.259361274790845488e-04
3.147695129457003915e+00 4.218841196179146146e-04
3.159956328254873270e+00 4.178321070869297983e-04
3.172232976043315666e+00 4.137749889274712164e-04
3.184501257851794165e+00 4.097208880769423077e-04
3.196775435955213851e+00 4.058066038922209353e-04
3.209044865222644205e+00 4.020131859575757282e-04
3.221307079525221884e+00 3.982219995468535244e-04
3.233581408312706795e+00 3.944270657874329928e-04
3.245858629450829369e+00 3.906312380306550900e-04
3.258143378674136947e+00 3.869186264007871815e-04
3.270410557577971389e+00 3.833677227873808543e-04
3.282661665213619351e+00 3.798248581157135924e-04
3.294949090802971714e+00 3.762714908022677133e-04
3.307244200655479638e+00 3.727159009954242362e-04
3.319496480125943449e+00 3.692036012520744635e-04
3.331765223362041173e+00 3.658592440775261566e-04
3.344051721244690523e+00 3.625364954359706232e-04
3.356325050698430346e+00 3.592173093813480142e-04
3.368596307392438316e+00 3.558986829310829955e-04
3.380854472437640812e+00 3.525846679959600033e-04
3.393138905317619081e+00 3.493906826843203028e-04
3.405406306535367467e+00 3.462887091022326500e-04
3.417657680989456548e+00 3.431907883059192384e-04
3.429938663402217092e+00 3.400853802154392728e-04
3.442214032587430417e+00 3.369813920364324832e-04
3.454484843056887300e+00 3.339145522326289169e-04
3.466756647980139938e+00 3.310135670927194193e-04
3.479034376591896738e+00 3.281319804406954881e-04
3.491307566462293899e+00 3.252514596441314926e-04
3.503582350785310773e+00 3.223705620275583278e-04
3.515849804558033309e+00 3.194913866638255588e-04
3.528113199069885297e+00 3.166993382160964441e-04
3.540379188868042704e+00 3.140204514051223527e-04
3.552650333566175433e+00 3.113409574069263730e-04
3.564930099127972429e+00 3.086595804801461288e-04
3.577201769827548006e+00 3.059799706458023465e-04
3.589475285534829307e+00 3.033025745347474995e-04
3.601759315099353209e+00 3.007345629324393080e-04
3.614032945244215256e+00 2.982278385494300642e-04
3.626301000303521871e+00 2.957222522258991823e-04
3.638569887417207216e+00 2.932164972275377954e-04
3.650838632506976822e+00 2.907107713310427789e-04
3.663120446880168135e+00 2.882099658048254288e-04
3.675392231131059617e+00 2.858269386036921484e-04
3.687654129504458478e+00 2.834849971930449063e-04
3.699910200907845059e+00 2.811441679419374737e-04
3.712192899007472846e+00 2.787982546059365090e-04
3.724479589655305123e+00 2.764515765952263037e-04
3.736733640063575113e+00 2.741187840828965445e-04
3.749005728100832435e+00 2.718917204422079690e-04
3.761283023631708744e+00 2.696991708283046074e-04
3.773563485184610933e+00 2.675060552077100228e-04
3.785825516964203885e+00 2.653162321718542573e-04
3.798082802949320325e+00 2.631272553459738472e-04
3.810363893373462041e+00 2.609371800398097062e-04
3.822645720709119566e+00 2.588421704980258670e-04
3.834921229715159363e+00 2.567926840337968804e-04
3.847188317665898971e+00 2.547446031511939736e-04
3.859469575550916964e+00 2.526941569171307412e-04
3.871753985767769191e+00 2.506431840271222547e-04
3.884018640962858981e+00 2.485955085770339486e-04
3.896281982801185872e+00 2.466127067537944887e-04
3.908553995714485030e+00 2.446976866587242841e-04
3.920819940236625278e+00 2.427836318135892090e-04
3.933080957844246495e+00 2.408703455814777572e-04
3.945346259001160760e+00 2.389563912946443579e-04
3.957637313618597830e+00 2.370384179578366511e-04
3.969923042548726411e+00 2.351476295389975956e-04
3.982175629228108971e+00 2.333594371446304032e-04
3.994441680205387257e+00 2.315784256637649214e-04
4.006728047574338980e+00 2.297944648137056618e-04
4.019004858472411179e+00 2.280118911671298327e-04
4.031277336217974572e+00 2.262299465234232708e-04
4.043554573420149012e+00 2.244487426146636946e-04
4.055839410316336213e+00 2.227480018479743721e-04
4.068096764528600140e+00 2.210981435001338165e-04
4.080340929220048984e+00 2.194500610878309687e-04
4.092625520834049624e+00 2.177965368546671665e-04
4.104896838065174691e+00 2.161447993758827712e-04
4.117161186094653758e+00 2.144940000074174302e-04
4.129437242236893013e+00 2.128569553757473818e-04
4.141704639004231581e+00 2.113012558830527584e-04
4.153978514844194336e+00 2.097563148499689747e-04
4.166254106252230471e+00 2.082111577196150401e-04
4.178538610145275278e+00 2.066648789335013778e-04
4.190814707343741397e+00 2.051196577732340731e-04
4.203073452331837601e+00 2.035766212884677114e-04
4.215351491768677406e+00 2.020627728416898459e-04
4.227627847837150732e+00 2.006159849449495370e-04
4.239903836936770531e+00 1.991714363813712452e-04
4.252176174544948672e+00 1.977273182235969682e-04
4.264429117117187751e+00 1.962854819281707730e-04
4.276699880393182163e+00 1.948415482395689095e-04
4.288984777500015610e+00 1.933959513430782767e-04
4.301255117606400447e+00 1.919913994565211363e-04
4.313518958654457336e+00 1.906422221203623137e-04
4.325790419391779551e+00 1.892925460856107074e-04
4.338071573855772911e+00 1.879418036306091430e-04
4.350337804712862244e+00 1.865927028724609902e-04
4.362611775147850146e+00 1.852427508527211574e-04
4.374889726767814402e+00 1.838923610653276546e-04
4.387156715049502331e+00 1.825786920136833621e-04
4.399426645293336158e+00 1.813170657154769907e-04
4.411686492803647219e+00 1.800569486977550372e-04
4.423963183132842758e+00 1.787951008912519620e-04
4.436231333416778000e+00 1.775341308970414679e-04
4.448504024620786090e+00 1.762726940637318845e-04
4.460786102766904904e+00 1.750102920293133491e-04
4.473052605097511680e+00 1.737720440705097359e-04
4.485333680898416553e+00 1.725897845452829707e-04
4.497601237084061232e+00 1.714116440183786135e-04
4.509866070174105346e+00 1.702337654029082304e-04
4.522145635346641157e+00 1.690544716489771147e-04
4.534428519381624945e+00 1.678748588802466671e-04
4.546703018242844507e+00 1.666960516952426007e-04
4.558957625766161925e+00 1.655266996889275248e-04
4.571226642211251523e+00 1.644149337612467248e-04
4.583509777054324275e+00 1.633144008081723931e-04
4.595790059827854712e+00 1.622141238392592842e-04
4.608061949813968106e+00 1.611145981870504469e-04
4.620318584818105201e+00 1.600164397012031217e-04
4.632589805876371258e+00 1.589169742356741160e-04
4.644869853213136501e+00 1.578167182399840027e-04
4.657136883942349925e+00 1.567587412525934371e-04
4.669407249318447306e+00 1.557431316985388367e-04
4.681668364815647188e+00 1.547282897000241421e-04
4.693936637293424141e+00 1.537128557672642025e-04
4.706220932875434748e+00 1.526960953053968105e-04
4.718499554358994708e+00 1.516798050446862916e-04
4.730782650520382937e+00 1.506631438657425517e-04
4.743047316918455714e+00 1.496531500265318592e-04
4.755307692139830955e+00 1.486925116264483932e-04
4.767583057675158109e+00 1.477428566174861962e-04
4.779863394372367402e+00 1.467928172908679037e-04
4.792132641916739821e+00 1.458436357169052980e-04
4.804399941113462802e+00 1.448946045839809001e-04
4.816678316286075123e+00 1.439447170092720402e-04
4.828949285393635549e+00 1.429954021917289589e-04
4.841208182326298903e+00 1.420599148505903738e-04
4.853478345205306077e+00 1.411687885711803065e-04
4.865760528755814995e+00 1.402807045416991838e-04
4.878024554178364447e+00 1.393939336527646371e-04
4.890296377151694962e+00 1.385065990333305807e-04
4.902574231215205636e+00 1.376188280934803393e-04
4.914845323572139435e+00 1.367315463561721259e-04
4.927125567488364055e+00 1.358436028027750560e-04
4.939397986818531372e+00 1.349722118257731167e-04
4.951664280457524825e+00 1.341414899530171245e-04
4.963940592502508409e+00 1.333120207468981911e-04
4.976216953277528887e+00 1.324825480991570536e-04
4.988477996474629528e+00 1.316541105087238998e-04
5.000736047494441117e+00 1.308258754385471703e-04
5.013022640065464053e+00 1.299957116599581141e-04
5.025302982194676638e+00 1.291659698099904938e-04
5.037566103908967641e+00 1.283499562228613503e-04
5.049844207396282592e+00 1.275721512812474077e-04
5.062119542870266109e+00 1.267973286728735574e-04
5.074383105131830440e+00 1.260232480454104742e-04
5.086641552088245533e+00 1.252494919913321617e-04
5.098920420017480026e+00 1.244744461225218602e-04
5.111195199258650845e+00 1.236996582110059183e-04
5.123449562989547346e+00 1.229261590986587894e-04
5.135725975397288146e+00 1.221565322248071141e-04
5.148005044968195776e+00 1.214249700559677037e-04
5.160275585351876693e+00 1.207015660197531033e-04
5.172546707875350869e+00 1.199781277454335708e-04
5.184827951212304775e+00 1.192540924447602822e-04
5.197107563567055166e+00 1.185301537143726295e-04
5.209372262483340954e+00 1.178070939199368832e-04
5.221649174658606007e+00 1.170833140624229901e-04
5.233932550562378161e+00 1.163592603125949678e-04
5.246207608362158936e+00 1.156626054766960073e-04
5.258474246095205196e+00 1.149872182854587210e-04
5.270738469237462809e+00 1.143119636813667584e-04
5.282999075966164249e+00 1.136369085077812608e-04
5.295265148876008077e+00 1.129615523864221580e-04
5.307538878972787089e+00 1.122857745500015426e-04
5.319816023849368136e+00 1.116098086808264671e-04
5.332106425194989008e+00 1.109331130332257540e-04
5.344371217832380339e+00 1.102644936366178424e-04
5.356624881905982072e+00 1.096351236965573405e-04
5.368905907939013566e+00 1.090105598486909675e-04
5.381178681067710912e+00 1.083864157933065798e-04
5.393451198524775059e+00 1.077622845264739987e-04
5.405726878719107731e+00 1.071379927447027694e-04
5.417999076018534588e+00 1.065138779006691408e-04
5.430270917047597123e+00 1.058897812092184104e-04
5.442534276784082969e+00 1.052661157288776442e-04
5.454800894502979780e+00 1.046550087724971669e-04
5.467077870139476659e+00 1.040715823509365435e-04
5.479355737083116296e+00 1.034891266598805256e-04
5.491631123293435834e+00 1.029067884625993354e-04
5.503885461799915113e+00 1.023254488907655895e-04
5.516150871778835452e+00 1.017435841955991138e-04
5.528443541640725378e+00 1.011604261937495091e-04
5.540720369487344144e+00 1.005780196897482432e-04
5.552988485023032439e+00 9.999602644107579244e-05
5.565261674970053640e+00 9.942850214060420036e-05
5.577534275054667035e+00 9.888429519375267198e-05
5.589802466245866519e+00 9.834057365109961468e-05
5.602075290374081362e+00 9.779664684632164687e-05
5.614350464861192158e+00 9.725261579340316353e-05
5.626623423538474000e+00 9.670868320627441480e-05
5.638893167212405189e+00 9.616489285697801825e-05
5.651161305429462267e+00 9.562117394374823783e-05
5.663425285909801765e+00 9.507763893449783688e-05
5.675691479571933762e+00 9.454527221087722191e-05
5.687971082709079695e+00 9.403609839518252390e-05
5.700246234071071783e+00 9.352787128414535075e-05
5.712517806570711620e+00 9.301979210421935885e-05
5.724796874665427637e+00 9.251140266729066062e-05
5.737066926053280724e+00 9.200338661664021170e-05
5.749336020301031525e+00 9.149541010651762426e-05
5.761614331000809663e+00 9.098705197014867211e-05
5.773882296547530046e+00 9.047912225982337141e-05
5.786153448888407880e+00 8.997578699174192121e-05
5.798430888328152122e+00 8.949731201324502095e-05
5.810698718707794974e+00 8.902291557843707048e-05
5.822968649516642614e+00 8.854843798004899077e-05
5.835247741956022693e+00 8.807360620617746836e-05
5.847517818375936649e+00 8.759912290814949123e-05
5.859777924360419554e+00 8.712502524124804654e-05
5.872043469733759125e+00 8.665071726267147651e-05
5.884316208247446944e+00 8.617613112231704766e-05
5.896588339242491372e+00 8.570166784542797853e-05
5.908862253089940175e+00 8.524517404856049086e-05
5.921140273745074012e+00 8.480186494143638893e-05
5.933416110825472600e+00 8.435863453595187982e-05
5.945693655629928465e+00 8.391534255044816998e-05
5.957960216997184588e+00 8.347244731440463619e-05
5.970224694105725760e+00 8.302962701391189534e-05
5.982501212736559104e+00 8.258637215252698737e-05
5.994773016381848230e+00 8.214328747817193981e-05
6.007052309174411242e+00 8.169993237171598510e-05
6.019323996014493972e+00 8.125971932076196072e-05
6.031591083960865518e+00 8.084163741932189518e-05
6.043864685712702745e+00 8.042791211704215446e-05
6.056140762083756179e+00 8.001410327878852628e-05
6.068414447141080359e+00 7.960037499214186801e-05
6.080682390425510064e+00 7.918684044089955643e-05
6.092950687706149893e+00 7.877329389245903385e-05
6.105222847777539208e+00 7.835961713692955819e-05
6.117498704959920985e+00 7.794581570094677003e-05
6.129764184834314733e+00 7.753236409712044341e-05
6.142038972320288615e+00 7.712425756423188050e-05
6.154304765200349081e+00 7.673893446365619045e-05
6.166569788653463391e+00 7.635596935578975268e-05
6.178846494966856895e+00 7.597263970662652131e-05
6.191116693006394556e+00 7.558951310985513930e-05
6.203394119564271669e+00 7.520616089794451538e-05
6.215666041891435789e+00 7.482298062843763362e-05
6.227935347627760798e+00 7.443988194273203063e-05
6.240216034129863587e+00 7.405642794516122476e-05
6.252491040510594011e+00 7.367315129851082672e-05
6.264748912887735166e+00 7.329494769675809832e-05
6.277022083960849486e+00 7.293643975228641864e-05
6.289302104888057521e+00 7.258012517277450250e-05
6.301575577258628158e+00 7.222400051620004354e-05
6.313842739442879548e+00 7.186805904141574212e-05
6.326111758774734639e+00 7.151206374995057913e-05
6.338388371629334550e+00 7.115584809643577706e-05
6.350653504839701924e+00 7.079996551592479071e-05
6.362925521019373143e+00 7.044388314979351960e-05
6.375199703367512960e+00 7.008773808543666307e-05
6.387469226768377695e+00 6.973314890075558113e-05
6.399745155096550953e+00 6.939543463685064848e-05
6.412021048691203262e+00 6.906269279764269675e-05
6.424291589113733103e+00 6.873009582838330190e-05
6.436561860313417149e+00 6.839750633364293051e-05
6.448839981748705874e+00 6.806470405771732307e-05
6.461108547751658548e+00 6.773216064117106841e-05
6.473374451307642552e+00 6.739968954663604073e-05
6.485648452683405729e+00 6.706699878303362596e-05
6.497912794912579670e+00 6.673456999031288496e-05
6.510188675064301655e+00 6.640182830736597792e-05
6.522469883466725626e+00 6.607814081062350999e-05
6.534740035532724534e+00 6.576748375632323034e-05
6.547014109070398824e+00 6.545680810746049678e-05
6.559280453511415310e+00 6.514632826085204275e-05
6.571544309808293960e+00 6.483591116603915625e-05
6.583821092479313464e+00 6.452516699860139939e-05
6.596089921004116619e+00 6.421462426747445718e-05
6.608365544053812712e+00 6.390390948583176713e-05
6.620644703812256893e+00 6.359310516103951639e-05
6.632912942264358236e+00 6.328257739417135594e-05
6.645177683617404796e+00 6.297287887941942946e-05
6.657442543711369787e+00 6.267751067658704656e-05
6.669722534938342662e+00 6.238729677245826301e-05
6.681993318463547382e+00 6.209730054578106414e-05
6.694261204019748668e+00 6.180737275078984226e-05
6.706541488313978228e+00 6.151715197525734413e-05
6.718813955717831021e+00 6.122711594906582087e-05
6.731080972576989119e+00 6.093720876986615713e-05
6.743359824121949231e+00 6.064702175486709712e-05
6.755631353408082518e+00 6.035700785922363935e-05
6.767898304576293711e+00 6.006710226283172658e-05
6.780174663240607913e+00 5.977860014826165592e-05
6.792450332450066242e+00 5.950440353649137057e-05
6.804726074812886161e+00 5.923354001978689028e-05
6.816986550199255923e+00 5.896301325878508591e-05
6.829262858100193512e+00 5.869213730986645939e-05
6.841539361448875312e+00 5.842125699616846160e-05
6.853798339181921051e+00 5.815076335761633228e-05
6.866070662062549346e+00 5.787997527516352479e-05
6.878342039442563838e+00 5.760920798229144724e-05
6.890609277951348588e+00 5.733853214456904320e-05
6.902882119035200326e+00 5.706773260167017243e-05
6.915161583719115157e+00 5.679780121377871156e-05
6.927430680718094536e+00 5.654112611521646157e-05
6.939709919086802792e+00 5.628823305246738018e-05
6.951990815117643052e+00 5.603530582169839069e-05
6.964254035975310231e+00 5.578274265680508717e-05
6.976522773357487495e+00 5.553006576068721811e-05
6.988800533124341463e+00 5.527720323231878402e-05
7.001071106094600260e+00 5.502448856811102381e-05
7.013333865652984223e+00 5.477193487207645503e-05
7.025600402972400182e+00 5.451930333854757628e-05
7.037876815905639738e+00 5.426646851254385669e-05
7.050143162335931635e+00 5.401385259856532914e-05
7.062413118975667814e+00 5.377083111973219491e-05
7.074690835034955327e+00 5.353603533945978975e-05
7.086953823365687910e+00 5.330152119441746860e-05
7.099228383676583043e+00 5.306678568994367765e-05
7.111513847242655117e+00 5.283184170224886365e-05
7.123796124336221780e+00 5.259695864163859417e-05
7.136061299463858809e+00 5.236240268294355371e-05
7.148327355427038121e+00 5.212782980645644230e-05
7.160609574504935182e+00 5.189294787761733615e-05
7.172879532441566397e+00 5.165830044464225432e-05
7.185145013609509412e+00 5.142373861152936581e-05
7.197419400246670484e+00 5.119128785662302385e-05
7.209686158792262489e+00 5.097195424107108593e-05
7.221957944822181119e+00 5.075457657746678997e-05
7.234230264056627391e+00 5.053718953414137988e-05
7.246500669247545545e+00 5.031983639328503161e-05
7.258778712036681569e+00 5.010234787492517125e-05
7.271045876620886972e+00 4.988505212546232010e-05
7.283317379378636325e+00 4.966767953459587430e-05
7.295585645099416539e+00 4.945036422472035313e-05
7.307853272958525714e+00 4.923306024901108994e-05
7.320126745335258533e+00 4.901565277304953313e-05
7.332403784514088585e+00 4.879818211106328585e-05
7.344684206752194910e+00 4.858479505129440005e-05
7.356944630619157266e+00 4.838158040595132408e-05
7.369203505154014344e+00 4.817880602142275411e-05
7.381489563580306168e+00 4.797558201998658873e-05
7.393767997341700315e+00 4.777248407833395932e-05
7.406035012783036109e+00 4.756957501868343025e-05
7.418310408017617874e+00 4.736652733674167693e-05
7.430583523958874004e+00 4.716351742957915921e-05
7.442848698749097380e+00 4.696063883640331013e-05
7.455115140482812208e+00 4.675773929205978720e-05
7.467393400753554289e+00 4.655464426712561281e-05
7.479670706718533957e+00 4.635156498502029292e-05
7.491938287174950695e+00 4.615261559338335121e-05
7.504211718186098778e+00 4.596272133331227286e-05
7.516487524916406926e+00 4.577315333811727920e-05
7.528756717252752750e+00 4.558368747362980211e-05
7.541025073247601185e+00 4.539423454507366317e-05
7.553289932926945838e+00 4.520483561600585642e-05
7.565561465824747422e+00 4.501533356835723675e-05
7.577833530066534706e+00 4.482582332993878413e-05
7.590111647225785241e+00 4.463621963092315994e-05
7.602381972987688030e+00 4.444673624154264031e-05
7.614655952603478717e+00 4.425719648461975275e-05
7.626936654011594818e+00 4.406755296722225369e-05
7.639201077174127441e+00 4.387996887481830367e-05
7.651464677559008720e+00 4.370184047002678680e-05
7.663742408944604456e+00 4.352486033001881990e-05
7.676018682205153709e+00 4.334790133082263756e-05
7.688277897293473551e+00 4.317118817961618059e-05
7.700553029590799348e+00 4.299424559785206863e-05
7.712841539575106431e+00 4.281711017309053336e-05
7.725115900344815323e+00 4.264017871678799635e-05
7.737377467933403530e+00 4.246343165339564764e-05
7.749649077377426032e+00 4.228653985762859330e-05
7.761925140087297059e+00 4.210958393097167715e-05
7.774189133048908573e+00 4.193280185664224007e-05
7.786454493502858121e+00 4.175602156505400076e-05
7.798729952904426277e+00 4.158565534967909462e-05
7.811006225976846906e+00 4.142049240812205541e-05
7.823273097295126988e+00 4.125545596897498354e-05
7.835544041210333432e+00 4.109036475039494170e-05
7.847819977077952203e+00 4.092520638021004617e-05
7.860089479685364644e+00 4.076013444390222152e-05
7.872351698554277633e+00 4.059516060668569960e-05
7.884626620084905113e+00 4.043001590399042269e-05
7.896910675867973239e+00 4.026474817198285596e-05
7.909185804878801740e+00 4.009960073865447662e-05
7.921449240942633807e+00 3.993461052096894523e-05
7.933712714466360616e+00 3.976961983350686599e-05
7.945992141775624518e+00 3.960503245929637044e-05
7.958263943266027596e+00 3.944850522867245529e-05
7.970529202206244612e+00 3.929451719025576448e-05
7.982815072190602379e+00 3.914027034775834139e-05
7.995091666618705517e+00 3.898614009948926998e-05
8.007352534518663134e+00 3.883220698450159063e-05
8.019627496013539414e+00 3.867809722659888764e-05
8.031903657762798687e+00 3.852397223514368742e-05
8.044177829663981427e+00 3.836987231335987620e-05
8.056443469555411241e+00 3.821587946216763431e-05
8.068702238919343017e+00 3.806197290988547454e-05
8.080979834332703504e+00 3.790782994445048688e-05
8.093254128705954287e+00 3.775372842545382160e-05
8.105527172113761836e+00 3.760030064557116821e-05
8.117799824830797206e+00 3.745460332441336168e-05
8.130070746172389562e+00 3.731114916828493823e-05
8.142347574779897457e+00 3.716762598787562205e-05
8.154613735759548732e+00 3.702422738932882547e-05
8.166891969913633531e+00 3.688068778076244325e-05
8.179177536943971205e+00 3.673706250585944707e-05
8.191440517885343553e+00 3.659370114992627269e-05
8.203698614659973742e+00 3.645039694377020330e-05
8.215977151523059518e+00 3.630685374590466154e-05
8.228243676889508862e+00 3.616345098263114852e-05
8.240504435001721362e+00 3.602011566379621928e-05
8.252785707216327538e+00 3.587654052712911201e-05
8.265065671816016035e+00 3.573304981593672006e-05
8.277324557407441219e+00 3.559641249559115396e-05
8.289585748629670903e+00 3.546412116912341848e-05
8.301876533943493897e+00 3.533151059102372329e-05
8.314155975094262629e+00 3.519902239596682167e-05
8.326420353875711555e+00 3.506669666803680297e-05
8.338685510668618406e+00 3.493436252357486109e-05
8.350960538704741865e+00 3.480192198342011930e-05
8.363227608907420674e+00 3.466956729992496858e-05
8.375495329190206562e+00 3.453720554776871815e-05
8.387774699174400439e+00 3.440471808504513894e-05
8.400050511116273100e+00 3.427226902401035746e-05
8.412324122887586242e+00 3.413984372075449614e-05
8.424591878007328560e+00 3.400748159893277262e-05
8.436851759049160293e+00 3.387679756077127035e-05
8.449126411638403056e+00 3.375246765724813648e-05
8.461409711470588846e+00 3.362873960387789479e-05
8.473680804149562817e+00 3.350513450458171962e-05
8.485956002545906429e+00 3.338148803730401471e-05
8.498224272441392557e+00 3.325791131762713214e-05
8.510487954240929298e+00 3.313438084022097044e-05
8.522772412692955157e+00 3.301064109056179219e-05
8.535053796640809765e+00 3.288693226173872982e-05
8.547317748051932895e+00 3.276339909463317989e-05
8.559569273047319626e+00 3.263999106568550221e-05
8.571845887373589434e+00 3.251633032213566371e-05
8.584118781488212946e+00 3.239270709013228620e-05
8.596382973081230006e+00 3.226917140685648072e-05
8.608649465365420639e+00 3.214840932252269228e-05
8.620929667616577419e+00 3.203282608946760480e-05
8.633209558916400184e+00 3.191737285111199073e-05
8.645469584347553749e+00 3.180210667797345978e-05
8.657746282655869763e+00 3.168668360494896873e-05
8.670026385849459061e+00 3.157122852663943167e-05
8.682297386725101873e+00 3.145585893619136755e-05
8.694565164370990473e+00 3.134051976885410457e-05
8.706839111581698987e+00 3.122512255507121432e-05
8.719120369574609342e+00 3.110965661515144813e-05
8.731387350995687413e+00 3.099432486256915241e-05
8.743648761245099266e+00 3.087904555421519905e-05
8.755929919930125038e+00 3.076358063142792384e-05
8.768209851493411477e+00 3.064812703762212986e-05
8.780467259624447962e+00 3.053518062628245004e-05
8.792716897867451920e+00 3.042750342568714244e-05
8.804990788692478532e+00 3.031981427716474095e-05
8.817278480690440290e+00 3.021200411434690918e-05
8.829539106754184630e+00 3.010443136966021549e-05
8.841804501929178883e+00 2.999681679105642692e-05
8.854088314059325171e+00 2.988904059954193849e-05
8.866365466353054003e+00 2.978132286378149486e-05
8.878627519001241808e+00 2.967373760851210279e-05
8.890896645518441943e+00 2.956609031142336976e-05
8.903187831684247655e+00 2.945824944855759595e-05
8.915456225116132671e+00 2.935060855952064242e-05
8.927709781126756283e+00 2.924309784683185457e-05
8.939990152027949222e+00 2.913535187647271733e-05
8.952272270807998922e+00 2.902827547297808793e-05
8.964541107018792587e+00 2.892668630536263867e-05
8.976809356349257030e+00 2.882624873079166132e-05
8.989080468384209155e+00 2.872578770211992798e-05
9.001360866934389193e+00 2.862525068889648191e-05
9.013628467605453665e+00 2.852481839753836373e-05
9.025896643178507261e+00 2.842438144684049465e-05
9.038179937995256097e+00 2.832382070643124747e-05
9.050449765342662545e+00 2.822337020815250848e-05
9.062703389140500221e+00 2.812305234815883951e-05
9.074965207442557968e+00 2.802266745661959689e-05
9.087254563502222382e+00 2.792205709096231653e-05
9.099528168298895991e+00 2.782157564758421981e-05
9.111784657965019463e+00 2.772123434230661500e-05
9.124064072285285931e+00 2.762070537739332908e-05
9.136356442171548409e+00 2.752230113149617822e-05
9.148620768239394963e+00 2.742850897079375985e-05
9.160876544471626914e+00 2.733489825514916243e-05
9.173170706417419495e+00 2.724099435275665834e-05
9.185440601819509610e+00 2.714727578975381300e-05
9.197674402580403807e+00 2.705383292582424942e-05
9.209944845369468780e+00 2.696011018582293529e-05
9.222235240478099172e+00 2.686623506440627055e-05
9.234498421270382451e+00 2.677256779497551003e-05
9.246753046439533108e+00 2.667896586836938612e-05
9.259037423527585631e+00 2.658513669792271643e-05
9.271318620244818121e+00 2.649133182008847997e-05
9.283583735052717500e+00 2.639764977475789610e-05
9.295857464896441158e+00 2.630390193154892920e-05
9.308129938852692575e+00 2.621016367309159819e-05
9.320409396199853092e+00 2.611890102327062187e-05
9.332685982394551161e+00 2.603140344764256155e-05
9.344943288712755702e+00 2.594407783813634837e-05
9.357241097457126955e+00 2.585646356465232302e-05
9.369539418685082666e+00 2.576884564668596822e-05
9.381779229270216902e+00 2.568164463504370279e-05
9.394040987290516398e+00 2.559428725676119658e-05
9.406338762356838856e+00 2.550667327455869649e-05
9.418612061369849187e+00 2.541923363175186562e-05
9.430853312326764382e+00 2.533202233530740870e-05
9.443145451901411747e+00 2.524444849785532045e-05
9.455452709694613489e+00 2.515676693524280229e-05
9.467696364511542839e+00 2.506953853576664358e-05
9.479945819457697098e+00 2.498226879350727729e-05
9.492244655254580721e+00 2.489464723819681413e-05
9.504520965108966379e+00 2.480878065199587673e-05
9.516771803388767381e+00 2.472798318391494034e-05
9.529051481510224519e+00 2.464733343349295703e-05
9.541350025665284562e+00 2.456655973899770723e-05
9.553614768156799997e+00 2.448600806226420703e-05
9.565852790388564841e+00 2.440563187759379134e-05
9.578130809331275586e+00 2.432499298584956166e-05
9.590421864960230636e+00 2.424426850347838292e-05
9.602686181770573981e+00 2.416371958997464206e-05
9.614937662773536786e+00 2.408325503783895113e-05
9.627210560705263376e+00 2.400264978761450105e-05
9.639520699396086911e+00 2.392179996130352197e-05
9.651794241248827788e+00 2.384119050951356104e-05
9.664021032207420703e+00 2.376088807205813160e-05
9.676318634298157306e+00 2.368012054190064288e-05
9.688615674018457469e+00 2.359943258935813919e-05
9.700826852982181947e+00 2.352277014742435560e-05
9.713081166884682816e+00 2.344775171962628184e-05
9.725420455621609506e+00 2.337221305873287002e-05
9.737699645480059729e+00 2.329704232861746596e-05
9.749902593026686048e+00 2.322233832230614003e-05
9.762190849728799691e+00 2.314711210576622603e-05
9.774524940846697874e+00 2.307160528365482179e-05
9.786774990485199055e+00 2.299661293571536781e-05
9.798979237984754675e+00 2.292190097481627825e-05
9.811278410684318274e+00 2.284660788294021370e-05
9.823611365372379112e+00 2.277110802189342129e-05
9.835856550733424797e+00 2.269614543999555131e-05
9.848110951745821851e+00 2.262112647793789708e-05
9.860407999080017305e+00 2.254584643206283552e-05
9.872697756535982805e+00 2.247061099625920238e-05
9.884901659674879326e+00 2.239616647668631175e-05
9.897163985466415070e+00 2.232498677394768069e-05
9.909521851063152198e+00 2.225438544412754034e-05
9.921769663419794938e+00 2.218441284570984458e-05
9.933970968713669691e+00 2.211470596311864044e-05
9.946258349058943793e+00 2.204450733476270589e-05
9.958599731472778771e+00 2.197400013262748038e-05
9.970856168930207986e+00 2.190397826400664305e-05
9.983057062371893053e+00 2.183427372384339746e-05
9.995368158914336831e+00 2.176393958363290071e-05
1.000768766130018861e+01 2.169355744040385504e-05
1.001992053321067289e+01 2.162367019362600810e-05
1.003216821560764771e+01 2.155369834466292178e-05
1.004452721403794868e+01 2.148309051377890014e-05
1.005681735429030432e+01 2.141287612624037822e-05
1.006892582260663183e+01 2.134369958787418859e-05
1.008118098452082378e+01 2.127375915942846749e-05
1.009358755195854052e+01 2.120602986835305715e-05
1.010587134048773628e+01 2.114055440208859632e-05
1.011803703711579772e+01 2.107570835292913954e-05
1.013033056705357637e+01 2.101018090510803959e-05
1.014269263027678747e+01 2.094428815716816534e-05
1.015492120489713024e+01 2.087910697842368951e-05
1.016713759032503184e+01 2.081399077351601373e-05
1.017948266035775617e+01 2.074818859922251098e-05
1.019180049867154914e+01 2.068253162563675154e-05
1.020392979284387813e+01 2.061787960193006971e-05
1.021616753504563135e+01 2.055264951695218447e-05
1.022862669528350033e+01 2.048623926753315121e-05
1.024089245129418302e+01 2.042085984206054277e-05
1.025291723007928013e+01 2.035676497546393791e-05
1.026520932100148897e+01 2.029124521335217281e-05
1.027774506306910318e+01 2.022442671759463418e-05
1.028999589535894721e+01 2.016025543503003424e-05
1.030201632116065191e+01 2.010031720749769953e-05
1.031435683160246697e+01 2.003895506278834601e-05
1.032681210725006338e+01 1.997702235413074197e-05
1.033902832711680553e+01 1.991627812437880675e-05
1.035115261018229660e+01 1.985599121156990041e-05
1.036349925152719464e+01 1.979459865212610537e-05
1.037588452686740936e+01 1.973301395238302025e-05
1.038798882750531583e+01 1.967282633871880610e-05
1.040024061411546796e+01 1.961190542435786336e-05
1.041275466762403745e+01 1.954968033409406239e-05
1.042497437395719295e+01 1.948891891785293654e-05
1.043688539230566192e+01 1.942969241302327306e-05
1.044935704554474043e+01 1.936767820624934534e-05
1.046202522343027752e+01 1.930468680556666960e-05
1.047400785250685118e+01 1.924510421351934101e-05
1.048587764924572419e+01 1.918608264258113864e-05
1.049857477665452521e+01 1.912465165165573065e-05
1.051126978619461916e+01 1.906575970662843133e-05
1.052285386394314770e+01 1.901202851288487364e-05
1.053473993131735220e+01 1.895689653714495462e-05
1.054774671867871128e+01 1.889656633166013301e-05
1.056046331403275573e+01 1.883758211069466821e-05
1.057159342937813484e+01 1.878595654244657304e-05
1.058363554604334311e+01 1.873010082250805910e-05
1.059705223772767368e+01 1.866786925498989023e-05
1.060980007826281124e+01 1.860874015478286342e-05
1.062041006728784431e+01 1.855952706856482811e-05
1.063264563316425537e+01 1.850277399725623733e-05
1.064639384541436584e+01 1.843900481979089562e-05
1.065914814163454949e+01 1.837984562554482895e-05
1.066936599425687149e+01 1.833245159389641272e-05
1.068170647251649896e+01 1.827521184060896219e-05
1.069565989882602963e+01 1.821049073322769825e-05
1.070841615580203232e+01 1.815277694682796125e-05
1.071820812972623926e+01 1.811040830143068132e-05
1.073084847252518337e+01 1.805573654537294997e-05
1.074490552624379625e+01 1.799493744028305781e-05
1.075610992590358350e+01 1.794647636718632561e-05
1.076616814766807195e+01 1.790297290363955055e-05
1.078006968453032144e+01 1.784284633806875264e-05
1.079413827513433510e+01 1.778199744749028969e-05
1.080500555627140002e+01 1.773499456316198351e-05
1.081522922201470926e+01 1.769077542641233532e-05
1.082926366203709634e+01 1.763007388657761751e-05
1.084324133780694766e+01 1.756961847281819357e-05
1.085447970303622078e+01 1.752101012574381757e-05
1.086383196285792785e+01 1.748055988822930722e-05
1.087748622894287109e+01 1.742150243444484659e-05
