1.738211204512761163e-02 2.424517338092510688e+00
2.945141206410798254e-02 1.963103987953879637e+00
4.189043426060978098e-02 1.404930848109571251e+00
5.436837606323070837e-02 1.108180296726715808e+00
6.709179474813181665e-02 9.472159595024295387e-01
7.906029034168161884e-02 7.851118615333070316e-01
9.134212390678685123e-02 6.096112238682382944e-01
1.036762740919000836e-01 4.847938885039049794e-01
1.161203638865397486e-01 4.223500996063916935e-01
1.284418929702930146e-01 3.825977189200265305e-01
1.405592391961615062e-01 3.336257352820181654e-01
1.528879143562413834e-01 2.778573045573258793e-01
1.654374846088009499e-01 2.349828671371140820e-01
1.776729443817273990e-01 2.113513206406969769e-01
1.898591782008197670e-01 1.954279150486613048e-01
2.021021650674771353e-01 1.766563463286782432e-01
2.143704059761030734e-01 1.549927502020366221e-01
2.266685746852545591e-01 1.365928258088218439e-01
2.389979880971628001e-01 1.241216401168532407e-01
2.513315027420615633e-01 1.152564249720700040e-01
2.635743834303616029e-01 1.064398164032522437e-01
2.757714049283470081e-01 9.676608573275058411e-02
2.881120323268035466e-01 8.763875913630192471e-02
3.003642817203516779e-01 8.054496310297475092e-02
3.126284332764821539e-01 7.507297402920842799e-02
3.249982808288275904e-01 7.004273445884849625e-02
3.373429099698267986e-01 6.492695834652648101e-02
3.495635283624552447e-01 6.004571448274668988e-02
3.617878412179377778e-01 5.582267021077163410e-02
3.739857115225381223e-01 5.230240709981273661e-02
3.863066258986853074e-01 4.912689268098927031e-02
3.986206606301063715e-01 4.609844879773524612e-02
4.109256578244661062e-01 4.319996606205639411e-02
4.232245655456485234e-01 4.053686124591422690e-02
4.354883510192325557e-01 3.819471050929130335e-02
4.477773618515445975e-01 3.607172219357661358e-02
4.599885903973864876e-01 3.412903509206242220e-02
4.722481765309811674e-01 3.226396149732584789e-02
4.845423032090063198e-01 3.052901650110149620e-02
4.967758419901825429e-01 2.893059949445696277e-02
5.090496726262303540e-01 2.747118950072692176e-02
5.213393459973235666e-01 2.611977040405722220e-02
5.336764515809359066e-01 2.483528372821961622e-02
5.460019077520040787e-01 2.363911828314500807e-02
5.582746788338668331e-01 2.251844584616283923e-02
5.704836588526608354e-01 2.148176331763634872e-02
5.827050628875978244e-01 2.052410824742473272e-02
5.949966261260961620e-01 1.960875064414127622e-02
6.072810970026001343e-01 1.874753733172957945e-02
6.195641138211566146e-01 1.794411442318939037e-02
6.318725909241229566e-01 1.718352066293483277e-02
6.441734965778191935e-01 1.646531524458099555e-02
6.564797894961378333e-01 1.579168478068328219e-02
6.686914929796821117e-01 1.516411227152621687e-02
6.809527893726128323e-01 1.456425686836538072e-02
6.932444725786992556e-01 1.399282561829480291e-02
7.054525470905848028e-01 1.345697323224148874e-02
7.177279646031660132e-01 1.295184891862754747e-02
7.300093567625280944e-01 1.247158857069281812e-02
7.423152589350650032e-01 1.201300851844856916e-02
7.545976543671308878e-01 1.157623915161594234e-02
7.668242736309552887e-01 1.116302107866209634e-02
7.791532429173236851e-01 1.077016873171675153e-02
7.914205781278266238e-01 1.039903323491627243e-02
8.036946471889406807e-01 1.004494840496753319e-02
8.159793690377137310e-01 9.705322446249584761e-03
8.282032717995754245e-01 9.382330822729609623e-03
8.405128489456621388e-01 9.071943388371013148e-03
8.528044235981327992e-01 8.777165123938035149e-03
8.650383425504041268e-01 8.496639865591692348e-03
8.772723753339952690e-01 8.229858529750871260e-03
8.895340321420209806e-01 7.974434156138793597e-03
9.018817618365986277e-01 7.727209988439382934e-03
9.141883520666792551e-01 7.490411588250978081e-03
9.264619888246796719e-01 7.264901644357530698e-03
9.387414586625268953e-01 7.048040370032693062e-03
9.509803448018084859e-01 6.839785920997556133e-03
9.632221134977815291e-01 6.641379889333168078e-03
9.754896314977136162e-01 6.450451186637315253e-03
9.877264067106145129e-01 6.268102091213718224e-03
9.999851844861834538e-01 6.093472856061621715e-03
1.012329339168382747e+00 5.922802771984234799e-03
1.024626907347453875e+00 5.759900536909499588e-03
1.036866689471437342e+00 5.603946839166482237e-03
1.049135487527864008e+00 5.452302449661289123e-03
1.061441354492477229e+00 5.307085389165875321e-03
1.073716958242755926e+00 5.165980067831597682e-03
1.085925311725509657e+00 5.031706013515111278e-03
1.098213833495794933e+00 4.901028482586494185e-03
1.110549154774624014e+00 4.774690197035735655e-03
1.122813426886622556e+00 4.654665797146561104e-03
1.135068430671317463e+00 4.537997754291011807e-03
1.147342703947374032e+00 4.426359169731543426e-03
1.159604759492050663e+00 4.317126875789488796e-03
1.171869554121423906e+00 4.212899912441663008e-03
1.184117043636903954e+00 4.110808336123004947e-03
1.196380808473640034e+00 4.013247814759769369e-03
1.208687090056549174e+00 3.917212000930507185e-03
1.220959130578168628e+00 3.825706230361121570e-03
1.233208524119171701e+00 3.736088639854036764e-03
1.245508543932532852e+00 3.650056862660834307e-03
1.257784757305784762e+00 3.565793025149332964e-03
1.270055775740428938e+00 3.485459826503957068e-03
1.282341075690068832e+00 3.406478346714748601e-03
1.294603412909409723e+00 3.331702890980638848e-03
1.306872192362329876e+00 3.257943613217654296e-03
1.319154366677192103e+00 3.187514002956822953e-03
1.331413222210922065e+00 3.118044195103445489e-03
1.343670459103085024e+00 3.051791683265964519e-03
1.355926661325111748e+00 2.986360325874418565e-03
1.368198362306287663e+00 2.923643141225009193e-03
1.380493198358981433e+00 2.861936507923160816e-03
1.392777181745514348e+00 2.802327346469342655e-03
1.405062196910951799e+00 2.744484399402031573e-03
1.417350389671748312e+00 2.687705246892323294e-03
1.429619703122777752e+00 2.633430939341479572e-03
1.441896130395259989e+00 2.579585145341057456e-03
1.454153528625109715e+00 2.528351266923693948e-03
1.466381113760885535e+00 2.477744060292916967e-03
1.478663798537000362e+00 2.429123002855067791e-03
1.490945590056615089e+00 2.381991244588929808e-03
1.503215467901839242e+00 2.335627179076580229e-03
1.515506856276889414e+00 2.291248955119627988e-03
1.527798704103739080e+00 2.247085559703769237e-03
1.540100615359619285e+00 2.204783592697398195e-03
1.552323594607271318e+00 2.163504507612073156e-03
1.564549078286756156e+00 2.122944333518113607e-03
1.576828957669637710e+00 2.083970695832199245e-03
1.589107367637560886e+00 2.045132681273896958e-03
1.601397118763717042e+00 2.007863490394935085e-03
1.613662668137236356e+00 1.971439562099072760e-03
1.625956510086740581e+00 1.935346201057401745e-03
1.638273353518620468e+00 1.900878705298506173e-03
1.650514624911034955e+00 1.866801231467129065e-03
1.662750613141406264e+00 1.833701565189461936e-03
1.675038763356534233e+00 1.801638064033019709e-03
1.687316157434399555e+00 1.769673162047990947e-03
1.699577919034019002e+00 1.739315404594330653e-03
1.711844019198244693e+00 1.709604885924993940e-03
1.724121889976205191e+00 1.680089862139591767e-03
1.736393169926629509e+00 1.652034242554449106e-03
1.748649316593648084e+00 1.624273450083236602e-03
1.760929058575410933e+00 1.596842867301043493e-03
1.773209682934749454e+00 1.570665790754638587e-03
1.785496948406629647e+00 1.544573532773530844e-03
1.797779508081463584e+00 1.519005613560670508e-03
1.810045833062560616e+00 1.494556412833454887e-03
1.822328995141098806e+00 1.470107713023497244e-03
1.834622279524171340e+00 1.446214935491502542e-03
1.846870127325623168e+00 1.423355380460997622e-03
1.859113337231853569e+00 1.400518605155540598e-03
1.871369828971394922e+00 1.378204226479566282e-03
1.883662336941608340e+00 1.356710481616538655e-03
1.895967949490765081e+00 1.335204986165283757e-03
1.908218963624774167e+00 1.314256059308885251e-03
1.920473361096422416e+00 1.294172639072027836e-03
1.932728508001044121e+00 1.274108784535809289e-03
1.945011049581989448e+00 1.254355220918666140e-03
1.957297342392070760e+00 1.235579826881061556e-03
1.969540729633649123e+00 1.216927685956013371e-03
1.981824563452103227e+00 1.198400728197854736e-03
1.994126144882194751e+00 1.180803947927965740e-03
2.006394537955421775e+00 1.163389699150346908e-03
2.018670334343899864e+00 1.146016744083341084e-03
2.030952316497373289e+00 1.129416514132709336e-03
2.043216798362256004e+00 1.113103163373428770e-03
2.055475510122651617e+00 1.096797500730256570e-03
2.067735799890346726e+00 1.081008863840518053e-03
2.080008516254567397e+00 1.065714782881227018e-03
2.092298443663116014e+00 1.050399245346493376e-03
2.104578287136098957e+00 1.035294002761693406e-03
2.116845418601210227e+00 1.020911942514225301e-03
2.129117295843077962e+00 1.006587448369743870e-03
2.141386119469398608e+00 9.922855432212263332e-04
2.153674144242317734e+00 9.785649710274517150e-04
2.165943509394002930e+00 9.651532832709273924e-04
2.178174723454857631e+00 9.517832967697128534e-04
2.190433903448424591e+00 9.385901748217141769e-04
2.202719931868166281e+00 9.259760332498556809e-04
2.215018711620012848e+00 9.133879177188116306e-04
2.227273593520805672e+00 9.008512041580634322e-04
2.239529706996110647e+00 8.888274174050834987e-04
2.251840710091987496e+00 8.770737926281240750e-04
2.264119014215441705e+00 8.653513847035924304e-04
2.276384279003433875e+00 8.537391325346249367e-04
2.288658423418587606e+00 8.427474148914870788e-04
2.300952091017892887e+00 8.318510595156268983e-04
2.313218143961406348e+00 8.209791843095922206e-04
2.325458350675993380e+00 8.103310870836459220e-04
2.337719218738625759e+00 8.001333764143425849e-04
2.350003147866706943e+00 7.899360766345940501e-04
2.362279058175797530e+00 7.797454382775647220e-04
2.374538937598235311e+00 7.698723347078339357e-04
2.386816000033005647e+00 7.603283046198126664e-04
2.399102824518786203e+00 7.507769678638840727e-04
2.411392629484657046e+00 7.412265819766043805e-04
2.423637270133701449e+00 7.320703838736967485e-04
2.435888431421263434e+00 7.231535829929089734e-04
2.448174802894025337e+00 7.142111555206364856e-04
2.460449199376890217e+00 7.052842531623576463e-04
2.472719088229479834e+00 6.967204798283545232e-04
2.484992831186476625e+00 6.883579091556768590e-04
2.497273806662959394e+00 6.799904117673009202e-04
2.509544184074824269e+00 6.716346605372710936e-04
2.521827062063934477e+00 6.635991832112264231e-04
2.534112812322843578e+00 6.557645835498452508e-04
2.546370817755073013e+00 6.479476771414008482e-04
2.558627656962102925e+00 6.401316358433790888e-04
2.570901337570405953e+00 6.325705535463712259e-04
2.583177336304471883e+00 6.252503739883759045e-04
2.595440486720578921e+00 6.179378591999598125e-04
2.607704762491110717e+00 6.106246708379089181e-04
2.620001080686306771e+00 6.034847091590213796e-04
2.632286922231434456e+00 5.967014333570683747e-04
2.644534427140472932e+00 5.899468795945272525e-04
2.656802040265521470e+00 5.831812335161717844e-04
2.669073687515052029e+00 5.764814270329316924e-04
2.681350663644082921e+00 5.701007942940718469e-04
2.693623847875446398e+00 5.637632996289370074e-04
2.705878137328059818e+00 5.574355671226920205e-04
2.718161480124765106e+00 5.511013474769654082e-04
2.730438457898014093e+00 5.450389650444354989e-04
2.742710787932656658e+00 5.391072564851527105e-04
2.754989883536780759e+00 5.331722804144785810e-04
2.767261470157902359e+00 5.272409339036946124e-04
2.779527771137290770e+00 5.214216821766873115e-04
2.791792657323202587e+00 5.158627909931710973e-04
2.804076091151673555e+00 5.103063842967399139e-04
2.816361645196279184e+00 5.047490206802951246e-04
2.828620519698351377e+00 4.992126278447806854e-04
2.840883569190919111e+00 4.939150020506227366e-04
2.853162813112358975e+00 4.887174578173021384e-04
2.865450010721949603e+00 4.835165449839908479e-04
2.877720591785824400e+00 4.783226659370180323e-04
2.889980478242957229e+00 4.731936242219356506e-04
2.902258175496396753e+00 4.683048382885422137e-04
2.914518854472965437e+00 4.634496269931656122e-04
2.926762721606932960e+00 4.586010730918257733e-04
2.939034749745344843e+00 4.537413680919565105e-04
2.951320369754638406e+00 4.489978873852729807e-04
2.963597026501346932e+00 4.444483961465936213e-04
2.975876194561613453e+00 4.399001661593140771e-04
2.988160315109058551e+00 4.353501004456614837e-04
3.000449644660864834e+00 4.307989761057404838e-04
3.012716332634865157e+00 4.264468040674802710e-04
3.024968759761666348e+00 4.222449659685312967e-04
3.037252171006531665e+00 4.180324999201135371e-04
3.049526120964057618e+00 4.138232794407202498e-04
3.061775712289526830e+00 4.096259679176949371e-04
3.074050272894680358e+00 4.055973386250050976e-04
3.086335131672947263e+00 4.016643135886539947e-04
3.098604365236381053e+00 3.977362908496679598e-04
3.110859489026789326e+00 3.938127856740873158e-04
3.123137658326072597e+00 3.898848636972470326e-04
3.135433948671655369e+00 3.861103294505960912e-04
3.147695129457003915e+00 3.824371932362548624e-04
3.159956328254873270e+00 3.787640517176085156e-04
3.172232976043315666e+00 3.750862827156471236e-04
3.184501257851794165e+00 3.714112480704356519e-04
3.196775435955213851e+00 3.678629570775509422e-04
3.209044865222644205e+00 3.644242287186553087e-04
3.221307079525221884e+00 3.609875240793061074e-04
3.233581408312706795e+00 3.575474224991283994e-04
3.245858629450829369e+00 3.541065112349757677e-04
3.258143378674136947e+00 3.507410324154173098e-04
3.270410557577971389e+00 3.475221393110842724e-04
3.282661665213619351e+00 3.443105331502619641e-04
3.294949090802971714e+00 3.410894053914767217e-04
3.307244200655479638e+00 3.378662648968758990e-04
3.319496480125943449e+00 3.346823660964825479e-04
3.331765223362041173e+00 3.316507068269269149e-04
3.344051721244690523e+00 3.286386357089728419e-04
3.356325050698430346e+00 3.256297929329391122e-04
3.368596307392438316e+00 3.226214580371386943e-04
3.380854472437640812e+00 3.196173039939211947e-04
3.393138905317619081e+00 3.167219538250246654e-04
3.405406306535367467e+00 3.139100105131377048e-04
3.417657680989456548e+00 3.111017410367400969e-04
3.429938663402217092e+00 3.082866847785496289e-04
3.442214032587430417e+00 3.054729161081222964e-04
3.454484843056887300e+00 3.026928231007228556e-04
3.466756647980139938e+00 3.000630861857981257e-04
3.479034376591896738e+00 2.974509339944312681e-04
3.491307566462293899e+00 2.948397474395401388e-04
3.503582350785310773e+00 2.922282231479691322e-04
3.515849804558033309e+00 2.896182580765386595e-04
3.528113199069885297e+00 2.870872691676022671e-04
3.540379188868042704e+00 2.846588558918451608e-04
3.552650333566175433e+00 2.822298902141856763e-04
3.564930099127972429e+00 2.797992178677447960e-04
3.577201769827548006e+00 2.773701495863031786e-04
3.589475285534829307e+00 2.749430874327742232e-04
3.601759315099353209e+00 2.726151833850880171e-04
3.614032945244215256e+00 2.703428388863482121e-04
3.626301000303521871e+00 2.680715269520591790e-04
3.638569887417207216e+00 2.658000604949164319e-04
3.650838632506976822e+00 2.635286213379406947e-04
3.663120446880168135e+00 2.612616416730463402e-04
3.675392231131059617e+00 2.591014301209411679e-04
3.687654129504458478e+00 2.569784625438183427e-04
3.699910200907845059e+00 2.548565024286480844e-04
3.712192899007472846e+00 2.527299342289876126e-04
3.724479589655305123e+00 2.506026743129853834e-04
3.736733640063575113e+00 2.484880011866728270e-04
3.749005728100832435e+00 2.464691735869975063e-04
3.761283023631708744e+00 2.444816358060732694e-04
3.773563485184610933e+00 2.424935854374846069e-04
3.785825516964203885e+00 2.405085185447909907e-04
3.798082802949320325e+00 2.385242190842096720e-04
3.810363893373462041e+00 2.365389242651803187e-04
3.822645720709119566e+00 2.346398038284718305e-04
3.834921229715159363e+00 2.327819482463030587e-04
3.847188317665898971e+00 2.309253675935568195e-04
3.859469575550916964e+00 2.290666417732998054e-04
3.871753985767769191e+00 2.272074392035897518e-04
3.884018640962858981e+00 2.253512263707686922e-04
3.896281982801185872e+00 2.235538204022732487e-04
3.908553995714485030e+00 2.218178549020521386e-04
3.920819940236625278e+00 2.200827649642914260e-04
3.933080957844246495e+00 2.183483725631543085e-04
3.945346259001160760e+00 2.166133736467585745e-04
3.957637313618597830e+00 2.148747322538437587e-04
3.969923042548726411e+00 2.131607347689340633e-04
3.982175629228108971e+00 2.115397445876888776e-04
3.994441680205387257e+00 2.099252629434721106e-04
4.006728047574338980e+00 2.083081082387889290e-04
4.019004858472411179e+00 2.066922105745705495e-04
4.031277336217974572e+00 2.050768839844002191e-04
4.043554573420149012e+00 2.034622284310127777e-04
4.055839410316336213e+00 2.019205077257280696e-04
4.068096764528600140e+00 2.004249103850348453e-04
4.080340929220048984e+00 1.989309224506798546e-04
4.092625520834049624e+00 1.974320018500647686e-04
4.104896838065174691e+00 1.959347006782888659e-04
4.117161186094653758e+00 1.944382501156744392e-04
4.129437242236893013e+00 1.929542679208364050e-04
4.141704639004231581e+00 1.915440271925874366e-04
4.153978514844194336e+00 1.901435394547225496e-04
4.166254106252230471e+00 1.887428553144114356e-04
4.178538610145275278e+00 1.873411545265997078e-04
4.190814707343741397e+00 1.859404127612674111e-04
4.203073452331837601e+00 1.845416507486940063e-04
4.215351491768677406e+00 1.831693500694609486e-04
4.227627847837150732e+00 1.818578412338938278e-04
4.239903836936770531e+00 1.805483625713300759e-04
4.252176174544948672e+00 1.792392735306069470e-04
4.264429117117187751e+00 1.779322527610908966e-04
4.276699880393182163e+00 1.766233314200087797e-04
4.288984777500015610e+00 1.753129022888632856e-04
4.301255117606400447e+00 1.740396805270293600e-04
4.313518958654457336e+00 1.728166567686451451e-04
4.325790419391779551e+00 1.715931804508647222e-04
4.338071573855772911e+00 1.703687378633200375e-04
4.350337804712862244e+00 1.691457828816709706e-04
4.362611775147850146e+00 1.679220563698755194e-04
4.374889726767814402e+00 1.666979329264242301e-04
4.387156715049502331e+00 1.655070951470539314e-04
4.399426645293336158e+00 1.643634324870415933e-04
4.411686492803647219e+00 1.632211378382200737e-04
4.423963183132842758e+00 1.620772738073208920e-04
4.436231333416778000e+00 1.609342056674120571e-04
4.448504024620786090e+00 1.597907145853748269e-04
4.460786102766904904e+00 1.586463487086574612e-04
4.473052605097511680e+00 1.575238789344552087e-04
4.485333680898416553e+00 1.564521641645344365e-04
4.497601237084061232e+00 1.553841834219856367e-04
4.509866070174105346e+00 1.543164396761277180e-04
4.522145635346641157e+00 1.532474135657961839e-04
4.534428519381624945e+00 1.521780984361374343e-04
4.546703018242844507e+00 1.511095137442921633e-04
4.558957625766161925e+00 1.500494997065417429e-04
4.571226642211251523e+00 1.490416855781377832e-04
4.583509777054324275e+00 1.480440535361943655e-04
4.595790059827854712e+00 1.470466529682763876e-04
4.608061949813968106e+00 1.460499342696839253e-04
4.620318584818105201e+00 1.450544547731306500e-04
4.632589805876371258e+00 1.440577901817248821e-04
4.644869853213136501e+00 1.430604095456452021e-04
4.657136883942349925e+00 1.421013540283144229e-04
4.669407249318447306e+00 1.411807037456461222e-04
4.681668364815647188e+00 1.402607496935621284e-04
4.693936637293424141e+00 1.393402585584626490e-04
4.706220932875434748e+00 1.384185647021154877e-04
4.718499554358994708e+00 1.374972975456515171e-04
4.730782650520382937e+00 1.365756938917972918e-04
4.743047316918455714e+00 1.356601342117687184e-04
4.755307692139830955e+00 1.347893191507719315e-04
4.767583057675158109e+00 1.339284612617437891e-04
4.779863394372367402e+00 1.330672551283044200e-04
4.792132641916739821e+00 1.322068261669425576e-04
4.804399941113462802e+00 1.313465340180998539e-04
4.816678316286075123e+00 1.304854650506481186e-04
4.828949285393635549e+00 1.296249156909248096e-04
4.841208182326298903e+00 1.287769003759897093e-04
4.853478345205306077e+00 1.279690969389519226e-04
4.865760528755814995e+00 1.271640517588073138e-04
4.878024554178364447e+00 1.263601969381747555e-04
4.890296377151694962e+00 1.255558308370746624e-04
4.902574231215205636e+00 1.247510694659020099e-04
4.914845323572139435e+00 1.239467515223278168e-04
4.927125567488364055e+00 1.231418332920021107e-04
4.939397986818531372e+00 1.223519194849397474e-04
4.951664280457524825e+00 1.215988719796474066e-04
4.963940592502508409e+00 1.208469599839177318e-04
4.976216953277528887e+00 1.200950448791783710e-04
4.988477996474629528e+00 1.193440682195733699e-04
5.000736047494441117e+00 1.185932746789815535e-04
5.013022640065464053e+00 1.178407331677177770e-04
5.025302982194676638e+00 1.170885742804888326e-04
5.037566103908967641e+00 1.163488598191171142e-04
5.049844207396282592e+00 1.156437814111123473e-04
5.062119542870266109e+00 1.149414062595587998e-04
5.074383105131830440e+00 1.142397048671064025e-04
5.086641552088245533e+00 1.135382961731571760e-04
5.098920420017480026e+00 1.128357186325990523e-04
5.111195199258650845e+00 1.121333756880035527e-04
5.123449562989547346e+00 1.114322005528738547e-04
5.135725975397288146e+00 1.107345352538646011e-04
5.148005044968195776e+00 1.100713750177788314e-04
5.160275585351876693e+00 1.094156095768550118e-04
5.172546707875350869e+00 1.087598137677855584e-04
5.184827951212304775e+00 1.081034765108358130e-04
5.197107563567055166e+00 1.074472265736361310e-04
5.209372262483340954e+00 1.067917737540092978e-04
5.221649174658606007e+00 1.061356681166427930e-04
5.233932550562378161e+00 1.054793140288708028e-04
5.246207608362158936e+00 1.048477979597670231e-04
5.258474246095205196e+00 1.042355614935194796e-04
5.270738469237462809e+00 1.036234455680058790e-04
5.282999075966164249e+00 1.030115102733413559e-04
5.295265148876008077e+00 1.023993019882545052e-04
5.307538878972787089e+00 1.017867117502327981e-04
5.319816023849368136e+00 1.011739508415927195e-04
5.332106425194989008e+00 1.005605284052616571e-04
5.344371217832380339e+00 9.995442696253432349e-05
5.356624881905982072e+00 9.938390340597118614e-05
5.368905907939013566e+00 9.881773672114911903e-05
5.381178681067710912e+00 9.825195062796492833e-05
5.393451198524775059e+00 9.768617610815063135e-05
5.405726878719107731e+00 9.712025588899817418e-05
5.417999076018534588e+00 9.655449618975293848e-05
5.430270917047597123e+00 9.598875294342060097e-05
5.442534276784082969e+00 9.542340075146964510e-05
5.454800894502979780e+00 9.486943316522123738e-05
5.467077870139476659e+00 9.434055908875336972e-05
5.479355737083116296e+00 9.381256495310604144e-05
5.491631123293435834e+00 9.328467745354266868e-05
5.503885461799915113e+00 9.275769519091590790e-05
5.516150871778835452e+00 9.223023660694070803e-05
5.528443541640725378e+00 9.170160588457041512e-05
5.540720369487344144e+00 9.117365656013740993e-05
5.552988485023032439e+00 9.064608160288864362e-05
5.565261674970053640e+00 9.013162292595385601e-05
5.577534275054667035e+00 8.963830129212491398e-05
5.589802466245866519e+00 8.914542002109284498e-05
5.602075290374081362e+00 8.865235263013455588e-05
5.614350464861192158e+00 8.815919057040684753e-05
5.626623423538474000e+00 8.766611767482617931e-05
5.638893167212405189e+00 8.717317392047341457e-05
5.651161305429462267e+00 8.668029478298911925e-05
5.663425285909801765e+00 8.618758247632487017e-05
5.675691479571933762e+00 8.570499352087833801e-05
5.687971082709079695e+00 8.524342837493891151e-05
5.700246234071071783e+00 8.478272131172955928e-05
5.712517806570711620e+00 8.432214846769437984e-05
5.724796874665427637e+00 8.386129420051571738e-05
5.737066926053280724e+00 8.340077841655313363e-05
5.749336020301031525e+00 8.294029847565037973e-05
5.761614331000809663e+00 8.247947261674297675e-05
5.773882296547530046e+00 8.201903511211825230e-05
5.786153448888407880e+00 8.156276292909334384e-05
5.798430888328152122e+00 8.112902680630931730e-05
5.810698718707794974e+00 8.069898849514250277e-05
5.822968649516642614e+00 8.026887639417652038e-05
5.835247741956022693e+00 7.983844327115885030e-05
5.847517818375936649e+00 7.940832606513174581e-05
5.859777924360419554e+00 7.897855851499187957e-05
5.872043469733759125e+00 7.854859979398475032e-05
5.884316208247446944e+00 7.811838978535476320e-05
5.896588339242491372e+00 7.768829065222944928e-05
5.908862253089940175e+00 7.727448036949397144e-05
5.921140273745074012e+00 7.687262138492423358e-05
5.933416110825472600e+00 7.647083380897293464e-05
5.945693655629928465e+00 7.606899068008522561e-05
5.957960216997184588e+00 7.566750667505794037e-05
5.970224694105725760e+00 7.526609092119896261e-05
5.982501212736559104e+00 7.486428119952078810e-05
5.994773016381848230e+00 7.446262563715573611e-05
6.007052309174411242e+00 7.406072516410827872e-05
6.019323996014493972e+00 7.366167299921367489e-05
6.031591083960865518e+00 7.328268290312756831e-05
6.043864685712702745e+00 7.290764195742370046e-05
6.056140762083756179e+00 7.253252546018372244e-05
6.068414447141080359e+00 7.215748194307349634e-05
6.080682390425510064e+00 7.178261392330216725e-05
6.092950687706149893e+00 7.140773515303019655e-05
6.105222847777539208e+00 7.103273827951207603e-05
6.117498704959920985e+00 7.065762849139412547e-05
6.129764184834314733e+00 7.028283575815398316e-05
6.142038972320288615e+00 6.991288829958090985e-05
6.154304765200349081e+00 6.956359408132048515e-05
6.166569788653463391e+00 6.921643786385815028e-05
6.178846494966856895e+00 6.886895081352733660e-05
6.191116693006394556e+00 6.852164804682196470e-05
6.203394119564271669e+00 6.817414080856210447e-05
6.215666041891435789e+00 6.782678913969865278e-05
6.227935347627760798e+00 6.747951154898028131e-05
6.240216034129863587e+00 6.713191204171871005e-05
6.252491040510594011e+00 6.678447310569844643e-05
6.264748912887735166e+00 6.644163298424522908e-05
6.277022083960849486e+00 6.611664698946031322e-05
6.289302104888057521e+00 6.579364926873453186e-05
6.301575577258628158e+00 6.547082404325043302e-05
6.313842739442879548e+00 6.514816454911444006e-05
6.326111758774734639e+00 6.482545610982309110e-05
6.338388371629334550e+00 6.450254839665186060e-05
6.350653504839701924e+00 6.417994229662269832e-05
6.362925521019373143e+00 6.385715526999065350e-05
6.375199703367512960e+00 6.353431140509422119e-05
6.387469226768377695e+00 6.321287788105179239e-05
6.399745155096550953e+00 6.290674111669544873e-05
6.412021048691203262e+00 6.260511129081098637e-05
6.424291589113733103e+00 6.230361296693783055e-05
6.436561860313417149e+00 6.200212141571143564e-05
6.448839981748705874e+00 6.170043691841166984e-05
6.461108547751658548e+00 6.139898705459663746e-05
6.473374451307642552e+00 6.109760264860933474e-05
6.485648452683405729e+00 6.079601936380119698e-05
6.497912794912579670e+00 6.049467342307887082e-05
6.510188675064301655e+00 6.019304389956101325e-05
6.522469883466725626e+00 5.989962197284992259e-05
6.534740035532724534e+00 5.961801215443957513e-05
6.547014109070398824e+00 5.933638563486210604e-05
6.559280453511415310e+00 5.905493650156185340e-05
6.571544309808293960e+00 5.877354442250177829e-05
6.583821092479313464e+00 5.849185570466464395e-05
6.596089921004116619e+00 5.821034955784974761e-05
6.608365544053812712e+00 5.792868746088393277e-05
6.620644703812256893e+00 5.764694426044850173e-05
6.632912942264358236e+00 5.736545163795844711e-05
6.645177683617404796e+00 5.708471074387612480e-05
6.657442543711369787e+00 5.681696010759450130e-05
6.669722534938342662e+00 5.655388159124554018e-05
6.681993318463547382e+00 5.629100041419792563e-05
6.694261204019748668e+00 5.602818119944467630e-05
6.706541488313978228e+00 5.576509651132938367e-05
6.718813955717831021e+00 5.550217919280508300e-05
6.731080972576989119e+00 5.523937863964298626e-05
6.743359824121949231e+00 5.497632461769732983e-05
6.755631353408082518e+00 5.471342742686082145e-05
6.767898304576293711e+00 5.445062818983291772e-05
6.780174663240607913e+00 5.418910152670755197e-05
6.792450332450066242e+00 5.394054327176846854e-05
6.804726074812886161e+00 5.369500620978942372e-05
6.816986550199255923e+00 5.344977445324470763e-05
6.829262858100193512e+00 5.320422607709061565e-05
6.841539361448875312e+00 5.295867383695731872e-05
6.853798339181921051e+00 5.271347215993306748e-05
6.866070662062549346e+00 5.246800351132020166e-05
6.878342039442563838e+00 5.222255377422265426e-05
6.890609277951348588e+00 5.197718682088096361e-05
6.902882119035200326e+00 5.173170787395635421e-05
6.915161583719115157e+00 5.148701586870756955e-05
6.927430680718094536e+00 5.125434075738742292e-05
6.939709919086802792e+00 5.102509401224578301e-05
6.951990815117643052e+00 5.079581633359531655e-05
6.964254035975310231e+00 5.056686859943714397e-05
6.976522773357487495e+00 5.033781792401608986e-05
6.988800533124341463e+00 5.010859876154722905e-05
7.001071106094600260e+00 4.987951379331366167e-05
7.013333865652984223e+00 4.965057470896917639e-05
7.025600402972400182e+00 4.942156511649606538e-05
7.037876815905639738e+00 4.919237098473902857e-05
7.050143162335931635e+00 4.896337549946358671e-05
7.062413118975667814e+00 4.874307760864003859e-05
7.074690835034955327e+00 4.853023620745922285e-05
7.086953823365687910e+00 4.831765017612424829e-05
7.099228383676583043e+00 4.810486346189538022e-05
7.111513847242655117e+00 4.789188772292997506e-05
7.123796124336221780e+00 4.767896725007260509e-05
7.136061299463858809e+00 4.746634325329533748e-05
7.148327355427038121e+00 4.725370397635503006e-05
7.160609574504935182e+00 4.704078447977230390e-05
7.172879532441566397e+00 4.682807770574632381e-05
7.185145013609509412e+00 4.661544832354155322e-05
7.197419400246670484e+00 4.640473270931664602e-05
7.209686158792262489e+00 4.620590708071684261e-05
7.221957944822181119e+00 4.600885451115055663e-05
7.234230264056627391e+00 4.581179338140870558e-05
7.246500669247545545e+00 4.561476304384859295e-05
7.258778712036681569e+00 4.541761000795089263e-05
7.271045876620886972e+00 4.522063165572355977e-05
7.283317379378636325e+00 4.502358364522416327e-05
7.295585645099416539e+00 4.482658763145263333e-05
7.307853272958525714e+00 4.462960187053941239e-05
7.320126745335258533e+00 4.443252217590200950e-05
7.332403784514088585e+00 4.423538531933307350e-05
7.344684206752194910e+00 4.404195024510707527e-05
7.356944630619157266e+00 4.385773653817633236e-05
7.369203505154014344e+00 4.367392199089721025e-05
7.381489563580306168e+00 4.348969988048808759e-05
7.393767997341700315e+00 4.330559204451555803e-05
7.406035012783036109e+00 4.312165542464464128e-05
7.418310408017617874e+00 4.293759320925269425e-05
7.430583523958874004e+00 4.275356512913878646e-05
7.442848698749097380e+00 4.256965612051535951e-05
7.455115140482812208e+00 4.238572813547621110e-05
7.467393400753554289e+00 4.220162291483368542e-05
7.479670706718533957e+00 4.201753201096969636e-05
7.491938287174950695e+00 4.183718478569366326e-05
7.504211718186098778e+00 4.166504646009683239e-05
7.516487524916406926e+00 4.149320392694395924e-05
7.528756717252752750e+00 4.132145397537560181e-05
7.541025073247601185e+00 4.114971573063203075e-05
7.553289932926945838e+00 4.097802640376404897e-05
7.565561465824747422e+00 4.080624370394651075e-05
7.577833530066534706e+00 4.063445352965202966e-05
7.590111647225785241e+00 4.046257857556834832e-05
7.602381972987688030e+00 4.029081282940750287e-05
7.614655952603478717e+00 4.011899583599974639e-05
7.626936654011594818e+00 3.994708477108464470e-05
7.639201077174127441e+00 3.977704063096924018e-05
7.651464677559008720e+00 3.961556779894949946e-05
7.663742408944604456e+00 3.945513596769240110e-05
7.676018682205153709e+00 3.929472320169812607e-05
7.688277897293473551e+00 3.913453327053770166e-05
7.700553029590799348e+00 3.897413533707387383e-05
7.712841539575106431e+00 3.881356267367791024e-05
7.725115900344815323e+00 3.865317480622378082e-05
7.737377467933403530e+00 3.849295417539036875e-05
7.749649077377426032e+00 3.833260230349309596e-05
7.761925140087297059e+00 3.817219225755895319e-05
7.774189133048908573e+00 3.801193991195836257e-05
7.786454493502858121e+00 3.785168926763294006e-05
7.798729952904426277e+00 3.769725267691894071e-05
7.811006225976846906e+00 3.754753299265122635e-05
7.823273097295126988e+00 3.739792793794901557e-05
7.835544041210333432e+00 3.724827323879023616e-05
7.847819977077952203e+00 3.709855765399122467e-05
7.860089479685364644e+00 3.694892055012720719e-05
7.872351698554277633e+00 3.679937225565395288e-05
7.884626620084905113e+00 3.664966902309814564e-05
7.896910675867973239e+00 3.649985441643183599e-05
7.909185804878801740e+00 3.635014865700490782e-05
7.921449240942633807e+00 3.620058541836872163e-05
7.933712714466360616e+00 3.605102190007657126e-05
7.945992141775624518e+00 3.590182409418185230e-05
7.958263943266027596e+00 3.575993268455507763e-05
7.970529202206244612e+00 3.562034306843745617e-05
7.982815072190602379e+00 3.548051897193138017e-05
7.995091666618705517e+00 3.534080036061380679e-05
8.007352534518663134e+00 3.520126078033470848e-05
8.019627496013539414e+00 3.506156079635578641e-05
8.031903657762798687e+00 3.492184715857645687e-05
8.044177829663981427e+00 3.478215615135626324e-05
8.056443469555411241e+00 3.464256225413458573e-05
8.068702238919343017e+00 3.450304654690784643e-05
8.080979834332703504e+00 3.436331657683658661e-05
8.093254128705954287e+00 3.422362419368395073e-05
8.105527172113761836e+00 3.408454251968910632e-05
8.117799824830797206e+00 3.395246821867202778e-05
8.130070746172389562e+00 3.382242721014395851e-05
8.142347574779897457e+00 3.369232367162305468e-05
8.154613735759548732e+00 3.356233311847390790e-05
8.166891969913633531e+00 3.343221464944752302e-05
8.179177536943971205e+00 3.330201851059167394e-05
8.191440517885343553e+00 3.317206165932207109e-05
8.203698614659973742e+00 3.304215660043125104e-05
8.215977151523059518e+00 3.291203492365399487e-05
8.228243676889508862e+00 3.278204048366328198e-05
8.240504435001721362e+00 3.265210726339054411e-05
8.252785707216327538e+00 3.252195655601600557e-05
8.265065671816016035e+00 3.239188252865357230e-05
8.277324557407441219e+00 3.226802122804094174e-05
8.289585748629670903e+00 3.214809974807940264e-05
8.301876533943493897e+00 3.202788895630611239e-05
8.314155975094262629e+00 3.190778892303747130e-05
8.326420353875711555e+00 3.178783633924720463e-05
8.338685510668618406e+00 3.166787612765825638e-05
8.350960538704741865e+00 3.154781929519937965e-05
8.363227608907420674e+00 3.142784045111494864e-05
8.375495329190206562e+00 3.130785515631908587e-05
8.387774699174400439e+00 3.118775590574455830e-05
8.400050511116273100e+00 3.106769148139934702e-05
8.412324122887586242e+00 3.094764855797610279e-05
8.424591878007328560e+00 3.082766295843991010e-05
8.436851759049160293e+00 3.070919843099593230e-05
8.449126411638403056e+00 3.059649405599236874e-05
8.461409711470588846e+00 3.048433506900872754e-05
8.473680804149562817e+00 3.037228755958181170e-05
8.485956002545906429e+00 3.026020254172278188e-05
8.498224272441392557e+00 3.014818079803398089e-05
8.510487954240929298e+00 3.003620095821498540e-05
8.522772412692955157e+00 2.992403138745814038e-05
8.535053796640809765e+00 2.981188989470813728e-05
8.547317748051932895e+00 2.969990758260969749e-05
8.559569273047319626e+00 2.958803872206835974e-05
8.571845887373589434e+00 2.947594079746812949e-05
8.584118781488212946e+00 2.936387684824402094e-05
8.596382973081230006e+00 2.925189234534715212e-05
8.608649465365420639e+00 2.914242192960786313e-05
8.620929667616577419e+00 2.903764608629913236e-05
8.633209558916400184e+00 2.893298816766274798e-05
8.645469584347553749e+00 2.882849958233817426e-05
8.657746282655869763e+00 2.872386889382688637e-05
8.670026385849459061e+00 2.861920916296390097e-05
8.682297386725101873e+00 2.851462700668540767e-05
8.694565164370990473e+00 2.841007235667787051e-05
8.706839111581698987e+00 2.830546513020621590e-05
8.719120369574609342e+00 2.820079558116088820e-05
8.731387350995687413e+00 2.809624766956138681e-05
8.743648761245099266e+00 2.799174724990182475e-05
8.755929919930125038e+00 2.788707854426458036e-05
8.768209851493411477e+00 2.778242028744690704e-05
8.780467259624447962e+00 2.768003473780222343e-05
8.792716897867451920e+00 2.758242563029585461e-05
8.804990788692478532e+00 2.748480580238098052e-05
8.817278480690440290e+00 2.738707623256151009e-05
8.829539106754184630e+00 2.728956186305046944e-05
8.841804501929178883e+00 2.719200962407036646e-05
8.854088314059325171e+00 2.709431090522836601e-05
8.866365466353054003e+00 2.699666513371762818e-05
8.878627519001241808e+00 2.689913946488133237e-05
8.890896645518441943e+00 2.680155753810646536e-05
8.903187831684247655e+00 2.670380014580854634e-05
8.915456225116132671e+00 2.660622403954019099e-05
8.927709781126756283e+00 2.650876596392020101e-05
8.939990152027949222e+00 2.641109465722627961e-05
8.952272270807998922e+00 2.631403022264329242e-05
8.964541107018792587e+00 2.622193999339837754e-05
8.976809356349257030e+00 2.613089368924234233e-05
8.989080468384209155e+00 2.603982610141098106e-05
9.001360866934389193e+00 2.594868967219219862e-05
9.013628467605453665e+00 2.585764818084457258e-05
9.025896643178507261e+00 2.576660242337459940e-05
9.038179937995256097e+00 2.567544447014943399e-05
9.050449765342662545e+00 2.558438643704080161e-05
9.062703389140500221e+00 2.549344869842431013e-05
9.074965207442557968e+00 2.540245011177657449e-05
9.087254563502222382e+00 2.531124717722171971e-05
9.099528168298895991e+00 2.522016113369395196e-05
9.111784657965019463e+00 2.512920209171284002e-05
9.124064072285285931e+00 2.503807292304725615e-05
9.136356442171548409e+00 2.494886982737223459e-05
9.148620768239394963e+00 2.486384753158205776e-05
9.160876544471626914e+00 2.477898970383865396e-05
9.173170706417419495e+00 2.469386613269647409e-05
9.185440601819509610e+00 2.460891057210005047e-05
9.197674402580403807e+00 2.452420492025855832e-05
9.209944845369468780e+00 2.443924555336488073e-05
9.222235240478099172e+00 2.435414805425827002e-05
9.234498421270382451e+00 2.426923895913931834e-05
9.246753046439533108e+00 2.418438912823007999e-05
9.259037423527585631e+00 2.409933328136509888e-05
9.271318620244818121e+00 2.401429947378871461e-05
9.283583735052717500e+00 2.392937701849610490e-05
9.295857464896441158e+00 2.384439488634779365e-05
9.308129938852692575e+00 2.375942148785013946e-05
9.320409396199853092e+00 2.367669214809404917e-05
9.332685982394551161e+00 2.359737585032077717e-05
9.344943288712755702e+00 2.351821533341132345e-05
9.357241097457126955e+00 2.343879322137439939e-05
9.369539418685082666e+00 2.335936784393555281e-05
9.381779229270216902e+00 2.328032035671176374e-05
9.394040987290516398e+00 2.320113107293535619e-05
9.406338762356838856e+00 2.312170918982042620e-05
9.418612061369849187e+00 2.304244539116359408e-05
9.430853312326764382e+00 2.296338855281180252e-05
9.443145451901411747e+00 2.288400308803866786e-05
9.455452709694613489e+00 2.280451997571609360e-05
9.467696364511542839e+00 2.272544763388564370e-05
9.479945819457697098e+00 2.264633779938152473e-05
9.492244655254580721e+00 2.256690909818917089e-05
9.504520965108966379e+00 2.248907129849695363e-05
9.516771803388767381e+00 2.241582869923061043e-05
9.529051481510224519e+00 2.234271997461255920e-05
9.541350025665284562e+00 2.226949895596420185e-05
9.553614768156799997e+00 2.219647920054575258e-05
9.565852790388564841e+00 2.212361841650660376e-05
9.578130809331275586e+00 2.205051978047186873e-05
9.590421864960230636e+00 2.197734360853709370e-05
9.602686181770573981e+00 2.190432591916810403e-05
9.614937662773536786e+00 2.183138509762948644e-05
9.627210560705263376e+00 2.175831681522076328e-05
9.639520699396086911e+00 2.168502671421182603e-05
9.651794241248827788e+00 2.161195456015729767e-05
9.664021032207420703e+00 2.153916072376055204e-05
9.676318634298157306e+00 2.146594528080299284e-05
9.688615674018457469e+00 2.139280197990590010e-05
9.700826852982181947e+00 2.132330782916071684e-05
9.713081166884682816e+00 2.125530390683991872e-05
9.725420455621609506e+00 2.118682840422747183e-05
9.737699645480059729e+00 2.111868643287952496e-05
9.749902593026686048e+00 2.105096754659229068e-05
9.762190849728799691e+00 2.098277526457127982e-05
9.774524940846697874e+00 2.091432859841753600e-05
9.786774990485199055e+00 2.084634834941109785e-05
9.798979237984754675e+00 2.077862225948317126e-05
9.811278410684318274e+00 2.071036937479831249e-05
9.823611365372379112e+00 2.064192906197238192e-05
9.835856550733424797e+00 2.057397577259503606e-05
9.848110951745821851e+00 2.050597138752105689e-05
9.860407999080017305e+00 2.043773031178515502e-05
9.872697756535982805e+00 2.036952966579806248e-05
9.884901659674879326e+00 2.030204603109200343e-05
9.897163985466415070e+00 2.023752186817252274e-05
9.909521851063152198e+00 2.017352198245826893e-05
9.921769663419794938e+00 2.011009203064935245e-05
9.933970968713669691e+00 2.004690294029866588e-05
9.946258349058943793e+00 1.998326807833266308e-05
9.958599731472778771e+00 1.991935355543944197e-05
9.970856168930207986e+00 1.985587897544166880e-05
9.983057062371893053e+00 1.979269201895379117e-05
9.995368158914336831e+00 1.972893425708833302e-05
1.000768766130018861e+01 1.966513306424577811e-05
1.001992053321067289e+01 1.960178055991917091e-05
1.003216821560764771e+01 1.953835124242234581e-05
1.004452721403794868e+01 1.947434549867938959e-05
1.005681735429030432e+01 1.941069633797341289e-05
1.006892582260663183e+01 1.934798801445200729e-05
1.008118098452082378e+01 1.928458724763364924e-05
1.009358755195854052e+01 1.922319088037240987e-05
1.010587134048773628e+01 1.916383757568878077e-05
1.011803703711579772e+01 1.910505483475099519e-05
1.013033056705357637e+01 1.904565444620557634e-05
1.014269263027678747e+01 1.898592291680028043e-05
1.015492120489713024e+01 1.892683636552186069e-05
1.016713759032503184e+01 1.886780871136853975e-05
1.017948266035775617e+01 1.880815930486195211e-05
1.019180049867154914e+01 1.874864146983270700e-05
1.020392979284387813e+01 1.869003461059727826e-05
1.021616753504563135e+01 1.863090379087179615e-05
1.022862669528350033e+01 1.857070308284947482e-05
1.024089245129418302e+01 1.851143691278663990e-05
1.025291723007928013e+01 1.845333506924603178e-05
1.026520932100148897e+01 1.839394162402404175e-05
1.027774506306910318e+01 1.833337090479639732e-05
1.028999589535894721e+01 1.827519982715668698e-05
1.030201632116065191e+01 1.822086601191776100e-05
1.031435683160246697e+01 1.816524140002403413e-05
1.032681210725006338e+01 1.810909952364030782e-05
1.033902832711680553e+01 1.805403515728163741e-05
1.035115261018229660e+01 1.799938520075702520e-05
1.036349925152719464e+01 1.794373297976746873e-05
1.037588452686740936e+01 1.788790654849011180e-05
1.038798882750531583e+01 1.783334666256924264e-05
1.040024061411546796e+01 1.777812195364527690e-05
1.041275466762403745e+01 1.772171516522262391e-05
1.042497437395719295e+01 1.766663505831261814e-05
1.043688539230566192e+01 1.761294634489923722e-05
1.044935704554474043e+01 1.755673066863853817e-05
1.046202522343027752e+01 1.749962914816249521e-05
1.047400785250685118e+01 1.744561767608789285e-05
1.048587764924572419e+01 1.739211480692388808e-05
1.049857477665452521e+01 1.733642787306326186e-05
1.051126978619461916e+01 1.728304257833162148e-05
1.052285386394314770e+01 1.723433553797207275e-05
1.053473993131735220e+01 1.718435869235073076e-05
1.054774671867871128e+01 1.712966964435696517e-05
1.056046331403275573e+01 1.707620071507034125e-05
1.057159342937813484e+01 1.702940244559250573e-05
1.058363554604334311e+01 1.697876942691382385e-05
1.059705223772767368e+01 1.692235689282838539e-05
1.060980007826281124e+01 1.686875658961057114e-05
1.062041006728784431e+01 1.682414529758675739e-05
1.063264563316425537e+01 1.677269884442461845e-05
1.064639384541436584e+01 1.671489237102279896e-05
1.065914814163454949e+01 1.666126492453769256e-05
1.066936599425687149e+01 1.661830239601896379e-05
1.068170647251649896e+01 1.656641495754571479e-05
1.069565989882602963e+01 1.650774555695878033e-05
1.070841615580203232e+01 1.645542822333892035e-05
1.071820812972623926e+01 1.641702104266255213e-05
1.073084847252518337e+01 1.636746116809288749e-05
1.074490552624379625e+01 1.631234663292397937e-05
1.075610992590358350e+01 1.626841675346417412e-05
1.076616814766807195e+01 1.622898096308023736e-05
1.078006968453032144e+01 1.617447618395159196e-05
1.079413827513433510e+01 1.611931651739283405e-05
1.080500555627140002e+01 1.607670844945751829e-05
1.081522922201470926e+01 1.603662378209384616e-05
1.082926366203709634e+01 1.598159803363255528e-05
1.084324133780694766e+01 1.592679473105818033e-05
1.085447970303622078e+01 1.588273136638401092e-05
1.086383196285792785e+01 1.584606356378311993e-05
1.087748622894287109e+01 1.579252921146689914e-05
