1.0528499241e-05	9.9997851343e-01	9.9997850814e-01	0.0000000000e+00	0.0000000000e+00	1.0004566383e+00	1.0000000000e+00	
1.0773739492e-05	9.9997851502e-01	9.9997850948e-01	0.0000000000e+00	0.0000000000e+00	1.0004566054e+00	1.0000000000e+00	
1.1024692123e-05	9.9997851668e-01	9.9997851088e-01	0.0000000000e+00	0.0000000000e+00	1.0004565710e+00	1.0000000000e+00	
1.1281490192e-05	9.9997851842e-01	9.9997851235e-01	0.0000000000e+00	0.0000000000e+00	1.0004565349e+00	1.0000000000e+00	
1.1544269856e-05	9.9997852024e-01	9.9997851388e-01	0.0000000000e+00	0.0000000000e+00	1.0004564972e+00	1.0000000000e+00	
1.1813170444e-05	9.9997852215e-01	9.9997851549e-01	0.0000000000e+00	0.0000000000e+00	1.0004564577e+00	1.0000000000e+00	
1.2088334532e-05	9.9997852415e-01	9.9997851718e-01	0.0000000000e+00	0.0000000000e+00	1.0004564163e+00	1.0000000000e+00	
1.2369908015e-05	9.9997852624e-01	9.9997851894e-01	0.0000000000e+00	0.0000000000e+00	1.0004563729e+00	1.0000000000e+00	
1.2658040187e-05	9.9997852843e-01	9.9997852079e-01	0.0000000000e+00	0.0000000000e+00	1.0004563275e+00	1.0000000000e+00	
1.2952883819e-05	9.9997853073e-01	9.9997852272e-01	0.0000000000e+00	0.0000000000e+00	1.0004562800e+00	1.0000000000e+00	
1.3254595242e-05	9.9997853313e-01	9.9997852475e-01	0.0000000000e+00	0.0000000000e+00	1.0004562302e+00	1.0000000000e+00	
1.3563334427e-05	9.9997853565e-01	9.9997852687e-01	0.0000000000e+00	0.0000000000e+00	1.0004561781e+00	1.0000000000e+00	
1.3879265071e-05	9.9997853828e-01	9.9997852909e-01	0.0000000000e+00	0.0000000000e+00	1.0004561235e+00	1.0000000000e+00	
1.4202554685e-05	9.9997854104e-01	9.9997853141e-01	0.0000000000e+00	0.0000000000e+00	1.0004560664e+00	1.0000000000e+00	
1.4533374682e-05	9.9997854393e-01	9.9997853385e-01	0.0000000000e+00	0.0000000000e+00	1.0004560065e+00	1.0000000000e+00	
1.4871900466e-05	9.9997854695e-01	9.9997853640e-01	0.0000000000e+00	0.0000000000e+00	1.0004559439e+00	1.0000000000e+00	
1.5218311529e-05	9.9997855012e-01	9.9997853907e-01	0.0000000000e+00	0.0000000000e+00	1.0004558783e+00	1.0000000000e+00	
1.5572791542e-05	9.9997855344e-01	9.9997854186e-01	0.0000000000e+00	0.0000000000e+00	1.0004558096e+00	1.0000000000e+00	
1.5935528455e-05	9.9997855691e-01	9.9997854479e-01	0.0000000000e+00	0.0000000000e+00	1.0004557376e+00	1.0000000000e+00	
1.6306714596e-05	9.9997856055e-01	9.9997854786e-01	0.0000000000e+00	0.0000000000e+00	1.0004556623e+00	1.0000000000e+00	
1.6686546774e-05	9.9997856435e-01	9.9997855107e-01	0.0000000000e+00	0.0000000000e+00	1.0004555834e+00	1.0000000000e+00	
1.7075226379e-05	9.9997856834e-01	9.9997855443e-01	0.0000000000e+00	0.0000000000e+00	1.0004555008e+00	1.0000000000e+00	
1.7472959495e-05	9.9997857252e-01	9.9997855795e-01	0.0000000000e+00	0.0000000000e+00	1.0004554143e+00	1.0000000000e+00	
1.7879957006e-05	9.9997857689e-01	9.9997856163e-01	0.0000000000e+00	0.0000000000e+00	1.0004553238e+00	1.0000000000e+00	
1.8296434706e-05	9.9997858147e-01	9.9997856549e-01	0.0000000000e+00	0.0000000000e+00	1.0004552289e+00	1.0000000000e+00	
1.8722613418e-05	9.9997858626e-01	9.9997856953e-01	0.0000000000e+00	0.0000000000e+00	1.0004551296e+00	1.0000000000e+00	
1.9158719108e-05	9.9997859128e-01	9.9997857377e-01	0.0000000000e+00	0.0000000000e+00	1.0004550256e+00	1.0000000000e+00	
1.9604983005e-05	9.9997859654e-01	9.9997857820e-01	0.0000000000e+00	0.0000000000e+00	1.0004549168e+00	1.0000000000e+00	
2.0061641722e-05	9.9997860204e-01	9.9997858284e-01	0.0000000000e+00	0.0000000000e+00	1.0004548027e+00	1.0000000000e+00	
2.0528937388e-05	9.9997860781e-01	9.9997858769e-01	0.0000000000e+00	0.0000000000e+00	1.0004546833e+00	1.0000000000e+00	
2.1007117768e-05	9.9997861384e-01	9.9997859278e-01	0.0000000000e+00	0.0000000000e+00	1.0004545583e+00	1.0000000000e+00	
2.1496436400e-05	9.9997862016e-01	9.9997859811e-01	0.0000000000e+00	0.0000000000e+00	1.0004544274e+00	1.0000000000e+00	
2.1997152727e-05	9.9997862678e-01	9.9997860369e-01	0.0000000000e+00	0.0000000000e+00	1.0004542903e+00	1.0000000000e+00	
2.2509532236e-05	9.9997863371e-01	9.9997860953e-01	0.0000000000e+00	0.0000000000e+00	1.0004541468e+00	1.0000000000e+00	
2.3033846597e-05	9.9997864096e-01	9.9997861565e-01	0.0000000000e+00	0.0000000000e+00	1.0004539965e+00	1.0000000000e+00	
2.3570373808e-05	9.9997864856e-01	9.9997862205e-01	0.0000000000e+00	0.0000000000e+00	1.0004538391e+00	1.0000000000e+00	
2.4119398343e-05	9.9997865652e-01	9.9997862876e-01	0.0000000000e+00	0.0000000000e+00	1.0004536743e+00	1.0000000000e+00	
2.4681211302e-05	9.9997866485e-01	9.9997863578e-01	0.0000000000e+00	0.0000000000e+00	1.0004535017e+00	1.0000000000e+00	
2.5256110567e-05	9.9997867357e-01	9.9997864313e-01	0.0000000000e+00	0.0000000000e+00	1.0004533210e+00	1.0000000000e+00	
2.5844400955e-05	9.9997868271e-01	9.9997865083e-01	0.0000000000e+00	0.0000000000e+00	1.0004531318e+00	1.0000000000e+00	
2.6446394387e-05	9.9997869227e-01	9.9997865890e-01	0.0000000000e+00	0.0000000000e+00	1.0004529337e+00	1.0000000000e+00	
2.7062410047e-05	9.9997870229e-01	9.9997866734e-01	0.0000000000e+00	0.0000000000e+00	1.0004527262e+00	1.0000000000e+00	
2.7692774556e-05	9.9997871277e-01	9.9997867618e-01	0.0000000000e+00	0.0000000000e+00	1.0004525089e+00	1.0000000000e+00	
2.8337822140e-05	9.9997872376e-01	9.9997868544e-01	0.0000000000e+00	0.0000000000e+00	1.0004522814e+00	1.0000000000e+00	
2.8997894812e-05	9.9997873526e-01	9.9997869513e-01	0.0000000000e+00	0.0000000000e+00	1.0004520432e+00	1.0000000000e+00	
2.9673342552e-05	9.9997874730e-01	9.9997870528e-01	0.0000000000e+00	0.0000000000e+00	1.0004517938e+00	1.0000000000e+00	
3.0364523491e-05	9.9997875991e-01	9.9997871591e-01	0.0000000000e+00	0.0000000000e+00	1.0004515326e+00	1.0000000000e+00	
3.1071804102e-05	9.9997877311e-01	9.9997872704e-01	0.0000000000e+00	0.0000000000e+00	1.0004512591e+00	1.0000000000e+00	
3.1795559395e-05	9.9997878694e-01	9.9997873870e-01	0.0000000000e+00	0.0000000000e+00	1.0004509727e+00	1.0000000000e+00	
3.2536173115e-05	9.9997880141e-01	9.9997875090e-01	0.0000000000e+00	0.0000000000e+00	1.0004506728e+00	1.0000000000e+00	
3.3294037944e-05	9.9997881657e-01	9.9997876368e-01	0.0000000000e+00	0.0000000000e+00	1.0004503588e+00	1.0000000000e+00	
3.4069555713e-05	9.9997883245e-01	9.9997877706e-01	0.0000000000e+00	0.0000000000e+00	1.0004500299e+00	1.0000000000e+00	
3.4863137611e-05	9.9997884907e-01	9.9997879107e-01	0.0000000000e+00	0.0000000000e+00	1.0004496856e+00	1.0000000000e+00	
3.5675204406e-05	9.9997886648e-01	9.9997880575e-01	0.0000000000e+00	0.0000000000e+00	1.0004493251e+00	1.0000000000e+00	
3.6506186667e-05	9.9997888470e-01	9.9997882111e-01	0.0000000000e+00	0.0000000000e+00	1.0004489475e+00	1.0000000000e+00	
3.7356524992e-05	9.9997890379e-01	9.9997883720e-01	0.0000000000e+00	0.0000000000e+00	1.0004485522e+00	1.0000000000e+00	
3.8226670240e-05	9.9997892377e-01	9.9997885404e-01	0.0000000000e+00	0.0000000000e+00	1.0004481382e+00	1.0000000000e+00	
3.9117083775e-05	9.9997894470e-01	9.9997887168e-01	0.0000000000e+00	0.0000000000e+00	1.0004477048e+00	1.0000000000e+00	
4.0028237705e-05	9.9997896661e-01	9.9997889015e-01	0.0000000000e+00	0.0000000000e+00	1.0004472509e+00	1.0000000000e+00	
4.0960615137e-05	9.9997898955e-01	9.9997890949e-01	0.0000000000e+00	0.0000000000e+00	1.0004467756e+00	1.0000000000e+00	
4.1914710429e-05	9.9997901358e-01	9.9997892975e-01	0.0000000000e+00	0.0000000000e+00	1.0004462779e+00	1.0000000000e+00	
4.2891029456e-05	9.9997903874e-01	9.9997895095e-01	0.0000000000e+00	0.0000000000e+00	1.0004457567e+00	1.0000000000e+00	
4.3890089874e-05	9.9997906508e-01	9.9997897316e-01	0.0000000000e+00	0.0000000000e+00	1.0004452110e+00	1.0000000000e+00	
4.4912421398e-05	9.9997909267e-01	9.9997899642e-01	0.0000000000e+00	0.0000000000e+00	1.0004446396e+00	1.0000000000e+00	
4.5958566083e-05	9.9997912155e-01	9.9997902076e-01	0.0000000000e+00	0.0000000000e+00	1.0004440413e+00	1.0000000000e+00	
4.7029078608e-05	9.9997915180e-01	9.9997904626e-01	0.0000000000e+00	0.0000000000e+00	1.0004434147e+00	1.0000000000e+00	
4.8124526573e-05	9.9997918347e-01	9.9997907296e-01	0.0000000000e+00	0.0000000000e+00	1.0004427586e+00	1.0000000000e+00	
4.9245490799e-05	9.9997921664e-01	9.9997910092e-01	0.0000000000e+00	0.0000000000e+00	1.0004420716e+00	1.0000000000e+00	
5.0392565636e-05	9.9997925136e-01	9.9997913019e-01	0.0000000000e+00	0.0000000000e+00	1.0004413523e+00	1.0000000000e+00	
5.1566359279e-05	9.9997928773e-01	9.9997916084e-01	0.0000000000e+00	0.0000000000e+00	1.0004405990e+00	1.0000000000e+00	
5.2767494087e-05	9.9997932581e-01	9.9997919294e-01	0.0000000000e+00	0.0000000000e+00	1.0004398102e+00	1.0000000000e+00	
5.3996606920e-05	9.9997936568e-01	9.9997922655e-01	0.0000000000e+00	0.0000000000e+00	1.0004389843e+00	1.0000000000e+00	
5.5254349468e-05	9.9997940743e-01	9.9997926175e-01	0.0000000000e+00	0.0000000000e+00	1.0004381194e+00	1.0000000000e+00	
5.6541388603e-05	9.9997945115e-01	9.9997929860e-01	0.0000000000e+00	0.0000000000e+00	1.0004372138e+00	1.0000000000e+00	
5.7858406732e-05	9.9997949693e-01	9.9997933719e-01	0.0000000000e+00	0.0000000000e+00	1.0004362655e+00	1.0000000000e+00	
5.9206102153e-05	9.9997954486e-01	9.9997937760e-01	0.0000000000e+00	0.0000000000e+00	1.0004352725e+00	1.0000000000e+00	
6.0585189434e-05	9.9997959506e-01	9.9997941991e-01	0.0000000000e+00	0.0000000000e+00	1.0004342327e+00	1.0000000000e+00	
6.1996399783e-05	9.9997964762e-01	9.9997946422e-01	0.0000000000e+00	0.0000000000e+00	1.0004331439e+00	1.0000000000e+00	
6.3440481445e-05	9.9997970266e-01	9.9997951061e-01	0.0000000000e+00	0.0000000000e+00	1.0004320039e+00	1.0000000000e+00	
6.4918200089e-05	9.9997976029e-01	9.9997955919e-01	0.0000000000e+00	0.0000000000e+00	1.0004308100e+00	1.0000000000e+00	
6.6430339223e-05	9.9997982064e-01	9.9997961006e-01	0.0000000000e+00	0.0000000000e+00	1.0004295600e+00	1.0000000000e+00	
6.7977700602e-05	9.9997988383e-01	9.9997966333e-01	0.0000000000e+00	0.0000000000e+00	1.0004282510e+00	1.0000000000e+00	
6.9561104657e-05	9.9997995000e-01	9.9997971911e-01	0.0000000000e+00	0.0000000000e+00	1.0004268803e+00	1.0000000000e+00	
7.1181390931e-05	9.9998001929e-01	9.9997977751e-01	0.0000000000e+00	0.0000000000e+00	1.0004254451e+00	1.0000000000e+00	
7.2839418520e-05	9.9998009184e-01	9.9997983867e-01	0.0000000000e+00	0.0000000000e+00	1.0004239422e+00	1.0000000000e+00	
7.4536066534e-05	9.9998016781e-01	9.9997990271e-01	0.0000000000e+00	0.0000000000e+00	1.0004223685e+00	1.0000000000e+00	
7.6272234556e-05	9.9998024736e-01	9.9997996976e-01	0.0000000000e+00	0.0000000000e+00	1.0004207206e+00	1.0000000000e+00	
7.8048843127e-05	9.9998033066e-01	9.9998003998e-01	0.0000000000e+00	0.0000000000e+00	1.0004189951e+00	1.0000000000e+00	
7.9866834227e-05	9.9998041789e-01	9.9998011351e-01	0.0000000000e+00	0.0000000000e+00	1.0004171882e+00	1.0000000000e+00	
8.1727171781e-05	9.9998050922e-01	9.9998019050e-01	0.0000000000e+00	0.0000000000e+00	1.0004152962e+00	1.0000000000e+00	
8.3630842162e-05	9.9998060486e-01	9.9998027112e-01	0.0000000000e+00	0.0000000000e+00	1.0004133151e+00	1.0000000000e+00	
8.5578854723e-05	9.9998070501e-01	9.9998035553e-01	0.0000000000e+00	0.0000000000e+00	1.0004112406e+00	1.0000000000e+00	
8.7572242325e-05	9.9998080987e-01	9.9998044393e-01	0.0000000000e+00	0.0000000000e+00	1.0004090684e+00	1.0000000000e+00	
8.9612061890e-05	9.9998091968e-01	9.9998053649e-01	0.0000000000e+00	0.0000000000e+00	1.0004067938e+00	1.0000000000e+00	
9.1699394956e-05	9.9998103466e-01	9.9998063341e-01	0.0000000000e+00	0.0000000000e+00	1.0004044120e+00	1.0000000000e+00	
9.3835348255e-05	9.9998115506e-01	9.9998073490e-01	0.0000000000e+00	0.0000000000e+00	1.0004019180e+00	1.0000000000e+00	
9.6021054297e-05	9.9998128113e-01	9.9998084117e-01	0.0000000000e+00	0.0000000000e+00	1.0003993065e+00	1.0000000000e+00	
9.8257671974e-05	9.9998141314e-01	9.9998095244e-01	0.0000000000e+00	0.0000000000e+00	1.0003965720e+00	1.0000000000e+00	
1.0054638717e-04	9.9998155138e-01	9.9998106896e-01	0.0000000000e+00	0.0000000000e+00	1.0003937085e+00	1.0000000000e+00	
1.0288841339e-04	9.9998169612e-01	9.9998119097e-01	0.0000000000e+00	0.0000000000e+00	1.0003907102e+00	1.0000000000e+00	
1.0528499241e-04	9.9998184769e-01	9.9998131873e-01	0.0000000000e+00	0.0000000000e+00	1.0003875706e+00	1.0000000000e+00	
1.0773739492e-04	9.9998200639e-01	9.9998145251e-01	0.0000000000e+00	0.0000000000e+00	1.0003842831e+00	1.0000000000e+00	
1.1024692123e-04	9.9998217258e-01	9.9998159259e-01	0.0000000000e+00	0.0000000000e+00	1.0003808406e+00	1.0000000000e+00	
1.1281490192e-04	9.9998234659e-01	9.9998173927e-01	0.0000000000e+00	0.0000000000e+00	1.0003772360e+00	1.0000000000e+00	
1.1544269856e-04	9.9998252881e-01	9.9998189286e-01	0.0000000000e+00	0.0000000000e+00	1.0003734615e+00	1.0000000000e+00	
1.1813170444e-04	9.9998271961e-01	9.9998205369e-01	0.0000000000e+00	0.0000000000e+00	1.0003695092e+00	1.0000000000e+00	
1.2088334532e-04	9.9998291940e-01	9.9998222209e-01	0.0000000000e+00	0.0000000000e+00	1.0003653707e+00	1.0000000000e+00	
1.2369908015e-04	9.9998312860e-01	9.9998239843e-01	0.0000000000e+00	0.0000000000e+00	1.0003610372e+00	1.0000000000e+00	
1.2658040187e-04	9.9998334765e-01	9.9998258307e-01	0.0000000000e+00	0.0000000000e+00	1.0003564996e+00	1.0000000000e+00	
1.2952883819e-04	9.9998357703e-01	9.9998277642e-01	0.0000000000e+00	0.0000000000e+00	1.0003517482e+00	1.0000000000e+00	
1.3254595242e-04	9.9998381722e-01	9.9998297887e-01	0.0000000000e+00	0.0000000000e+00	1.0003467729e+00	1.0000000000e+00	
1.3563334427e-04	9.9998406872e-01	9.9998319086e-01	0.0000000000e+00	0.0000000000e+00	1.0003415632e+00	1.0000000000e+00	
1.3879265071e-04	9.9998433206e-01	9.9998341283e-01	0.0000000000e+00	0.0000000000e+00	1.0003361081e+00	1.0000000000e+00	
1.4202554685e-04	9.9998460782e-01	9.9998364526e-01	0.0000000000e+00	0.0000000000e+00	1.0003303961e+00	1.0000000000e+00	
1.4533374682e-04	9.9998489656e-01	9.9998388864e-01	0.0000000000e+00	0.0000000000e+00	1.0003244149e+00	1.0000000000e+00	
1.4871900466e-04	9.9998519891e-01	9.9998414348e-01	0.0000000000e+00	0.0000000000e+00	1.0003181520e+00	1.0000000000e+00	
1.5218311529e-04	9.9998551550e-01	9.9998441033e-01	0.0000000000e+00	0.0000000000e+00	1.0003115941e+00	1.0000000000e+00	
1.5572791542e-04	9.9998584700e-01	9.9998468974e-01	0.0000000000e+00	0.0000000000e+00	1.0003047272e+00	1.0000000000e+00	
1.5935528455e-04	9.9998619412e-01	9.9998498232e-01	0.0000000000e+00	0.0000000000e+00	1.0002975369e+00	1.0000000000e+00	
1.6306714596e-04	9.9998655758e-01	9.9998528867e-01	0.0000000000e+00	0.0000000000e+00	1.0002900080e+00	1.0000000000e+00	
1.6686546773e-04	9.9998693817e-01	9.9998560945e-01	0.0000000000e+00	0.0000000000e+00	1.0002821244e+00	1.0000000000e+00	
1.7075226379e-04	9.9998733669e-01	9.9998594534e-01	0.0000000000e+00	0.0000000000e+00	1.0002738694e+00	1.0000000000e+00	
1.7472959495e-04	9.9998775397e-01	9.9998629705e-01	0.0000000000e+00	0.0000000000e+00	1.0002652257e+00	1.0000000000e+00	
1.7879957006e-04	9.9998819091e-01	9.9998666532e-01	0.0000000000e+00	0.0000000000e+00	1.0002561749e+00	1.0000000000e+00	
1.8296434706e-04	9.9998864842e-01	9.9998705093e-01	0.0000000000e+00	0.0000000000e+00	1.0002466979e+00	1.0000000000e+00	
1.8722613418e-04	9.9998912748e-01	9.9998745470e-01	0.0000000000e+00	0.0000000000e+00	1.0002367745e+00	1.0000000000e+00	
1.9158719108e-04	9.9998962910e-01	9.9998787749e-01	0.0000000000e+00	0.0000000000e+00	1.0002263838e+00	1.0000000000e+00	
1.9604983005e-04	9.9999015435e-01	9.9998832017e-01	0.0000000000e+00	0.0000000000e+00	1.0002155038e+00	1.0000000000e+00	
2.0061641722e-04	9.9999070433e-01	9.9998878370e-01	0.0000000000e+00	0.0000000000e+00	1.0002041115e+00	1.0000000000e+00	
2.0528937388e-04	9.9999128020e-01	9.9998926906e-01	0.0000000000e+00	0.0000000000e+00	1.0001921827e+00	1.0000000000e+00	
2.1007117768e-04	9.9999188320e-01	9.9998977726e-01	0.0000000000e+00	0.0000000000e+00	1.0001796923e+00	1.0000000000e+00	
2.1496436400e-04	9.9999251458e-01	9.9999030938e-01	0.0000000000e+00	0.0000000000e+00	1.0001666137e+00	1.0000000000e+00	
2.1997152727e-04	9.9999317569e-01	9.9999086656e-01	0.0000000000e+00	0.0000000000e+00	1.0001529195e+00	1.0000000000e+00	
2.2509532236e-04	9.9999386793e-01	9.9999144996e-01	0.0000000000e+00	0.0000000000e+00	1.0001385805e+00	1.0000000000e+00	
2.3033846597e-04	9.9999459276e-01	9.9999206082e-01	0.0000000000e+00	0.0000000000e+00	1.0001235664e+00	1.0000000000e+00	
2.3570373808e-04	9.9999535171e-01	9.9999270043e-01	0.0000000000e+00	0.0000000000e+00	1.0001078457e+00	1.0000000000e+00	
2.4119398343e-04	9.9999614638e-01	9.9999337014e-01	0.0000000000e+00	0.0000000000e+00	1.0000913849e+00	1.0000000000e+00	
2.4681211302e-04	9.9999697846e-01	9.9999407136e-01	0.0000000000e+00	0.0000000000e+00	1.0000741493e+00	1.0000000000e+00	
2.5256110567e-04	9.9999784970e-01	9.9999480558e-01	0.0000000000e+00	0.0000000000e+00	1.0000561025e+00	1.0000000000e+00	
2.5844400955e-04	9.9999876195e-01	9.9999557435e-01	0.0000000000e+00	0.0000000000e+00	1.0000372063e+00	1.0000000000e+00	
2.6446394387e-04	9.9999971714e-01	9.9999637928e-01	0.0000000000e+00	0.0000000000e+00	1.0000174209e+00	1.0000000000e+00	
2.7062410047e-04	1.0000007173e+00	9.9999722208e-01	0.0000000000e+00	0.0000000000e+00	9.9999670449e-01	1.0000000000e+00	
2.7692774556e-04	1.0000017645e+00	9.9999810453e-01	0.0000000000e+00	0.0000000000e+00	9.9997501328e-01	1.0000000000e+00	
2.8337822140e-04	1.0000028609e+00	9.9999902849e-01	0.0000000000e+00	0.0000000000e+00	9.9995230150e-01	1.0000000000e+00	
2.8997894812e-04	1.0000040090e+00	9.9999999589e-01	0.0000000000e+00	0.0000000000e+00	9.9992852121e-01	1.0000000000e+00	
2.9673342552e-04	1.0000052110e+00	1.0000010088e+00	0.0000000000e+00	0.0000000000e+00	9.9990362224e-01	1.0000000000e+00	
3.0364523491e-04	1.0000064697e+00	1.0000020693e+00	0.0000000000e+00	0.0000000000e+00	9.9987755206e-01	1.0000000000e+00	
3.1071804102e-04	1.0000077875e+00	1.0000031797e+00	0.0000000000e+00	0.0000000000e+00	9.9985025570e-01	1.0000000000e+00	
3.1795559395e-04	1.0000091673e+00	1.0000043423e+00	0.0000000000e+00	0.0000000000e+00	9.9982167561e-01	1.0000000000e+00	
3.2536173115e-04	1.0000106119e+00	1.0000055596e+00	0.0000000000e+00	0.0000000000e+00	9.9979175153e-01	1.0000000000e+00	
3.3294037944e-04	1.0000121246e+00	1.0000068340e+00	0.0000000000e+00	0.0000000000e+00	9.9976042043e-01	1.0000000000e+00	
3.4069555713e-04	1.0000137083e+00	1.0000081683e+00	0.0000000000e+00	0.0000000000e+00	9.9972761630e-01	1.0000000000e+00	
3.4863137611e-04	1.0000153665e+00	1.0000095654e+00	0.0000000000e+00	0.0000000000e+00	9.9969327006e-01	1.0000000000e+00	
3.5675204406e-04	1.0000171026e+00	1.0000110281e+00	0.0000000000e+00	0.0000000000e+00	9.9965730940e-01	1.0000000000e+00	
3.6506186667e-04	1.0000189204e+00	1.0000125594e+00	0.0000000000e+00	0.0000000000e+00	9.9961965867e-01	1.0000000000e+00	
3.7356524992e-04	1.0000208235e+00	1.0000141628e+00	0.0000000000e+00	0.0000000000e+00	9.9958023865e-01	1.0000000000e+00	
3.8226670240e-04	1.0000228161e+00	1.0000158414e+00	0.0000000000e+00	0.0000000000e+00	9.9953896647e-01	1.0000000000e+00	
3.9117083775e-04	1.0000249023e+00	1.0000175988e+00	0.0000000000e+00	0.0000000000e+00	9.9949575537e-01	1.0000000000e+00	
4.0028237705e-04	1.0000270866e+00	1.0000194387e+00	0.0000000000e+00	0.0000000000e+00	9.9945051457e-01	1.0000000000e+00	
4.0960615137e-04	1.0000293734e+00	1.0000213649e+00	0.0000000000e+00	0.0000000000e+00	9.9940314907e-01	1.0000000000e+00	
4.1914710429e-04	1.0000317676e+00	1.0000233816e+00	0.0000000000e+00	0.0000000000e+00	9.9935355944e-01	1.0000000000e+00	
4.2891029456e-04	1.0000342742e+00	1.0000254928e+00	0.0000000000e+00	0.0000000000e+00	9.9930164166e-01	1.0000000000e+00	
4.3890089874e-04	1.0000368985e+00	1.0000277031e+00	0.0000000000e+00	0.0000000000e+00	9.9924728686e-01	1.0000000000e+00	
4.4912421398e-04	1.0000396460e+00	1.0000300171e+00	0.0000000000e+00	0.0000000000e+00	9.9919038113e-01	1.0000000000e+00	
4.5958566083e-04	1.0000425224e+00	1.0000324395e+00	0.0000000000e+00	0.0000000000e+00	9.9913080528e-01	1.0000000000e+00	
4.7029078608e-04	1.0000455337e+00	1.0000349755e+00	0.0000000000e+00	0.0000000000e+00	9.9906843460e-01	1.0000000000e+00	
4.8124526573e-04	1.0000486863e+00	1.0000376303e+00	0.0000000000e+00	0.0000000000e+00	9.9900313863e-01	1.0000000000e+00	
4.9245490799e-04	1.0000519868e+00	1.0000404094e+00	0.0000000000e+00	0.0000000000e+00	9.9893478086e-01	1.0000000000e+00	
5.0392565636e-04	1.0000554420e+00	1.0000433188e+00	0.0000000000e+00	0.0000000000e+00	9.9886321847e-01	1.0000000000e+00	
5.1566359279e-04	1.0000590592e+00	1.0000463643e+00	0.0000000000e+00	0.0000000000e+00	9.9878830208e-01	1.0000000000e+00	
5.2767494087e-04	1.0000628459e+00	1.0000495524e+00	0.0000000000e+00	0.0000000000e+00	9.9870987541e-01	1.0000000000e+00	
5.3996606920e-04	1.0000668100e+00	1.0000528897e+00	0.0000000000e+00	0.0000000000e+00	9.9862777499e-01	1.0000000000e+00	
5.5254349468e-04	1.0000709598e+00	1.0000563831e+00	0.0000000000e+00	0.0000000000e+00	9.9854182983e-01	1.0000000000e+00	
5.6541388603e-04	1.0000753039e+00	1.0000600398e+00	0.0000000000e+00	0.0000000000e+00	9.9845186111e-01	1.0000000000e+00	
5.7858406732e-04	1.0000798514e+00	1.0000638674e+00	0.0000000000e+00	0.0000000000e+00	9.9835768176e-01	1.0000000000e+00	
5.9206102153e-04	1.0000846117e+00	1.0000678738e+00	0.0000000000e+00	0.0000000000e+00	9.9825909620e-01	1.0000000000e+00	
6.0585189434e-04	1.0000895946e+00	1.0000720674e+00	0.0000000000e+00	0.0000000000e+00	9.9815589988e-01	1.0000000000e+00	
6.1996399783e-04	1.0000948106e+00	1.0000764567e+00	0.0000000000e+00	0.0000000000e+00	9.9804787888e-01	1.0000000000e+00	
6.3440481445e-04	1.0001002703e+00	1.0000810509e+00	0.0000000000e+00	0.0000000000e+00	9.9793480957e-01	1.0000000000e+00	
6.4918200089e-04	1.0001059853e+00	1.0000858593e+00	0.0000000000e+00	0.0000000000e+00	9.9781645812e-01	1.0000000000e+00	
6.6430339223e-04	1.0001119671e+00	1.0000908918e+00	0.0000000000e+00	0.0000000000e+00	9.9769258007e-01	1.0000000000e+00	
6.7977700602e-04	1.0001182283e+00	1.0000961589e+00	0.0000000000e+00	0.0000000000e+00	9.9756291987e-01	1.0000000000e+00	
6.9561104657e-04	1.0001247816e+00	1.0001016712e+00	0.0000000000e+00	0.0000000000e+00	9.9742721039e-01	1.0000000000e+00	
7.1181390931e-04	1.0001316407e+00	1.0001074400e+00	0.0000000000e+00	0.0000000000e+00	9.9728517243e-01	1.0000000000e+00	
7.2839418520e-04	1.0001388195e+00	1.0001134772e+00	0.0000000000e+00	0.0000000000e+00	9.9713651421e-01	1.0000000000e+00	
7.4536066534e-04	1.0001463329e+00	1.0001197950e+00	0.0000000000e+00	0.0000000000e+00	9.9698093079e-01	1.0000000000e+00	
7.6272234556e-04	1.0001541963e+00	1.0001264063e+00	0.0000000000e+00	0.0000000000e+00	9.9681810356e-01	1.0000000000e+00	
7.8048843127e-04	1.0001624256e+00	1.0001333244e+00	0.0000000000e+00	0.0000000000e+00	9.9664769963e-01	1.0000000000e+00	
7.9866834227e-04	1.0001710379e+00	1.0001405635e+00	0.0000000000e+00	0.0000000000e+00	9.9646937122e-01	1.0000000000e+00	
8.1727171781e-04	1.0001800505e+00	1.0001481381e+00	0.0000000000e+00	0.0000000000e+00	9.9628275506e-01	1.0000000000e+00	
8.3630842162e-04	1.0001894819e+00	1.0001560636e+00	0.0000000000e+00	0.0000000000e+00	9.9608747174e-01	1.0000000000e+00	
8.5578854723e-04	1.0001993513e+00	1.0001643558e+00	0.0000000000e+00	0.0000000000e+00	9.9588312502e-01	1.0000000000e+00	
8.7572242325e-04	1.0002096786e+00	1.0001730314e+00	0.0000000000e+00	0.0000000000e+00	9.9566930116e-01	1.0000000000e+00	
8.9612061890e-04	1.0002204847e+00	1.0001821078e+00	0.0000000000e+00	0.0000000000e+00	9.9544556819e-01	1.0000000000e+00	
9.1699394956e-04	1.0002317915e+00	1.0001916031e+00	0.0000000000e+00	0.0000000000e+00	9.9521147521e-01	1.0000000000e+00	
9.3835348255e-04	1.0002436217e+00	1.0002015361e+00	0.0000000000e+00	0.0000000000e+00	9.9496655157e-01	1.0000000000e+00	
9.6021054297e-04	1.0002559991e+00	1.0002119267e+00	0.0000000000e+00	0.0000000000e+00	9.9471030612e-01	1.0000000000e+00	
9.8257671974e-04	1.0002689485e+00	1.0002227952e+00	0.0000000000e+00	0.0000000000e+00	9.9444222641e-01	1.0000000000e+00	
1.0054638717e-03	1.0002824957e+00	1.0002341632e+00	0.0000000000e+00	0.0000000000e+00	9.9416177784e-01	1.0000000000e+00	
1.0288841339e-03	1.0002966678e+00	1.0002460529e+00	0.0000000000e+00	0.0000000000e+00	9.9386840281e-01	1.0000000000e+00	
1.0528499241e-03	1.0003114928e+00	1.0002584876e+00	0.0000000000e+00	0.0000000000e+00	9.9356151983e-01	1.0000000000e+00	
1.0773739492e-03	1.0003270002e+00	1.0002714915e+00	0.0000000000e+00	0.0000000000e+00	9.9324052267e-01	1.0000000000e+00	
1.1024692123e-03	1.0003432206e+00	1.0002850899e+00	0.0000000000e+00	0.0000000000e+00	9.9290477939e-01	1.0000000000e+00	
1.1281490192e-03	1.0003601858e+00	1.0002993090e+00	0.0000000000e+00	0.0000000000e+00	9.9255363138e-01	1.0000000000e+00	
1.1544269856e-03	1.0003779291e+00	1.0003141761e+00	0.0000000000e+00	0.0000000000e+00	9.9218639247e-01	1.0000000000e+00	
1.1813170444e-03	1.0003964852e+00	1.0003297197e+00	0.0000000000e+00	0.0000000000e+00	9.9180234792e-01	1.0000000000e+00	
1.2088334532e-03	1.0004158900e+00	1.0003459694e+00	0.0000000000e+00	0.0000000000e+00	9.9140075337e-01	1.0000000000e+00	
1.2369908015e-03	1.0004361811e+00	1.0003629558e+00	0.0000000000e+00	0.0000000000e+00	9.9098083394e-01	1.0000000000e+00	
1.2658040187e-03	1.0004573977e+00	1.0003807111e+00	0.0000000000e+00	0.0000000000e+00	9.9054178309e-01	1.0000000000e+00	
1.2952883819e-03	1.0004795804e+00	1.0003992684e+00	0.0000000000e+00	0.0000000000e+00	9.9008276167e-01	1.0000000000e+00	
1.3254595242e-03	1.0005027715e+00	1.0004186622e+00	0.0000000000e+00	0.0000000000e+00	9.8960289685e-01	1.0000000000e+00	
1.3563334427e-03	1.0005270152e+00	1.0004389284e+00	0.0000000000e+00	0.0000000000e+00	9.8910128106e-01	1.0000000000e+00	
1.3879265071e-03	1.0005523571e+00	1.0004601041e+00	0.0000000000e+00	0.0000000000e+00	9.8857697097e-01	1.0000000000e+00	
1.4202554685e-03	1.0005788448e+00	1.0004822278e+00	0.0000000000e+00	0.0000000000e+00	9.8802898645e-01	1.0000000000e+00	
1.4533374682e-03	1.0006065277e+00	1.0005053396e+00	0.0000000000e+00	0.0000000000e+00	9.8745630952e-01	1.0000000000e+00	
1.4871900466e-03	1.0006354573e+00	1.0005294808e+00	0.0000000000e+00	0.0000000000e+00	9.8685788335e-01	1.0000000000e+00	
1.5218311529e-03	1.0006656867e+00	1.0005546944e+00	0.0000000000e+00	0.0000000000e+00	9.8623261125e-01	1.0000000000e+00	
1.5572791542e-03	1.0006972712e+00	1.0005810247e+00	0.0000000000e+00	0.0000000000e+00	9.8557935569e-01	1.0000000000e+00	
1.5935528455e-03	1.0007302682e+00	1.0006085176e+00	0.0000000000e+00	0.0000000000e+00	9.8489693739e-01	1.0000000000e+00	
1.6306714596e-03	1.0007647370e+00	1.0006372206e+00	0.0000000000e+00	0.0000000000e+00	9.8418413442e-01	1.0000000000e+00	
1.6686546773e-03	1.0008007393e+00	1.0006671826e+00	0.0000000000e+00	0.0000000000e+00	9.8343968133e-01	1.0000000000e+00	
1.7075226379e-03	1.0008383388e+00	1.0006984543e+00	0.0000000000e+00	0.0000000000e+00	9.8266226840e-01	1.0000000000e+00	
1.7472959495e-03	1.0008776015e+00	1.0007310878e+00	0.0000000000e+00	0.0000000000e+00	9.8185054091e-01	1.0000000000e+00	
1.7879957006e-03	1.0009185956e+00	1.0007651367e+00	0.0000000000e+00	0.0000000000e+00	9.8100309851e-01	1.0000000000e+00	
1.8296434706e-03	1.0009613916e+00	1.0008006565e+00	0.0000000000e+00	0.0000000000e+00	9.8011849472e-01	1.0000000000e+00	
1.8722613418e-03	1.0010060623e+00	1.0008377040e+00	0.0000000000e+00	0.0000000000e+00	9.7919523652e-01	1.0000000000e+00	
1.9158719108e-03	1.0010526829e+00	1.0008763375e+00	0.0000000000e+00	0.0000000000e+00	9.7823178400e-01	1.0000000000e+00	
1.9604983005e-03	1.0011013309e+00	1.0009166171e+00	0.0000000000e+00	0.0000000000e+00	9.7722655028e-01	1.0000000000e+00	
2.0061641722e-03	1.0011520862e+00	1.0009586041e+00	0.0000000000e+00	0.0000000000e+00	9.7617790150e-01	1.0000000000e+00	
2.0528937388e-03	1.0012050308e+00	1.0010023614e+00	0.0000000000e+00	0.0000000000e+00	9.7508415704e-01	1.0000000000e+00	
2.1007117768e-03	1.0012602494e+00	1.0010479532e+00	0.0000000000e+00	0.0000000000e+00	9.7394358993e-01	1.0000000000e+00	
2.1496436400e-03	1.0013178288e+00	1.0010954450e+00	0.0000000000e+00	0.0000000000e+00	9.7275442745e-01	1.0000000000e+00	
2.1997152727e-03	1.0013778575e+00	1.0011449005e+00	0.0000000000e+00	0.0000000000e+00	9.7151487372e-01	1.0000000000e+00	
2.2509532236e-03	1.0014404261e+00	1.0011963828e+00	0.0000000000e+00	0.0000000000e+00	9.7022309878e-01	1.0000000000e+00	
2.3033846597e-03	1.0015056294e+00	1.0012499689e+00	0.0000000000e+00	0.0000000000e+00	9.6887714600e-01	1.0000000000e+00	
2.3570373808e-03	1.0015735632e+00	1.0013057285e+00	0.0000000000e+00	0.0000000000e+00	9.6747507170e-01	1.0000000000e+00	
2.4119398343e-03	1.0016443250e+00	1.0013637318e+00	0.0000000000e+00	0.0000000000e+00	9.6601489399e-01	1.0000000000e+00	
2.4681211302e-03	1.0017180144e+00	1.0014240500e+00	0.0000000000e+00	0.0000000000e+00	9.6449459528e-01	1.0000000000e+00	
2.5256110567e-03	1.0017947327e+00	1.0014867544e+00	0.0000000000e+00	0.0000000000e+00	9.6291212535e-01	1.0000000000e+00	
2.5844400955e-03	1.0018745828e+00	1.0015519164e+00	0.0000000000e+00	0.0000000000e+00	9.6126540492e-01	1.0000000000e+00	
2.6446394387e-03	1.0019576691e+00	1.0016196071e+00	0.0000000000e+00	0.0000000000e+00	9.5955232964e-01	1.0000000000e+00	
2.7062410047e-03	1.0020440970e+00	1.0016898976e+00	0.0000000000e+00	0.0000000000e+00	9.5777077436e-01	1.0000000000e+00	
2.7692774556e-03	1.0021339733e+00	1.0017628580e+00	0.0000000000e+00	0.0000000000e+00	9.5591859866e-01	1.0000000000e+00	
2.8337822140e-03	1.0022274053e+00	1.0018385570e+00	0.0000000000e+00	0.0000000000e+00	9.5399365241e-01	1.0000000000e+00	
2.8997894812e-03	1.0023245007e+00	1.0019170625e+00	0.0000000000e+00	0.0000000000e+00	9.5199378199e-01	1.0000000000e+00	
2.9673342552e-03	1.0024253675e+00	1.0019984399e+00	0.0000000000e+00	0.0000000000e+00	9.4991683789e-01	1.0000000000e+00	
3.0364523491e-03	1.0025301135e+00	1.0020827526e+00	0.0000000000e+00	0.0000000000e+00	9.4776068211e-01	1.0000000000e+00	
3.1071804102e-03	1.0026388459e+00	1.0021700610e+00	0.0000000000e+00	0.0000000000e+00	9.4552319709e-01	1.0000000000e+00	
3.1795559395e-03	1.0027516708e+00	1.0022604222e+00	0.0000000000e+00	0.0000000000e+00	9.4320229496e-01	1.0000000000e+00	
3.2536173115e-03	1.0028686928e+00	1.0023538891e+00	0.0000000000e+00	0.0000000000e+00	9.4079592802e-01	1.0000000000e+00	
3.3294037944e-03	1.0029900147e+00	1.0024505099e+00	0.0000000000e+00	0.0000000000e+00	9.3830209984e-01	1.0000000000e+00	
3.4069555713e-03	1.0031157365e+00	1.0025503282e+00	0.0000000000e+00	0.0000000000e+00	9.3571887700e-01	1.0000000000e+00	
3.4863137611e-03	1.0032459554e+00	1.0026533808e+00	0.0000000000e+00	0.0000000000e+00	9.3304440244e-01	1.0000000000e+00	
3.5675204406e-03	1.0033807646e+00	1.0027596977e+00	0.0000000000e+00	0.0000000000e+00	9.3027690907e-01	1.0000000000e+00	
3.6506186667e-03	1.0035202530e+00	1.0028693018e+00	0.0000000000e+00	0.0000000000e+00	9.2741473416e-01	1.0000000000e+00	
3.7356524992e-03	1.0036645044e+00	1.0029822072e+00	0.0000000000e+00	0.0000000000e+00	9.2445633529e-01	1.0000000000e+00	
3.8226670240e-03	1.0038135968e+00	1.0030984182e+00	0.0000000000e+00	0.0000000000e+00	9.2140030648e-01	1.0000000000e+00	
3.9117083775e-03	1.0039676015e+00	1.0032179293e+00	0.0000000000e+00	0.0000000000e+00	9.1824539501e-01	1.0000000000e+00	
4.0028237705e-03	1.0041265825e+00	1.0033407232e+00	0.0000000000e+00	0.0000000000e+00	9.1499051949e-01	1.0000000000e+00	
4.0960615137e-03	1.0042905955e+00	1.0034667706e+00	0.0000000000e+00	0.0000000000e+00	9.1163478768e-01	1.0000000000e+00	
4.1914710429e-03	1.0044596870e+00	1.0035960281e+00	0.0000000000e+00	0.0000000000e+00	9.0817751544e-01	1.0000000000e+00	
4.2891029456e-03	1.0046338937e+00	1.0037284385e+00	0.0000000000e+00	0.0000000000e+00	9.0461824533e-01	1.0000000000e+00	
4.3890089874e-03	1.0048132416e+00	1.0038639285e+00	0.0000000000e+00	0.0000000000e+00	9.0095676557e-01	1.0000000000e+00	
4.4912421398e-03	1.0049977449e+00	1.0040024079e+00	0.0000000000e+00	0.0000000000e+00	8.9719312863e-01	1.0000000000e+00	
4.5958566083e-03	1.0051874056e+00	1.0041437691e+00	0.0000000000e+00	0.0000000000e+00	8.9332766927e-01	1.0000000000e+00	
4.7029078608e-03	1.0053822123e+00	1.0042878856e+00	0.0000000000e+00	0.0000000000e+00	8.8936102172e-01	1.0000000000e+00	
4.8124526573e-03	1.0055821399e+00	1.0044346109e+00	0.0000000000e+00	0.0000000000e+00	8.8529413571e-01	1.0000000000e+00	
4.9245490799e-03	1.0057871485e+00	1.0045837784e+00	0.0000000000e+00	0.0000000000e+00	8.8112829058e-01	1.0000000000e+00	
5.0392565636e-03	1.0059971834e+00	1.0047351992e+00	0.0000000000e+00	0.0000000000e+00	8.7686510752e-01	1.0000000000e+00	
5.1566359279e-03	1.0062121746e+00	1.0048886621e+00	0.0000000000e+00	0.0000000000e+00	8.7250655887e-01	1.0000000000e+00	
5.2767494087e-03	1.0064320365e+00	1.0050439313e+00	0.0000000000e+00	0.0000000000e+00	8.6805497494e-01	1.0000000000e+00	
5.3996606920e-03	1.0066566683e+00	1.0052007462e+00	0.0000000000e+00	0.0000000000e+00	8.6351304508e-01	1.0000000000e+00	
5.5254349468e-03	1.0068859519e+00	1.0053588330e+00	0.0000000000e+00	0.0000000000e+00	8.5888381205e-01	1.0000000000e+00	
5.6541388603e-03	1.0071197551e+00	1.0055178882e+00	0.0000000000e+00	0.0000000000e+00	8.5417066940e-01	1.0000000000e+00	
5.7858406732e-03	1.0073579315e+00	1.0056775850e+00	0.0000000000e+00	0.0000000000e+00	8.4937734523e-01	1.0000000000e+00	
5.9206102153e-03	1.0076003213e+00	1.0058375751e+00	0.0000000000e+00	0.0000000000e+00	8.4450788105e-01	1.0000000000e+00	
6.0585189434e-03	1.0078467527e+00	1.0059974888e+00	0.0000000000e+00	0.0000000000e+00	8.3956660330e-01	1.0000000000e+00	
6.1996399783e-03	1.0080970440e+00	1.0061569359e+00	0.0000000000e+00	0.0000000000e+00	8.3455808668e-01	1.0000000000e+00	
6.3440481445e-03	1.0083510055e+00	1.0063155083e+00	0.0000000000e+00	0.0000000000e+00	8.2948710824e-01	1.0000000000e+00	
6.4918200089e-03	1.0086084422e+00	1.0064727827e+00	0.0000000000e+00	0.0000000000e+00	8.2435859231e-01	1.0000000000e+00	
6.6430339223e-03	1.0088691573e+00	1.0066283217e+00	0.0000000000e+00	0.0000000000e+00	8.1917754564e-01	1.0000000000e+00	
6.7977700602e-03	1.0091329551e+00	1.0067816789e+00	0.0000000000e+00	0.0000000000e+00	8.1394898249e-01	1.0000000000e+00	
6.9561104657e-03	1.0093996457e+00	1.0069324004e+00	0.0000000000e+00	0.0000000000e+00	8.0867783998e-01	1.0000000000e+00	
7.1181390931e-03	1.0096690494e+00	1.0070800301e+00	0.0000000000e+00	0.0000000000e+00	8.0336888384e-01	1.0000000000e+00	
7.2839418520e-03	1.0099410010e+00	1.0072241151e+00	0.0000000000e+00	0.0000000000e+00	7.9802660560e-01	1.0000000000e+00	
7.4536066534e-03	1.0102153565e+00	1.0073642060e+00	0.0000000000e+00	0.0000000000e+00	7.9265511215e-01	1.0000000000e+00	
7.6272234556e-03	1.0104919968e+00	1.0074998691e+00	0.0000000000e+00	0.0000000000e+00	7.8725800958e-01	1.0000000000e+00	
7.8048843127e-03	1.0107708350e+00	1.0076306841e+00	0.0000000000e+00	0.0000000000e+00	7.8183828323e-01	1.0000000000e+00	
7.9866834227e-03	1.0110518212e+00	1.0077562548e+00	0.0000000000e+00	0.0000000000e+00	7.7639817724e-01	1.0000000000e+00	
8.1727171781e-03	1.0113349488e+00	1.0078762111e+00	0.0000000000e+00	0.0000000000e+00	7.7093907646e-01	1.0000000000e+00	
8.3630842162e-03	1.0116202592e+00	1.0079902150e+00	0.0000000000e+00	0.0000000000e+00	7.6546139524e-01	1.0000000000e+00	
8.5578854723e-03	1.0119078474e+00	1.0080979631e+00	0.0000000000e+00	0.0000000000e+00	7.5996447736e-01	1.0000000000e+00	
8.7572242325e-03	1.0121978651e+00	1.0081991934e+00	0.0000000000e+00	0.0000000000e+00	7.5444651279e-01	1.0000000000e+00	
8.9612061890e-03	1.0124905248e+00	1.0082936826e+00	0.0000000000e+00	0.0000000000e+00	7.4890447606e-01	1.0000000000e+00	
9.1699394956e-03	1.0127861005e+00	1.0083812515e+00	0.0000000000e+00	0.0000000000e+00	7.4333409317e-01	1.0000000000e+00	
9.3835348255e-03	1.0130849286e+00	1.0084617611e+00	0.0000000000e+00	0.0000000000e+00	7.3772984187e-01	1.0000000000e+00	
9.6021054297e-03	1.0133874053e+00	1.0085351123e+00	0.0000000000e+00	0.0000000000e+00	7.3208499195e-01	1.0000000000e+00	
9.8257671974e-03	1.0136939838e+00	1.0086012395e+00	0.0000000000e+00	0.0000000000e+00	7.2639168986e-01	1.0000000000e+00	
1.0054638717e-02	1.0140051669e+00	1.0086601051e+00	0.0000000000e+00	0.0000000000e+00	7.2064109248e-01	1.0000000000e+00	
1.0288841339e-02	1.0143215000e+00	1.0087116876e+00	0.0000000000e+00	0.0000000000e+00	7.1482355198e-01	1.0000000000e+00	
1.0528499241e-02	1.0146435585e+00	1.0087559725e+00	0.0000000000e+00	0.0000000000e+00	7.0892885346e-01	1.0000000000e+00	
1.0773739492e-02	1.0149719353e+00	1.0087929369e+00	0.0000000000e+00	0.0000000000e+00	7.0294650291e-01	1.0000000000e+00	
1.1024692123e-02	1.0153072253e+00	1.0088225313e+00	0.0000000000e+00	0.0000000000e+00	6.9686606119e-01	1.0000000000e+00	
1.1281490192e-02	1.0156500073e+00	1.0088446648e+00	0.0000000000e+00	0.0000000000e+00	6.9067751649e-01	1.0000000000e+00	
1.1544269856e-02	1.0160008259e+00	1.0088591837e+00	0.0000000000e+00	0.0000000000e+00	6.8437168322e-01	1.0000000000e+00	
1.1813170444e-02	1.0163601721e+00	1.0088658518e+00	0.0000000000e+00	0.0000000000e+00	6.7794061250e-01	1.0000000000e+00	
1.2088334532e-02	1.0167284643e+00	1.0088643314e+00	0.0000000000e+00	0.0000000000e+00	6.7137799510e-01	1.0000000000e+00	
1.2369908015e-02	1.0171060307e+00	1.0088541678e+00	0.0000000000e+00	0.0000000000e+00	6.6467953508e-01	1.0000000000e+00	
1.2658040187e-02	1.0174930944e+00	1.0088347711e+00	0.0000000000e+00	0.0000000000e+00	6.5784326942e-01	1.0000000000e+00	
1.2952883819e-02	1.0178897622e+00	1.0088054056e+00	0.0000000000e+00	0.0000000000e+00	6.5086980811e-01	1.0000000000e+00	
1.3254595242e-02	1.0182960176e+00	1.0087651866e+00	0.0000000000e+00	0.0000000000e+00	6.4376247004e-01	1.0000000000e+00	
1.3563334427e-02	1.0187117204e+00	1.0087130793e+00	0.0000000000e+00	0.0000000000e+00	6.3652729152e-01	1.0000000000e+00	
1.3879265071e-02	1.0191366130e+00	1.0086479070e+00	0.0000000000e+00	0.0000000000e+00	6.2917289032e-01	1.0000000000e+00	
1.4202554685e-02	1.0195703335e+00	1.0085683659e+00	0.0000000000e+00	0.0000000000e+00	6.2171017543e-01	1.0000000000e+00	
1.4533374682e-02	1.0200124365e+00	1.0084730481e+00	0.0000000000e+00	0.0000000000e+00	6.1415190300e-01	1.0000000000e+00	
1.4871900466e-02	1.0204624200e+00	1.0083604717e+00	0.0000000000e+00	0.0000000000e+00	6.0651209145e-01	1.0000000000e+00	
1.5218311529e-02	1.0209197577e+00	1.0082291158e+00	0.0000000000e+00	0.0000000000e+00	5.9880532354e-01	1.0000000000e+00	
1.5572791542e-02	1.0213839349e+00	1.0080774600e+00	0.0000000000e+00	0.0000000000e+00	5.9104597759e-01	1.0000000000e+00	
1.5935528455e-02	1.0218544842e+00	1.0079040248e+00	0.0000000000e+00	0.0000000000e+00	5.8324744437e-01	1.0000000000e+00	
1.6306714597e-02	1.0223310196e+00	1.0077074090e+00	0.0000000000e+00	0.0000000000e+00	5.7542139731e-01	1.0000000000e+00	
1.6686546774e-02	1.0228132638e+00	1.0074863227e+00	0.0000000000e+00	0.0000000000e+00	5.6757718960e-01	1.0000000000e+00	
1.7075226380e-02	1.0233010666e+00	1.0072396110e+00	0.0000000000e+00	0.0000000000e+00	5.5972145091e-01	1.0000000000e+00	
1.7472959498e-02	1.0237944099e+00	1.0069662657e+00	0.0000000000e+00	0.0000000000e+00	5.5185794611e-01	1.0000000000e+00	
1.7879957013e-02	1.0242933998e+00	1.0066654236e+00	0.0000000000e+00	0.0000000000e+00	5.4398773804e-01	1.0000000000e+00	
1.8296434721e-02	1.0247982418e+00	1.0063363511e+00	0.0000000000e+00	0.0000000000e+00	5.3610966591e-01	1.0000000000e+00	
1.8722613449e-02	1.0253092040e+00	1.0059784163e+00	0.0000000000e+00	0.0000000000e+00	5.2822111191e-01	1.0000000000e+00	
1.9158719170e-02	1.0258265682e+00	1.0055910525e+00	0.0000000000e+00	0.0000000000e+00	5.2031898483e-01	1.0000000000e+00	
1.9604983124e-02	1.0263505773e+00	1.0051737179e+00	0.0000000000e+00	0.0000000000e+00	5.1240080724e-01	1.0000000000e+00	
2.0061641951e-02	1.0268813832e+00	1.0047258597e+00	0.0000000000e+00	0.0000000000e+00	5.0446575796e-01	1.0000000000e+00	
2.0528937818e-02	1.0274190050e+00	1.0042468909e+00	0.0000000000e+00	0.0000000000e+00	4.9651550455e-01	1.0000000000e+00	
2.1007118562e-02	1.0279633038e+00	1.0037361841e+00	0.0000000000e+00	0.0000000000e+00	4.8855466661e-01	1.0000000000e+00	
2.1496437841e-02	1.0285139805e+00	1.0031930935e+00	0.0000000000e+00	0.0000000000e+00	4.8059078746e-01	1.0000000000e+00	
2.1997155298e-02	1.0290705985e+00	1.0026170033e+00	0.0000000000e+00	0.0000000000e+00	4.7263375842e-01	1.0000000000e+00	
2.2509536751e-02	1.0296326304e+00	1.0020074022e+00	0.0000000000e+00	0.0000000000e+00	4.6469473194e-01	1.0000000000e+00	
2.3033854402e-02	1.0301995213e+00	1.0013639794e+00	0.0000000000e+00	0.0000000000e+00	4.5678466451e-01	1.0000000000e+00	
2.3570387094e-02	1.0307707585e+00	1.0006867270e+00	0.0000000000e+00	0.0000000000e+00	4.4891272738e-01	1.0000000000e+00	
2.4119420617e-02	1.0313459318e+00	9.9997603909e-01	0.0000000000e+00	0.0000000000e+00	4.4108488918e-01	1.0000000000e+00	
2.4681248094e-02	1.0319247708e+00	9.9923278926e-01	0.0000000000e+00	0.0000000000e+00	4.3330298442e-01	1.0000000000e+00	
2.5256170465e-02	1.0325071470e+00	9.9845837788e-01	0.0000000000e+00	0.0000000000e+00	4.2556451955e-01	1.0000000000e+00	
2.5844497098e-02	1.0330930346e+00	9.9765474256e-01	0.0000000000e+00	0.0000000000e+00	4.1786333021e-01	1.0000000000e+00	
2.6446546584e-02	1.0336824350e+00	9.9682433587e-01	0.0000000000e+00	0.0000000000e+00	4.1019100856e-01	1.0000000000e+00	
2.7062647743e-02	1.0342752777e+00	9.9597008395e-01	0.0000000000e+00	0.0000000000e+00	4.0253880840e-01	1.0000000000e+00	
2.7693140911e-02	1.0348713203e+00	9.9509534659e-01	0.0000000000e+00	0.0000000000e+00	3.9489956702e-01	1.0000000000e+00	
2.8338379561e-02	1.0354700723e+00	9.9420390256e-01	0.0000000000e+00	0.0000000000e+00	3.8726911891e-01	1.0000000000e+00	
2.8998732343e-02	1.0360707625e+00	9.9329997846e-01	0.0000000000e+00	0.0000000000e+00	3.7964676501e-01	1.0000000000e+00	
2.9674585596e-02	1.0366723619e+00	9.9238832857e-01	0.0000000000e+00	0.0000000000e+00	3.7203460701e-01	1.0000000000e+00	
3.0366346435e-02	1.0372736511e+00	9.9147435797e-01	0.0000000000e+00	0.0000000000e+00	3.6443591376e-01	1.0000000000e+00	
3.1074446455e-02	1.0378733102e+00	9.9056426135e-01	0.0000000000e+00	0.0000000000e+00	3.5685304733e-01	1.0000000000e+00	
3.1799346157e-02	1.0384699942e+00	9.8966514440e-01	0.0000000000e+00	0.0000000000e+00	3.4928570578e-01	1.0000000000e+00	
3.2541540120e-02	1.0390623595e+00	9.8878509207e-01	0.0000000000e+00	0.0000000000e+00	3.4173021210e-01	1.0000000000e+00	
3.3301562978e-02	1.0396490227e+00	9.8793316961e-01	0.0000000000e+00	0.0000000000e+00	3.3418024890e-01	1.0000000000e+00	
3.4079996221e-02	1.0402284598e+00	9.8711935707e-01	0.0000000000e+00	0.0000000000e+00	3.2662887997e-01	1.0000000000e+00	
3.4877475796e-02	1.0407988809e+00	9.8635445206e-01	0.0000000000e+00	0.0000000000e+00	3.1907111679e-01	1.0000000000e+00	
3.5694700481e-02	1.0413581321e+00	9.8564998534e-01	0.0000000000e+00	0.0000000000e+00	3.1150595460e-01	1.0000000000e+00	
3.6532440955e-02	1.0419036712e+00	9.8501818085e-01	0.0000000000e+00	0.0000000000e+00	3.0393694324e-01	1.0000000000e+00	
3.7391549441e-02	1.0424326314e+00	9.8447196906e-01	0.0000000000e+00	0.0000000000e+00	2.9637100628e-01	1.0000000000e+00	
3.8272969776e-02	1.0429419459e+00	9.8402501218e-01	0.0000000000e+00	0.0000000000e+00	2.8881613680e-01	1.0000000000e+00	
3.9177747727e-02	1.0434284696e+00	9.8369167715e-01	0.0000000000e+00	0.0000000000e+00	2.8127930871e-01	1.0000000000e+00	
4.0107041314e-02	1.0438890365e+00	9.8348688879e-01	0.0000000000e+00	0.0000000000e+00	2.7376596710e-01	1.0000000000e+00	
4.1062130891e-02	1.0443204261e+00	9.8342583782e-01	0.0000000000e+00	0.0000000000e+00	2.6628161448e-01	1.0000000000e+00	
4.2044428710e-02	1.0447192823e+00	9.8352357839e-01	0.0000000000e+00	0.0000000000e+00	2.5883464516e-01	1.0000000000e+00	
4.3055487646e-02	1.0450820739e+00	9.8379459144e-01	0.0000000000e+00	0.0000000000e+00	2.5143852996e-01	1.0000000000e+00	
4.4097008782e-02	1.0454051859e+00	9.8425237828e-01	0.0000000000e+00	0.0000000000e+00	2.4411158630e-01	1.0000000000e+00	
4.5170847515e-02	1.0456851551e+00	9.8490907179e-01	0.0000000000e+00	0.0000000000e+00	2.3687409920e-01	1.0000000000e+00	
4.6279017868e-02	1.0459189705e+00	9.8577496141e-01	0.0000000000e+00	0.0000000000e+00	2.2974459182e-01	1.0000000000e+00	
4.7423694694e-02	1.0461043141e+00	9.8685779667e-01	0.0000000000e+00	0.0000000000e+00	2.2273791339e-01	1.0000000000e+00	
4.8607213486e-02	1.0462396837e+00	9.8816181750e-01	0.0000000000e+00	0.0000000000e+00	2.1586635747e-01	1.0000000000e+00	
4.9832067564e-02	1.0463244783e+00	9.8968661652e-01	0.0000000000e+00	0.0000000000e+00	2.0914203745e-01	1.0000000000e+00	
5.1100902452e-02	1.0463592023e+00	9.9142603683e-01	0.0000000000e+00	0.0000000000e+00	2.0257699957e-01	1.0000000000e+00	
5.2416507354e-02	1.0463458579e+00	9.9336723111e-01	0.0000000000e+00	0.0000000000e+00	1.9617945918e-01	1.0000000000e+00	
5.3781803735e-02	1.0462883814e+00	9.9548980875e-01	0.0000000000e+00	0.0000000000e+00	1.8994891536e-01	1.0000000000e+00	
5.5199831142e-02	1.0461928983e+00	9.9776491247e-01	0.0000000000e+00	0.0000000000e+00	1.8387477498e-01	1.0000000000e+00	
5.6673730514e-02	1.0460677502e+00	1.0001542662e+00	0.0000000000e+00	0.0000000000e+00	1.7793911863e-01	1.0000000000e+00	
5.8206725415e-02	1.0459235074e+00	1.0026095364e+00	0.0000000000e+00	0.0000000000e+00	1.7211866197e-01	1.0000000000e+00	
5.9802101709e-02	1.0457730983e+00	1.0050723254e+00	0.0000000000e+00	0.0000000000e+00	1.6638247002e-01	1.0000000000e+00	
6.1463186370e-02	1.0456317949e+00	1.0074747362e+00	0.0000000000e+00	0.0000000000e+00	1.6069028043e-01	1.0000000000e+00	
6.3193326170e-02	1.0455167167e+00	1.0097402911e+00	0.0000000000e+00	0.0000000000e+00	1.5499822340e-01	1.0000000000e+00	
6.4995867076e-02	1.0454460090e+00	1.0117853841e+00	0.0000000000e+00	0.0000000000e+00	1.4926849804e-01	1.0000000000e+00	
6.6874135154e-02	1.0454380956e+00	1.0135217074e+00	0.0000000000e+00	0.0000000000e+00	1.4347440682e-01	1.0000000000e+00	
6.8831419758e-02	1.0455108447e+00	1.0148596492e+00	0.0000000000e+00	0.0000000000e+00	1.3760362262e-01	1.0000000000e+00	
7.0870959652e-02	1.0456802629e+00	1.0157124846e+00	0.0000000000e+00	0.0000000000e+00	1.3166714358e-01	1.0000000000e+00	
7.2995932596e-02	1.0459590748e+00	1.0160017999e+00	0.0000000000e+00	0.0000000000e+00	1.2570609106e-01	1.0000000000e+00	
7.5209448716e-02	1.0463555741e+00	1.0156645673e+00	0.0000000000e+00	0.0000000000e+00	1.1978800487e-01	1.0000000000e+00	
7.7514547848e-02	1.0468723300e+00	1.0146616111e+00	0.0000000000e+00	0.0000000000e+00	1.1400098473e-01	1.0000000000e+00	
7.9914200805e-02	1.0475047956e+00	1.0129877079e+00	0.0000000000e+00	0.0000000000e+00	1.0844396622e-01	1.0000000000e+00	
8.2411314399e-02	1.0482402843e+00	1.0106835207e+00	0.0000000000e+00	0.0000000000e+00	1.0320420029e-01	1.0000000000e+00	
8.5008739898e-02	1.0490568680e+00	1.0078478060e+00	0.0000000000e+00	0.0000000000e+00	9.8335153856e-02	1.0000000000e+00	
8.7709284497e-02	1.0499223261e+00	1.0046478465e+00	0.0000000000e+00	0.0000000000e+00	9.3839606698e-02	1.0000000000e+00	
9.0515725341e-02	1.0507937158e+00	1.0013250589e+00	0.0000000000e+00	0.0000000000e+00	8.9658141567e-02	1.0000000000e+00	
9.3430825578e-02	1.0516177518e+00	9.9819027705e-01	0.0000000000e+00	0.0000000000e+00	8.5678487219e-02	1.0000000000e+00	
9.6457351970e-02	1.0523333105e+00	9.9560297272e-01	0.0000000000e+00	0.0000000000e+00	8.1761903135e-02	1.0000000000e+00	
9.9598093562e-02	1.0528769239e+00	9.9392985042e-01	0.0000000000e+00	0.0000000000e+00	7.7786733092e-02	1.0000000000e+00	
1.0285588100e-01	1.0531918744e+00	9.9348324439e-01	0.0000000000e+00	0.0000000000e+00	7.3696788123e-02	1.0000000000e+00	
1.0623360608e-01	1.0532404166e+00	9.9444815419e-01	0.0000000000e+00	0.0000000000e+00	6.9532809672e-02	1.0000000000e+00	
1.0973424128e-01	1.0530164386e+00	9.9681646968e-01	0.0000000000e+00	0.0000000000e+00	6.5431517351e-02	1.0000000000e+00	
1.1336085888e-01	1.0525547597e+00	1.0003519900e+00	0.0000000000e+00	0.0000000000e+00	6.1579368647e-02	1.0000000000e+00	
1.1711664954e-01	1.0519330319e+00	1.0046039068e+00	0.0000000000e+00	0.0000000000e+00	5.8132567138e-02	1.0000000000e+00	
1.2100494014e-01	1.0512641090e+00	1.0089709455e+00	0.0000000000e+00	0.0000000000e+00	5.5133884226e-02	1.0000000000e+00	
1.2502921074e-01	1.0506793653e+00	1.0127997711e+00	0.0000000000e+00	0.0000000000e+00	5.2473774971e-02	1.0000000000e+00	
1.2919311046e-01	1.0503058608e+00	1.0154924485e+00	0.0000000000e+00	0.0000000000e+00	4.9930259278e-02	1.0000000000e+00	
1.3350047238e-01	1.0502413631e+00	1.0166027392e+00	0.0000000000e+00	0.0000000000e+00	4.7285189803e-02	1.0000000000e+00	
1.3795532720e-01	1.0505316352e+00	1.0159146228e+00	0.0000000000e+00	0.0000000000e+00	4.4460884056e-02	1.0000000000e+00	
1.4256191572e-01	1.0511544591e+00	1.0135063335e+00	0.0000000000e+00	0.0000000000e+00	4.1586135022e-02	1.0000000000e+00	
1.4732470003e-01	1.0520145550e+00	1.0097978227e+00	0.0000000000e+00	0.0000000000e+00	3.8924576500e-02	1.0000000000e+00	
1.5224837333e-01	1.0529530519e+00	1.0055566012e+00	0.0000000000e+00	0.0000000000e+00	3.6685824932e-02	1.0000000000e+00	
1.5733786838e-01	1.0537744560e+00	1.0018092952e+00	0.0000000000e+00	0.0000000000e+00	3.4846876563e-02	1.0000000000e+00	
1.6259836432e-01	1.0542919108e+00	9.9960798560e-01	0.0000000000e+00	0.0000000000e+00	3.3143679405e-02	1.0000000000e+00	
1.6803529197e-01	1.0543843884e+00	9.9967009739e-01	0.0000000000e+00	0.0000000000e+00	3.1282197811e-02	1.0000000000e+00	
1.7365433721e-01	1.0540469363e+00	1.0020357120e+00	0.0000000000e+00	0.0000000000e+00	2.9213739328e-02	1.0000000000e+00	
1.7946144244e-01	1.0534080007e+00	1.0059573059e+00	0.0000000000e+00	0.0000000000e+00	2.7202936971e-02	1.0000000000e+00	
1.8546280576e-01	1.0526989734e+00	1.0101353163e+00	0.0000000000e+00	0.0000000000e+00	2.5565591163e-02	1.0000000000e+00	
1.9166487771e-01	1.0521834044e+00	1.0131933016e+00	0.0000000000e+00	0.0000000000e+00	2.4306814437e-02	1.0000000000e+00	
1.9807435513e-01	1.0520666292e+00	1.0141604744e+00	0.0000000000e+00	0.0000000000e+00	2.3083233662e-02	1.0000000000e+00	
2.0469817185e-01	1.0524109192e+00	1.0127955664e+00	0.0000000000e+00	0.0000000000e+00	2.1609071134e-02	1.0000000000e+00	
2.1154348579e-01	1.0530905774e+00	1.0097082377e+00	0.0000000000e+00	0.0000000000e+00	2.0041922442e-02	1.0000000000e+00	
2.1861766198e-01	1.0538256123e+00	1.0062415374e+00	0.0000000000e+00	0.0000000000e+00	1.8784023243e-02	1.0000000000e+00	
2.2592825100e-01	1.0543037391e+00	1.0040099376e+00	0.0000000000e+00	0.0000000000e+00	1.7885709383e-02	1.0000000000e+00	
2.3348296232e-01	1.0543390960e+00	1.0041031346e+00	0.0000000000e+00	0.0000000000e+00	1.6936612673e-02	1.0000000000e+00	
2.4128963204e-01	1.0539721683e+00	1.0063728734e+00	0.0000000000e+00	0.0000000000e+00	1.5721525548e-02	1.0000000000e+00	
2.4935618433e-01	1.0534474189e+00	1.0094369186e+00	0.0000000000e+00	0.0000000000e+00	1.4605750090e-02	1.0000000000e+00	
2.5769058617e-01	1.0530875283e+00	1.0115274856e+00	0.0000000000e+00	0.0000000000e+00	1.3877627284e-02	1.0000000000e+00	
2.6630079487e-01	1.0531191868e+00	1.0115678465e+00	0.0000000000e+00	0.0000000000e+00	1.3175091094e-02	1.0000000000e+00	
2.7519469789e-01	1.0535175306e+00	1.0097752249e+00	0.0000000000e+00	0.0000000000e+00	1.2199017445e-02	1.0000000000e+00	
2.8438004473e-01	1.0539977328e+00	1.0075176120e+00	0.0000000000e+00	0.0000000000e+00	1.1352611242e-02	1.0000000000e+00	
2.9386437075e-01	1.0542318413e+00	1.0064453202e+00	0.0000000000e+00	0.0000000000e+00	1.0843094546e-02	1.0000000000e+00	
3.0365491309e-01	1.0541132419e+00	1.0072564485e+00	0.0000000000e+00	0.0000000000e+00	1.0185444374e-02	1.0000000000e+00	
3.1375851897e-01	1.0538073664e+00	1.0090871273e+00	0.0000000000e+00	0.0000000000e+00	9.3824284929e-03	1.0000000000e+00	
3.2418154733e-01	1.0535991644e+00	1.0103115517e+00	0.0000000000e+00	0.0000000000e+00	8.9099215985e-03	1.0000000000e+00	
3.3492976490e-01	1.0536786323e+00	1.0100337678e+00	0.0000000000e+00	0.0000000000e+00	8.4422976037e-03	1.0000000000e+00	
3.4600823853e-01	1.0539556385e+00	1.0087879278e+00	0.0000000000e+00	0.0000000000e+00	7.7610102139e-03	1.0000000000e+00	
3.5742122614e-01	1.0541442391e+00	1.0079192980e+00	0.0000000000e+00	0.0000000000e+00	7.3668729166e-03	1.0000000000e+00	
3.6917206929e-01	1.0541044694e+00	1.0082423507e+00	0.0000000000e+00	0.0000000000e+00	6.9718116130e-03	1.0000000000e+00	
3.8126309102e-01	1.0539497282e+00	1.0092142576e+00	0.0000000000e+00	0.0000000000e+00	6.4091028088e-03	1.0000000000e+00	
3.9369550344e-01	1.0538766553e+00	1.0096752350e+00	0.0000000000e+00	0.0000000000e+00	6.1364811048e-03	1.0000000000e+00	
4.0646933004e-01	1.0539771180e+00	1.0092712467e+00	0.0000000000e+00	0.0000000000e+00	5.7258526457e-03	1.0000000000e+00	
4.1958334828e-01	1.0541101499e+00	1.0086925423e+00	0.0000000000e+00	0.0000000000e+00	5.3316363995e-03	1.0000000000e+00	
4.3303505822e-01	1.0541229229e+00	1.0086902649e+00	0.0000000000e+00	0.0000000000e+00	5.1116395329e-03	1.0000000000e+00	
4.4682068323e-01	1.0540588478e+00	1.0091469676e+00	0.0000000000e+00	0.0000000000e+00	4.6931695147e-03	1.0000000000e+00	
4.6093520806e-01	1.0540269899e+00	1.0093674922e+00	0.0000000000e+00	0.0000000000e+00	4.5074849958e-03	1.0000000000e+00	
4.7537245911e-01	1.0540845809e+00	1.0091621385e+00	0.0000000000e+00	0.0000000000e+00	4.1824093963e-03	1.0000000000e+00	
4.9012523004e-01	1.0541375442e+00	1.0089507355e+00	0.0000000000e+00	0.0000000000e+00	3.9605383634e-03	1.0000000000e+00	
5.0518545426e-01	1.0541311563e+00	1.0090492456e+00	0.0000000000e+00	0.0000000000e+00	3.7377207807e-03	1.0000000000e+00	
5.2054442301e-01	1.0541087676e+00	1.0092373756e+00	0.0000000000e+00	0.0000000000e+00	3.4939045943e-03	1.0000000000e+00	
5.3619304554e-01	1.0541192388e+00	1.0092283100e+00	0.0000000000e+00	0.0000000000e+00	3.3381589508e-03	1.0000000000e+00	
5.5212214430e-01	1.0541524215e+00	1.0091248801e+00	0.0000000000e+00	0.0000000000e+00	3.0999570937e-03	1.0000000000e+00	
5.6832277575e-01	1.0541581991e+00	1.0091297403e+00	0.0000000000e+00	0.0000000000e+00	2.9803093398e-03	1.0000000000e+00	
5.8478656470e-01	1.0541537926e+00	1.0092161335e+00	0.0000000000e+00	0.0000000000e+00	2.7635770940e-03	1.0000000000e+00	
6.0150603835e-01	1.0541568342e+00	1.0092295752e+00	0.0000000000e+00	0.0000000000e+00	2.6633885700e-03	1.0000000000e+00	
6.1847494565e-01	1.0541740093e+00	1.0091950800e+00	0.0000000000e+00	0.0000000000e+00	2.4750154666e-03	1.0000000000e+00	
6.3568854768e-01	1.0541786326e+00	1.0091979623e+00	0.0000000000e+00	0.0000000000e+00	2.3827158551e-03	1.0000000000e+00	
6.5314386666e-01	1.0541803334e+00	1.0092344966e+00	0.0000000000e+00	0.0000000000e+00	2.2275005551e-03	1.0000000000e+00	
6.7083988321e-01	1.0541843893e+00	1.0092411954e+00	0.0000000000e+00	0.0000000000e+00	2.1322736791e-03	1.0000000000e+00	
6.8877767508e-01	1.0541925467e+00	1.0092327101e+00	0.0000000000e+00	0.0000000000e+00	2.0158050057e-03	1.0000000000e+00	
7.0696049388e-01	1.0541969262e+00	1.0092414650e+00	0.0000000000e+00	0.0000000000e+00	1.9077790855e-03	1.0000000000e+00	
7.2539378017e-01	1.0541984816e+00	1.0092552771e+00	0.0000000000e+00	0.0000000000e+00	1.8328276266e-03	1.0000000000e+00	
7.4408512020e-01	1.0542044550e+00	1.0092599407e+00	0.0000000000e+00	0.0000000000e+00	1.7103621495e-03	1.0000000000e+00	
7.6304415064e-01	1.0542069882e+00	1.0092596841e+00	0.0000000000e+00	0.0000000000e+00	1.6660635861e-03	1.0000000000e+00	
7.8228241917e-01	1.0542118432e+00	1.0092692536e+00	0.0000000000e+00	0.0000000000e+00	1.5467728215e-03	1.0000000000e+00	
8.0181321031e-01	1.0542134324e+00	1.0092742108e+00	0.0000000000e+00	0.0000000000e+00	1.5014869343e-03	1.0000000000e+00	
8.2165134601e-01	1.0542173681e+00	1.0092776105e+00	0.0000000000e+00	0.0000000000e+00	1.4196802111e-03	1.0000000000e+00	
8.4181297062e-01	1.0542207827e+00	1.0092825978e+00	0.0000000000e+00	0.0000000000e+00	1.3417391019e-03	1.0000000000e+00	
8.6231532903e-01	1.0542220073e+00	1.0092866600e+00	0.0000000000e+00	0.0000000000e+00	1.3060155572e-03	1.0000000000e+00	
8.8317654601e-01	1.0542260441e+00	1.0092917004e+00	0.0000000000e+00	0.0000000000e+00	1.2167973495e-03	1.0000000000e+00	
9.0441541352e-01	1.0542279100e+00	1.0092947084e+00	0.0000000000e+00	0.0000000000e+00	1.1732396761e-03	1.0000000000e+00	
9.2605119178e-01	1.0542296129e+00	1.0092983912e+00	0.0000000000e+00	0.0000000000e+00	1.1302835471e-03	1.0000000000e+00	
9.4810342851e-01	1.0542329485e+00	1.0093031732e+00	0.0000000000e+00	0.0000000000e+00	1.0544528975e-03	1.0000000000e+00	
9.7059179977e-01	1.0542343795e+00	1.0093058604e+00	0.0000000000e+00	0.0000000000e+00	1.0197487460e-03	1.0000000000e+00	
9.9353597460e-01	1.0542358311e+00	1.0093087848e+00	0.0000000000e+00	0.0000000000e+00	9.8386486806e-04	1.0000000000e+00	
1.0169555048e+00	1.0542386198e+00	1.0093128817e+00	0.0000000000e+00	0.0000000000e+00	9.2012877117e-04	1.0000000000e+00	
1.0408697401e+00	1.0542403556e+00	1.0093158525e+00	0.0000000000e+00	0.0000000000e+00	8.7901976984e-04	1.0000000000e+00	
1.0652977683e+00	1.0542412576e+00	1.0093180187e+00	0.0000000000e+00	0.0000000000e+00	8.5552977007e-04	1.0000000000e+00	
1.0902583792e+00	1.0542430357e+00	1.0093209846e+00	0.0000000000e+00	0.0000000000e+00	8.1368223694e-04	1.0000000000e+00	
1.1157700501e+00	1.0542451992e+00	1.0093243443e+00	0.0000000000e+00	0.0000000000e+00	7.6361540869e-04	1.0000000000e+00	
1.1418509508e+00	1.0542466311e+00	1.0093270065e+00	0.0000000000e+00	0.0000000000e+00	7.2897946579e-04	1.0000000000e+00	
1.1685189659e+00	1.0542474977e+00	1.0093290926e+00	0.0000000000e+00	0.0000000000e+00	7.0639472759e-04	1.0000000000e+00	
1.1957917291e+00	1.0542485143e+00	1.0093313122e+00	0.0000000000e+00	0.0000000000e+00	6.8067936899e-04	1.0000000000e+00	
1.2236866704e+00	1.0542499065e+00	1.0093338414e+00	0.0000000000e+00	0.0000000000e+00	6.4720625442e-04	1.0000000000e+00	
1.2522210686e+00	1.0542514192e+00	1.0093364162e+00	0.0000000000e+00	0.0000000000e+00	6.1142784883e-04	1.0000000000e+00	
1.2814121100e+00	1.0542527769e+00	1.0093388031e+00	0.0000000000e+00	0.0000000000e+00	5.7905650772e-04	1.0000000000e+00	
1.3112769486e+00	1.0542539118e+00	1.0093409443e+00	0.0000000000e+00	0.0000000000e+00	5.5150008615e-04	1.0000000000e+00	
1.3418327664e+00	1.0542548762e+00	1.0093429109e+00	0.0000000000e+00	0.0000000000e+00	5.2757916833e-04	1.0000000000e+00	
1.3730968318e+00	1.0542557563e+00	1.0093448219e+00	0.0000000000e+00	0.0000000000e+00	5.0535200111e-04	1.0000000000e+00	
1.4050865544e+00	1.0542565987e+00	1.0093467057e+00	0.0000000000e+00	0.0000000000e+00	4.8388874859e-04	1.0000000000e+00	
1.4378195367e+00	1.0542574374e+00	1.0093485549e+00	0.0000000000e+00	0.0000000000e+00	4.6261183376e-04	1.0000000000e+00	
1.4713136199e+00	1.0542582746e+00	1.0093503527e+00	0.0000000000e+00	0.0000000000e+00	4.4153654740e-04	1.0000000000e+00	
1.5055869258e+00	1.0542591080e+00	1.0093520936e+00	0.0000000000e+00	0.0000000000e+00	4.2072380621e-04	1.0000000000e+00	
1.5406578931e+00	1.0542599124e+00	1.0093537688e+00	0.0000000000e+00	0.0000000000e+00	4.0065258270e-04	1.0000000000e+00	
1.5765453097e+00	1.0542606484e+00	1.0093553690e+00	0.0000000000e+00	0.0000000000e+00	3.8205643136e-04	1.0000000000e+00	
1.6132683413e+00	1.0542612816e+00	1.0093568917e+00	0.0000000000e+00	0.0000000000e+00	3.6555921862e-04	1.0000000000e+00	
1.6508465550e+00	1.0542617546e+00	1.0093582734e+00	0.0000000000e+00	0.0000000000e+00	3.5240137708e-04	1.0000000000e+00	
1.6892999418e+00	1.0542621844e+00	1.0093595812e+00	0.0000000000e+00	0.0000000000e+00	3.4026632361e-04	1.0000000000e+00	
1.7286489352e+00	1.0542627525e+00	1.0093609674e+00	0.0000000000e+00	0.0000000000e+00	3.2539772443e-04	1.0000000000e+00	
1.7689144286e+00	1.0542635213e+00	1.0093625029e+00	0.0000000000e+00	0.0000000000e+00	3.0643831793e-04	1.0000000000e+00	
1.8101177909e+00	1.0542641849e+00	1.0093639229e+00	0.0000000000e+00	0.0000000000e+00	2.8975008690e-04	1.0000000000e+00	
1.8522808814e+00	1.0542644452e+00	1.0093649740e+00	0.0000000000e+00	0.0000000000e+00	2.8151606944e-04	1.0000000000e+00	
1.8954260634e+00	1.0542648508e+00	1.0093661743e+00	0.0000000000e+00	0.0000000000e+00	2.7017919264e-04	1.0000000000e+00	
1.9395762182e+00	1.0542655657e+00	1.0093676371e+00	0.0000000000e+00	0.0000000000e+00	2.5242976673e-04	1.0000000000e+00	
1.9847547578e+00	1.0542657975e+00	1.0093685869e+00	0.0000000000e+00	0.0000000000e+00	2.4504958487e-04	1.0000000000e+00	
2.0309856381e+00	1.0542661839e+00	1.0093696566e+00	0.0000000000e+00	0.0000000000e+00	2.3450277425e-04	1.0000000000e+00	
2.0782933726e+00	1.0542667143e+00	1.0093708691e+00	0.0000000000e+00	0.0000000000e+00	2.2089851952e-04	1.0000000000e+00	
2.1267030450e+00	1.0542668597e+00	1.0093717253e+00	0.0000000000e+00	0.0000000000e+00	2.1537934086e-04	1.0000000000e+00	
2.1762403230e+00	1.0542674498e+00	1.0093729837e+00	0.0000000000e+00	0.0000000000e+00	2.0055447574e-04	1.0000000000e+00	
2.2269314723e+00	1.0542675482e+00	1.0093737263e+00	0.0000000000e+00	0.0000000000e+00	1.9626119127e-04	1.0000000000e+00	
2.2788033700e+00	1.0542680324e+00	1.0093748152e+00	0.0000000000e+00	0.0000000000e+00	1.8390514066e-04	1.0000000000e+00	
2.3318835194e+00	1.0542682587e+00	1.0093756633e+00	0.0000000000e+00	0.0000000000e+00	1.7696943381e-04	1.0000000000e+00	
2.3862000642e+00	1.0542684508e+00	1.0093764783e+00	0.0000000000e+00	0.0000000000e+00	1.7075763815e-04	1.0000000000e+00	
2.4417818039e+00	1.0542688925e+00	1.0093774992e+00	0.0000000000e+00	0.0000000000e+00	1.5939193229e-04	1.0000000000e+00	
2.4986582086e+00	1.0542690650e+00	1.0093782302e+00	0.0000000000e+00	0.0000000000e+00	1.5381577986e-04	1.0000000000e+00	
2.5568594350e+00	1.0542692136e+00	1.0093789333e+00	0.0000000000e+00	0.0000000000e+00	1.4876281733e-04	1.0000000000e+00	
2.6164163421e+00	1.0542694697e+00	1.0093797393e+00	0.0000000000e+00	0.0000000000e+00	1.4144084372e-04	1.0000000000e+00	
2.6773605077e+00	1.0542697703e+00	1.0093805627e+00	0.0000000000e+00	0.0000000000e+00	1.3326662169e-04	1.0000000000e+00	
2.7397242454e+00	1.0542700059e+00	1.0093812945e+00	0.0000000000e+00	0.0000000000e+00	1.2656304953e-04	1.0000000000e+00	
2.8035406211e+00	1.0542701858e+00	1.0093819656e+00	0.0000000000e+00	0.0000000000e+00	1.2106026961e-04	1.0000000000e+00	
2.8688434711e+00	1.0542703686e+00	1.0093826332e+00	0.0000000000e+00	0.0000000000e+00	1.1551809190e-04	1.0000000000e+00	
2.9356674200e+00	1.0542705419e+00	1.0093832655e+00	0.0000000000e+00	0.0000000000e+00	1.1026679153e-04	1.0000000000e+00	
3.0040478985e+00	1.0542707095e+00	1.0093838707e+00	0.0000000000e+00	0.0000000000e+00	1.0520914949e-04	1.0000000000e+00	
3.0740211630e+00	1.0542708534e+00	1.0093844462e+00	0.0000000000e+00	0.0000000000e+00	1.0067597806e-04	1.0000000000e+00	
3.1456243142e+00	1.0542709402e+00	1.0093849502e+00	0.0000000000e+00	0.0000000000e+00	9.7404909034e-05	1.0000000000e+00	
3.2188953171e+00	1.0542710301e+00	1.0093854322e+00	0.0000000000e+00	0.0000000000e+00	9.4153532361e-05	1.0000000000e+00	
3.2938730209e+00	1.0542712185e+00	1.0093859959e+00	0.0000000000e+00	0.0000000000e+00	8.8866984724e-05	1.0000000000e+00	
3.3705971797e+00	1.0542714080e+00	1.0093865460e+00	0.0000000000e+00	0.0000000000e+00	8.3607349599e-05	1.0000000000e+00	
3.4491084738e+00	1.0542714373e+00	1.0093869192e+00	0.0000000000e+00	0.0000000000e+00	8.1808802440e-05	1.0000000000e+00	
3.5294485309e+00	1.0542716225e+00	1.0093874259e+00	0.0000000000e+00	0.0000000000e+00	7.6775930357e-05	1.0000000000e+00	
3.6116599483e+00	1.0542716982e+00	1.0093878113e+00	0.0000000000e+00	0.0000000000e+00	7.4107263395e-05	1.0000000000e+00	
3.6957863156e+00	1.0542718463e+00	1.0093882437e+00	0.0000000000e+00	0.0000000000e+00	6.9987976344e-05	1.0000000000e+00	
3.7818722377e+00	1.0542718900e+00	1.0093885588e+00	0.0000000000e+00	0.0000000000e+00	6.8131455226e-05	1.0000000000e+00	
3.8699633585e+00	1.0542720689e+00	1.0093889840e+00	0.0000000000e+00	0.0000000000e+00	6.3487917023e-05	1.0000000000e+00	
3.9601063851e+00	1.0542721443e+00	1.0093892880e+00	0.0000000000e+00	0.0000000000e+00	6.1103686549e-05	1.0000000000e+00	
4.0523491126e+00	1.0542721953e+00	1.0093895505e+00	0.0000000000e+00	0.0000000000e+00	5.9296919321e-05	1.0000000000e+00	
4.1467404492e+00	1.0542722895e+00	1.0093898319e+00	0.0000000000e+00	0.0000000000e+00	5.6655536819e-05	1.0000000000e+00	
4.2433304425e+00	1.0542723964e+00	1.0093901039e+00	0.0000000000e+00	0.0000000000e+00	5.3820247641e-05	1.0000000000e+00	
4.3421703057e+00	1.0542724909e+00	1.0093903421e+00	0.0000000000e+00	0.0000000000e+00	5.1319341002e-05	1.0000000000e+00	
4.4433124451e+00	1.0542725715e+00	1.0093905436e+00	0.0000000000e+00	0.0000000000e+00	4.9193800907e-05	1.0000000000e+00	
4.5468104876e+00	1.0542726495e+00	1.0093907197e+00	0.0000000000e+00	0.0000000000e+00	4.7201955097e-05	1.0000000000e+00	
4.6527193092e+00	1.0542727524e+00	1.0093908950e+00	0.0000000000e+00	0.0000000000e+00	4.4766193984e-05	1.0000000000e+00	
4.7610950642e+00	1.0542728779e+00	1.0093910668e+00	0.0000000000e+00	0.0000000000e+00	4.1941929291e-05	1.0000000000e+00	
4.8719952147e+00	1.0542729354e+00	1.0093911477e+00	0.0000000000e+00	0.0000000000e+00	4.0639570504e-05	1.0000000000e+00	
4.9854785617e+00	1.0542730171e+00	1.0093912251e+00	0.0000000000e+00	0.0000000000e+00	3.8918207576e-05	1.0000000000e+00	
5.1016052753e+00	1.0542731220e+00	1.0093912972e+00	0.0000000000e+00	0.0000000000e+00	3.6801388193e-05	1.0000000000e+00	
5.2204369276e+00	1.0542732043e+00	1.0093913186e+00	0.0000000000e+00	0.0000000000e+00	3.5259567429e-05	1.0000000000e+00	
5.3420365247e+00	1.0542732708e+00	1.0093912959e+00	0.0000000000e+00	0.0000000000e+00	3.4151676156e-05	1.0000000000e+00	
5.4664685402e+00	1.0542733897e+00	1.0093912928e+00	0.0000000000e+00	0.0000000000e+00	3.2042118544e-05	1.0000000000e+00	
5.5937989497e+00	1.0542734934e+00	1.0093912441e+00	0.0000000000e+00	0.0000000000e+00	3.0359688649e-05	1.0000000000e+00	
5.7240952655e+00	1.0542735866e+00	1.0093911526e+00	0.0000000000e+00	0.0000000000e+00	2.9009333158e-05	1.0000000000e+00	
5.8574265723e+00	1.0542736849e+00	1.0093910323e+00	0.0000000000e+00	0.0000000000e+00	2.7668873859e-05	1.0000000000e+00	
5.9938635642e+00	1.0542737827e+00	1.0093908766e+00	0.0000000000e+00	0.0000000000e+00	2.6456011987e-05	1.0000000000e+00	
6.1334785820e+00	1.0542738673e+00	1.0093906715e+00	0.0000000000e+00	0.0000000000e+00	2.5648562566e-05	1.0000000000e+00	
6.2763456512e+00	1.0542739631e+00	1.0093904393e+00	0.0000000000e+00	0.0000000000e+00	2.4734809241e-05	1.0000000000e+00	
6.4225405221e+00	1.0542741032e+00	1.0093902104e+00	0.0000000000e+00	0.0000000000e+00	2.3017897858e-05	1.0000000000e+00	
6.5721407089e+00	1.0542741883e+00	1.0093898877e+00	0.0000000000e+00	0.0000000000e+00	2.2603505700e-05	1.0000000000e+00	
6.7252255317e+00	1.0542743335e+00	1.0093895800e+00	0.0000000000e+00	0.0000000000e+00	2.1065737745e-05	1.0000000000e+00	
6.8818761580e+00	1.0542744544e+00	1.0093892049e+00	0.0000000000e+00	0.0000000000e+00	2.0192788254e-05	1.0000000000e+00	
7.0421756463e+00	1.0542745708e+00	1.0093887792e+00	0.0000000000e+00	0.0000000000e+00	1.9571172725e-05	1.0000000000e+00	
7.2062089892e+00	1.0542747043e+00	1.0093883221e+00	0.0000000000e+00	0.0000000000e+00	1.8752975694e-05	1.0000000000e+00	
7.3740631596e+00	1.0542748504e+00	1.0093878270e+00	0.0000000000e+00	0.0000000000e+00	1.7840798565e-05	1.0000000000e+00	
7.5458271559e+00	1.0542750111e+00	1.0093872939e+00	0.0000000000e+00	0.0000000000e+00	1.6796378453e-05	1.0000000000e+00	
7.7215920496e+00	1.0542751690e+00	1.0093867038e+00	0.0000000000e+00	0.0000000000e+00	1.5997032663e-05	1.0000000000e+00	
7.9014510336e+00	1.0542753152e+00	1.0093860460e+00	0.0000000000e+00	0.0000000000e+00	1.5639347315e-05	1.0000000000e+00	
8.0854994715e+00	1.0542755054e+00	1.0093853714e+00	0.0000000000e+00	0.0000000000e+00	1.4554054834e-05	1.0000000000e+00	
8.2738349483e+00	1.0542756778e+00	1.0093846182e+00	0.0000000000e+00	0.0000000000e+00	1.4054077232e-05	1.0000000000e+00	
8.4665573218e+00	1.0542758587e+00	1.0093838090e+00	0.0000000000e+00	0.0000000000e+00	1.3593680578e-05	1.0000000000e+00	
8.6637687762e+00	1.0542760565e+00	1.0093829492e+00	0.0000000000e+00	0.0000000000e+00	1.3004715863e-05	1.0000000000e+00	
8.8655738754e+00	1.0542762664e+00	1.0093820310e+00	0.0000000000e+00	0.0000000000e+00	1.2400206840e-05	1.0000000000e+00	
9.0720796193e+00	1.0542764951e+00	1.0093810581e+00	0.0000000000e+00	0.0000000000e+00	1.1647228082e-05	1.0000000000e+00	
9.2833954998e+00	1.0542767267e+00	1.0093800117e+00	0.0000000000e+00	0.0000000000e+00	1.1094077909e-05	1.0000000000e+00	
9.4996335595e+00	1.0542769623e+00	1.0093788896e+00	0.0000000000e+00	0.0000000000e+00	1.0728911556e-05	1.0000000000e+00	
9.7209084507e+00	1.0542772154e+00	1.0093777013e+00	0.0000000000e+00	0.0000000000e+00	1.0277225191e-05	1.0000000000e+00	
9.9473374962e+00	1.0542774902e+00	1.0093764470e+00	0.0000000000e+00	0.0000000000e+00	9.6647877386e-06	1.0000000000e+00	
1.0179040752e+01	1.0542777716e+00	1.0093751085e+00	0.0000000000e+00	0.0000000000e+00	9.2208666526e-06	1.0000000000e+00	
1.0416141069e+01	1.0542780621e+00	1.0093736840e+00	0.0000000000e+00	0.0000000000e+00	8.9106820738e-06	1.0000000000e+00	
1.0658764163e+01	1.0542783703e+00	1.0093721775e+00	0.0000000000e+00	0.0000000000e+00	8.5641842262e-06	1.0000000000e+00	
1.0907038674e+01	1.0542787060e+00	1.0093705940e+00	0.0000000000e+00	0.0000000000e+00	7.9902578566e-06	1.0000000000e+00	
1.1161096242e+01	1.0542790440e+00	1.0093689049e+00	0.0000000000e+00	0.0000000000e+00	7.7357412489e-06	1.0000000000e+00	
1.1421071571e+01	1.0542794007e+00	1.0093671209e+00	0.0000000000e+00	0.0000000000e+00	7.4724179292e-06	1.0000000000e+00	
1.1687102502e+01	1.0542797802e+00	1.0093652406e+00	0.0000000000e+00	0.0000000000e+00	7.1317772529e-06	1.0000000000e+00	
1.1959330091e+01	1.0542801836e+00	1.0093632599e+00	0.0000000000e+00	0.0000000000e+00	6.7088309734e-06	1.0000000000e+00	
1.2237898674e+01	1.0542806029e+00	1.0093611653e+00	0.0000000000e+00	0.0000000000e+00	6.3916171554e-06	1.0000000000e+00	
1.2522955954e+01	1.0542810415e+00	1.0093589543e+00	0.0000000000e+00	0.0000000000e+00	6.1287474926e-06	1.0000000000e+00	
1.2814653070e+01	1.0542814992e+00	1.0093566206e+00	0.0000000000e+00	0.0000000000e+00	5.9430929411e-06	1.0000000000e+00	
1.3113144685e+01	1.0542819847e+00	1.0093541659e+00	0.0000000000e+00	0.0000000000e+00	5.6763315874e-06	1.0000000000e+00	
1.3418589063e+01	1.0542824981e+00	1.0093515835e+00	0.0000000000e+00	0.0000000000e+00	5.3470940995e-06	1.0000000000e+00	
1.3731148154e+01	1.0542830352e+00	1.0093488624e+00	0.0000000000e+00	0.0000000000e+00	5.0707756052e-06	1.0000000000e+00	
1.4050987682e+01	1.0542835969e+00	1.0093459959e+00	0.0000000000e+00	0.0000000000e+00	4.8525640812e-06	1.0000000000e+00	
1.4378277230e+01	1.0542841843e+00	1.0093429773e+00	0.0000000000e+00	0.0000000000e+00	4.6961802139e-06	1.0000000000e+00	
1.4713190331e+01	1.0542848059e+00	1.0093398068e+00	0.0000000000e+00	0.0000000000e+00	4.4471923976e-06	1.0000000000e+00	
1.5055904559e+01	1.0542854590e+00	1.0093364729e+00	0.0000000000e+00	0.0000000000e+00	4.1968781170e-06	1.0000000000e+00	
1.5406601628e+01	1.0542861380e+00	1.0093329615e+00	0.0000000000e+00	0.0000000000e+00	4.0910830292e-06	1.0000000000e+00	
1.5765467481e+01	1.0542868540e+00	1.0093292738e+00	0.0000000000e+00	0.0000000000e+00	3.9279132915e-06	1.0000000000e+00	
1.6132692393e+01	1.0542876063e+00	1.0093253994e+00	0.0000000000e+00	0.0000000000e+00	3.7558509529e-06	1.0000000000e+00	
1.6508471073e+01	1.0542883998e+00	1.0093213326e+00	0.0000000000e+00	0.0000000000e+00	3.5068696157e-06	1.0000000000e+00	
1.6893002762e+01	1.0542892250e+00	1.0093170536e+00	0.0000000000e+00	0.0000000000e+00	3.4172734509e-06	1.0000000000e+00	
1.7286491345e+01	1.0542900960e+00	1.0093125647e+00	0.0000000000e+00	0.0000000000e+00	3.2291438455e-06	1.0000000000e+00	
1.7689145454e+01	1.0542910067e+00	1.0093078481e+00	0.0000000000e+00	0.0000000000e+00	3.1118024890e-06	1.0000000000e+00	
1.8101178583e+01	1.0542919657e+00	1.0093028999e+00	0.0000000000e+00	0.0000000000e+00	2.9234042168e-06	1.0000000000e+00	
1.8522809196e+01	1.0542929666e+00	1.0092977007e+00	0.0000000000e+00	0.0000000000e+00	2.8459173903e-06	1.0000000000e+00	
1.8954260847e+01	1.0542940192e+00	1.0092922466e+00	0.0000000000e+00	0.0000000000e+00	2.7180184928e-06	1.0000000000e+00	
1.9395762299e+01	1.0542951257e+00	1.0092865253e+00	0.0000000000e+00	0.0000000000e+00	2.5440134906e-06	1.0000000000e+00	
1.9847547640e+01	1.0542962812e+00	1.0092805173e+00	0.0000000000e+00	0.0000000000e+00	2.4745383150e-06	1.0000000000e+00	
2.0309856414e+01	1.0542974956e+00	1.0092742167e+00	0.0000000000e+00	0.0000000000e+00	2.3544313940e-06	1.0000000000e+00	
2.0782933743e+01	1.0542987683e+00	1.0092676063e+00	0.0000000000e+00	0.0000000000e+00	2.2542027823e-06	1.0000000000e+00	
2.1267030458e+01	1.0543001046e+00	1.0092606742e+00	0.0000000000e+00	0.0000000000e+00	2.1192479706e-06	1.0000000000e+00	
2.1762403235e+01	1.0543015045e+00	1.0092534027e+00	0.0000000000e+00	0.0000000000e+00	2.0109156654e-06	1.0000000000e+00	
2.2269314725e+01	1.0543029695e+00	1.0092457744e+00	0.0000000000e+00	0.0000000000e+00	1.9610056969e-06	1.0000000000e+00	
2.2788033701e+01	1.0543045094e+00	1.0092377790e+00	0.0000000000e+00	0.0000000000e+00	1.8303926109e-06	1.0000000000e+00	
2.3318835194e+01	1.0543061215e+00	1.0092293936e+00	0.0000000000e+00	0.0000000000e+00	1.7455525213e-06	1.0000000000e+00	
2.3862000642e+01	1.0543078092e+00	1.0092205998e+00	0.0000000000e+00	0.0000000000e+00	1.7083313864e-06	1.0000000000e+00	
2.4417818039e+01	1.0543095819e+00	1.0092113842e+00	0.0000000000e+00	0.0000000000e+00	1.5962747258e-06	1.0000000000e+00	
2.4986582086e+01	1.0543114372e+00	1.0092017208e+00	0.0000000000e+00	0.0000000000e+00	1.5421617088e-06	1.0000000000e+00	
2.5568594350e+01	1.0543133827e+00	1.0091915924e+00	0.0000000000e+00	0.0000000000e+00	1.4691259926e-06	1.0000000000e+00	
2.6164163421e+01	1.0543154211e+00	1.0091809755e+00	0.0000000000e+00	0.0000000000e+00	1.4097545485e-06	1.0000000000e+00	
2.6773605077e+01	1.0543175585e+00	1.0091698492e+00	0.0000000000e+00	0.0000000000e+00	1.3264901921e-06	1.0000000000e+00	
2.7397242454e+01	1.0543197970e+00	1.0091581871e+00	0.0000000000e+00	0.0000000000e+00	1.2698763736e-06	1.0000000000e+00	
2.8035406211e+01	1.0543221430e+00	1.0091459656e+00	0.0000000000e+00	0.0000000000e+00	1.2102763287e-06	1.0000000000e+00	
2.8688434711e+01	1.0543246004e+00	1.0091331575e+00	0.0000000000e+00	0.0000000000e+00	1.1673267962e-06	1.0000000000e+00	
2.9356674200e+01	1.0543271764e+00	1.0091197372e+00	0.0000000000e+00	0.0000000000e+00	1.1032239937e-06	1.0000000000e+00	
3.0040478985e+01	1.0543298735e+00	1.0091056730e+00	0.0000000000e+00	0.0000000000e+00	1.0804666873e-06	1.0000000000e+00	
