1.0528499241e-05	6.7781929699e-01
1.0773739492e-05	6.9299946905e-01
1.1024692123e-05	7.0851947076e-01
1.1281490192e-05	7.2438737647e-01
1.1544269856e-05	7.4061032482e-01
1.1813170444e-05	7.5719680419e-01
1.2088334532e-05	7.7415456785e-01
1.2369908015e-05	7.9149225643e-01
1.2658040187e-05	8.0921809546e-01
1.2952883819e-05	8.2734098712e-01
1.3254595242e-05	8.4586968825e-01
1.3563334427e-05	8.6481336815e-01
1.3879265071e-05	8.8418150332e-01
1.4202554685e-05	9.0398315662e-01
1.4533374682e-05	9.2422818974e-01
1.4871900466e-05	9.4492673643e-01
1.5218311529e-05	9.6608876438e-01
1.5572791542e-05	9.8772479727e-01
1.5935528455e-05	1.0098452802e+00
1.6306714596e-05	1.0324612101e+00
1.6686546774e-05	1.0555836880e+00
1.7075226379e-05	1.0792238722e+00
1.7472959495e-05	1.1033935908e+00
1.7879957006e-05	1.1281045360e+00
1.8296434706e-05	1.1533688177e+00
1.8722613418e-05	1.1791989883e+00
1.9158719108e-05	1.2056075339e+00
1.9604983005e-05	1.2326075419e+00
2.0061641722e-05	1.2602121842e+00
2.0528937388e-05	1.2884350317e+00
2.1007117768e-05	1.3172899554e+00
2.1496436400e-05	1.3467910317e+00
2.1997152727e-05	1.3769527354e+00
2.2509532236e-05	1.4077898870e+00
2.3033846597e-05	1.4393177289e+00
2.3570373808e-05	1.4715514974e+00
2.4119398343e-05	1.5045071578e+00
2.4681211302e-05	1.5382008555e+00
2.5256110567e-05	1.5726490435e+00
2.5844400955e-05	1.6078686913e+00
2.6446394387e-05	1.6438770668e+00
2.7062410047e-05	1.6806917439e+00
2.7692774556e-05	1.7183309265e+00
2.8337822140e-05	1.7568129096e+00
2.8997894812e-05	1.7961566669e+00
2.9673342552e-05	1.8363814346e+00
3.0364523491e-05	1.8775070026e+00
3.1071804102e-05	1.9195535089e+00
3.1795559395e-05	1.9625415893e+00
3.2536173115e-05	2.0064922661e+00
3.3294037944e-05	2.0514271313e+00
3.4069555713e-05	2.0973681946e+00
3.4863137611e-05	2.1443380262e+00
3.5675204406e-05	2.1923596123e+00
3.6506186667e-05	2.2414565158e+00
3.7356524992e-05	2.2916527953e+00
3.8226670240e-05	2.3429730961e+00
3.9117083775e-05	2.3954425042e+00
4.0028237705e-05	2.4490868273e+00
4.0960615137e-05	2.5039322734e+00
4.1914710429e-05	2.5600058060e+00
4.2891029456e-05	2.6173348824e+00
4.3890089874e-05	2.6759476135e+00
4.4912421398e-05	2.7358727227e+00
4.5958566083e-05	2.7971395703e+00
4.7029078608e-05	2.8597781785e+00
4.8124526573e-05	2.9238192665e+00
4.9245490799e-05	2.9892942068e+00
5.0392565636e-05	3.0562350679e+00
5.1566359279e-05	3.1246746824e+00
5.2767494087e-05	3.1946465547e+00
5.3996606920e-05	3.2661849874e+00
5.5254349468e-05	3.3393250125e+00
5.6541388603e-05	3.4141024838e+00
5.7858406732e-05	3.4905539887e+00
5.9206102153e-05	3.5687170152e+00
6.0585189434e-05	3.6486298439e+00
6.1996399783e-05	3.7303316042e+00
6.3440481445e-05	3.8138622471e+00
6.4918200089e-05	3.8992627715e+00
6.6430339223e-05	3.9865749450e+00
6.7977700602e-05	4.0758415033e+00
6.9561104657e-05	4.1671061682e+00
7.1181390931e-05	4.2604136107e+00
7.2839418520e-05	4.3558094745e+00
7.4536066534e-05	4.4533404724e+00
7.6272234556e-05	4.5530542884e+00
7.8048843127e-05	4.6549997615e+00
7.9866834227e-05	4.7592267246e+00
8.1727171781e-05	4.8657861832e+00
8.3630842162e-05	4.9747302365e+00
8.5578854723e-05	5.0861121555e+00
8.7572242325e-05	5.1999863951e+00
8.9612061890e-05	5.3164086281e+00
9.1699394956e-05	5.4354357583e+00
9.3835348255e-05	5.5571259472e+00
9.6021054297e-05	5.6815386585e+00
9.8257671974e-05	5.8087346567e+00
1.0054638717e-04	5.9387760545e+00
1.0288841339e-04	6.0717263901e+00
1.0528499241e-04	6.2076505320e+00
1.0773739492e-04	6.3466148281e+00
1.1024692123e-04	6.4886870975e+00
1.1281490192e-04	6.6339366331e+00
1.1544269856e-04	6.7824342938e+00
1.1813170444e-04	6.9342524686e+00
1.2088334532e-04	7.0894651586e+00
1.2369908015e-04	7.2481480227e+00
1.2658040187e-04	7.4103783242e+00
1.2952883819e-04	7.5762350939e+00
1.3254595242e-04	7.7457990644e+00
1.3563334427e-04	7.9191527552e+00
1.3879265071e-04	8.0963804924e+00
1.4202554685e-04	8.2775684725e+00
1.4533374682e-04	8.4628047347e+00
1.4871900466e-04	8.6521792921e+00
1.5218311529e-04	8.8457841270e+00
1.5572791542e-04	9.0437131893e+00
1.5935528455e-04	9.2460625502e+00
1.6306714596e-04	9.4529303221e+00
1.6686546773e-04	9.6644167443e+00
1.7075226379e-04	9.8806242948e+00
1.7472959495e-04	1.0101657623e+01
1.7879957006e-04	1.0327623689e+01
1.8296434706e-04	1.0558631747e+01
1.8722613418e-04	1.0794793408e+01
1.9158719108e-04	1.1036222724e+01
1.9604983005e-04	1.1283036194e+01
2.0061641722e-04	1.1535352788e+01
2.0528937388e-04	1.1793294104e+01
2.1007117768e-04	1.2056984290e+01
2.1496436400e-04	1.2326550179e+01
2.1997152727e-04	1.2602121304e+01
2.2509532236e-04	1.2883829958e+01
2.3033846597e-04	1.3171811284e+01
2.3570373808e-04	1.3466203212e+01
2.4119398343e-04	1.3767146673e+01
2.4681211302e-04	1.4074785503e+01
2.5256110567e-04	1.4389266724e+01
2.5844400955e-04	1.4710740180e+01
2.6446394387e-04	1.5039359136e+01
2.7062410047e-04	1.5375279877e+01
2.7692774556e-04	1.5718662007e+01
2.8337822140e-04	1.6069668419e+01
2.8997894812e-04	1.6428465396e+01
2.9673342552e-04	1.6795222676e+01
3.0364523491e-04	1.7170113404e+01
3.1071804102e-04	1.7553314351e+01
3.1795559395e-04	1.7945005875e+01
3.2536173115e-04	1.8345371933e+01
3.3294037944e-04	1.8754600330e+01
3.4069555713e-04	1.9172882541e+01
3.4863137611e-04	1.9600413920e+01
3.5675204406e-04	2.0037393749e+01
3.6506186667e-04	2.0484025185e+01
3.7356524992e-04	2.0940515499e+01
3.8226670240e-04	2.1407075976e+01
3.9117083775e-04	2.1883922000e+01
4.0028237705e-04	2.2371273235e+01
4.0960615137e-04	2.2869353592e+01
4.1914710429e-04	2.3378391198e+01
4.2891029456e-04	2.3898618545e+01
4.3890089874e-04	2.4430272640e+01
4.4912421398e-04	2.4973594756e+01
4.5958566083e-04	2.5528830952e+01
4.7029078608e-04	2.6096231639e+01
4.8124526573e-04	2.6676051888e+01
4.9245490799e-04	2.7268551498e+01
5.0392565636e-04	2.7873994946e+01
5.1566359279e-04	2.8492651458e+01
5.2767494087e-04	2.9124794950e+01
5.3996606920e-04	2.9770704546e+01
5.5254349468e-04	3.0430663621e+01
5.6541388603e-04	3.1104961037e+01
5.7858406732e-04	3.1793890419e+01
5.9206102153e-04	3.2497750139e+01
6.0585189434e-04	3.3216843938e+01
6.1996399783e-04	3.3951480089e+01
6.3440481445e-04	3.4701972264e+01
6.4918200089e-04	3.5468639180e+01
6.6430339223e-04	3.6251804338e+01
6.7977700602e-04	3.7051796462e+01
6.9561104657e-04	3.7868949346e+01
7.1181390931e-04	3.8703601359e+01
7.2839418520e-04	3.9556096907e+01
7.4536066534e-04	4.0426783832e+01
7.6272234556e-04	4.1316016333e+01
7.8048843127e-04	4.2224152261e+01
7.9866834227e-04	4.3151556154e+01
8.1727171781e-04	4.4098594004e+01
8.3630842162e-04	4.5065640320e+01
8.5578854723e-04	4.6053071533e+01
8.7572242325e-04	4.7061269174e+01
8.9612061890e-04	4.8090618896e+01
9.1699394956e-04	4.9141511545e+01
9.3835348255e-04	5.0214339436e+01
9.6021054297e-04	5.1309503235e+01
9.8257671974e-04	5.2427400975e+01
1.0054638717e-03	5.3568440203e+01
1.0288841339e-03	5.4733027046e+01
1.0528499241e-03	5.5921574703e+01
1.0773739492e-03	5.7134493076e+01
1.1024692123e-03	5.8372200740e+01
1.1281490192e-03	5.9635114739e+01
1.1544269856e-03	6.0923654204e+01
1.1813170444e-03	6.2238239392e+01
1.2088334532e-03	6.3579292574e+01
1.2369908015e-03	6.4947234757e+01
1.2658040187e-03	6.6342488379e+01
1.2952883819e-03	6.7765474189e+01
1.3254595242e-03	6.9216613267e+01
1.3563334427e-03	7.0696323198e+01
1.3879265071e-03	7.2205020957e+01
1.4202554685e-03	7.3743120131e+01
1.4533374682e-03	7.5311030943e+01
1.4871900466e-03	7.6909159522e+01
1.5218311529e-03	7.8537906966e+01
1.5572791542e-03	8.0197667509e+01
1.5935528455e-03	8.1888830174e+01
1.6306714596e-03	8.3611776394e+01
1.6686546773e-03	8.5366877958e+01
1.7075226379e-03	8.7154497717e+01
1.7472959495e-03	8.8974988223e+01
1.7879957006e-03	9.0828690003e+01
1.8296434706e-03	9.2715931114e+01
1.8722613418e-03	9.4637022842e+01
1.9158719108e-03	9.6592265742e+01
1.9604983005e-03	9.8581939017e+01
2.0061641722e-03	1.0060630500e+02
2.0528937388e-03	1.0266560896e+02
2.1007117768e-03	1.0476007325e+02
2.1496436400e-03	1.0688989664e+02
2.1997152727e-03	1.0905522854e+02
2.2509532236e-03	1.1125617661e+02
2.3033846597e-03	1.1349293092e+02
2.3570373808e-03	1.1576558510e+02
2.4119398343e-03	1.1807419955e+02
2.4681211302e-03	1.2041880786e+02
2.5256110567e-03	1.2279940368e+02
2.5844400955e-03	1.2521594313e+02
2.6446394387e-03	1.2766835301e+02
2.7062410047e-03	1.3015651723e+02
2.7692774556e-03	1.3268026480e+02
2.8337822140e-03	1.3523940146e+02
2.8997894812e-03	1.3783367189e+02
2.9673342552e-03	1.4046277561e+02
3.0364523491e-03	1.4312637131e+02
3.1071804102e-03	1.4582405694e+02
3.1795559395e-03	1.4855537541e+02
3.2536173115e-03	1.5131982857e+02
3.3294037944e-03	1.5411683445e+02
3.4069555713e-03	1.5694578065e+02
3.4863137611e-03	1.5980597366e+02
3.5675204406e-03	1.6269666497e+02
3.6506186667e-03	1.6561704540e+02
3.7356524992e-03	1.6856622146e+02
3.8226670240e-03	1.7154324943e+02
3.9117083775e-03	1.7454710168e+02
4.0028237705e-03	1.7757669461e+02
4.0960615137e-03	1.8063084743e+02
4.1914710429e-03	1.8370830242e+02
4.2891029456e-03	1.8680775365e+02
4.3890089874e-03	1.8992778826e+02
4.4912421398e-03	1.9306694271e+02
4.5958566083e-03	1.9622360189e+02
4.7029078608e-03	1.9939616445e+02
4.8124526573e-03	2.0258283722e+02
4.9245490799e-03	2.0578173654e+02
5.0392565636e-03	2.0899132237e+02
5.1566359279e-03	2.1220941347e+02
5.2767494087e-03	2.1543394270e+02
5.3996606920e-03	2.1866281780e+02
5.5254349468e-03	2.2189378261e+02
5.6541388603e-03	2.2512453031e+02
5.7858406732e-03	2.2835270486e+02
5.9206102153e-03	2.3157577488e+02
6.0585189434e-03	2.3479127635e+02
6.1996399783e-03	2.3799640595e+02
6.3440481445e-03	2.4118858306e+02
6.4918200089e-03	2.4436486226e+02
6.6430339223e-03	2.4752234776e+02
6.7977700602e-03	2.5065818319e+02
6.9561104657e-03	2.5376901415e+02
7.1181390931e-03	2.5685191671e+02
7.2839418520e-03	2.5990349544e+02
7.4536066534e-03	2.6292051504e+02
7.6272234556e-03	2.6589948677e+02
7.8048843127e-03	2.6883693882e+02
7.9866834227e-03	2.7172946568e+02
8.1727171781e-03	2.7457333345e+02
8.3630842162e-03	2.7736489092e+02
8.5578854723e-03	2.8010037238e+02
8.7572242325e-03	2.8277599413e+02
8.9612061890e-03	2.8538783341e+02
9.1699394956e-03	2.8793194096e+02
9.3835348255e-03	2.9040430806e+02
9.6021054297e-03	2.9280081177e+02
9.8257671974e-03	2.9511742294e+02
1.0054638717e-02	2.9734981431e+02
1.0288841339e-02	2.9949384781e+02
1.0528499241e-02	3.0154516874e+02
1.0773739492e-02	3.0349928837e+02
1.1024692123e-02	3.0535189254e+02
1.1281490192e-02	3.0709821130e+02
1.1544269856e-02	3.0873363173e+02
1.1813170444e-02	3.1025338615e+02
1.2088334532e-02	3.1165231794e+02
1.2369908015e-02	3.1292580681e+02
1.2658040187e-02	3.1406839122e+02
1.2952883819e-02	3.1507490457e+02
1.3254595242e-02	3.1594033556e+02
1.3563334427e-02	3.1665918775e+02
1.3879265071e-02	3.1722599385e+02
1.4202554685e-02	3.1763520814e+02
1.4533374682e-02	3.1788152321e+02
1.4871900466e-02	3.1795959553e+02
1.5218311529e-02	3.1786409345e+02
1.5572791542e-02	3.1759058104e+02
1.5935528455e-02	3.1713438431e+02
1.6306714597e-02	3.1649048144e+02
1.6686546774e-02	3.1565479733e+02
1.7075226380e-02	3.1462384826e+02
1.7472959498e-02	3.1339462634e+02
1.7879957013e-02	3.1196403837e+02
1.8296434721e-02	3.1033010104e+02
1.8722613449e-02	3.0849120255e+02
1.9158719170e-02	3.0644631243e+02
1.9604983124e-02	3.0419492787e+02
2.0061641951e-02	3.0173714705e+02
2.0528937818e-02	2.9907481717e+02
2.1007118562e-02	2.9620813945e+02
2.1496437841e-02	2.9314082569e+02
2.1997155298e-02	2.8987532213e+02
2.2509536751e-02	2.8641645562e+02
2.3033854402e-02	2.8276849823e+02
2.3570387094e-02	2.7893923911e+02
2.4119420617e-02	2.7493413232e+02
2.4681248094e-02	2.7076324442e+02
2.5256170465e-02	2.6643508270e+02
2.5844497098e-02	2.6196069674e+02
2.6446546584e-02	2.5735133022e+02
2.7062647743e-02	2.5261969765e+02
2.7693140911e-02	2.4777848082e+02
2.8338379561e-02	2.4284184101e+02
2.8998732343e-02	2.3782401064e+02
2.9674585596e-02	2.3274078956e+02
3.0366346435e-02	2.2760781788e+02
3.1074446455e-02	2.2244062128e+02
3.1799346157e-02	2.1725756356e+02
3.2541540120e-02	2.1207466275e+02
3.3301562978e-02	2.0690890879e+02
3.4079996221e-02	2.0177936826e+02
3.4877475796e-02	1.9670248057e+02
3.5694700481e-02	1.9169657332e+02
3.6532440955e-02	1.8677694891e+02
3.7391549441e-02	1.8196316304e+02
3.8272969776e-02	1.7727046732e+02
3.9177747727e-02	1.7271368912e+02
4.0107041314e-02	1.6830838815e+02
4.1062130891e-02	1.6406795524e+02
4.2044428710e-02	1.6000425629e+02
4.3055487646e-02	1.5612923879e+02
4.4097008782e-02	1.5245095976e+02
4.5170847515e-02	1.4897605556e+02
4.6279017868e-02	1.4571033129e+02
4.7423694694e-02	1.4265510445e+02
4.8607213486e-02	1.3980994311e+02
4.9832067564e-02	1.3717080265e+02
5.1100902452e-02	1.3472990383e+02
5.2416507354e-02	1.3247350187e+02
5.3781803735e-02	1.3038394394e+02
5.5199831142e-02	1.2843482683e+02
5.6673730514e-02	1.2659353218e+02
5.8206725415e-02	1.2481779400e+02
5.9802101709e-02	1.2305790066e+02
6.1463186370e-02	1.2125571558e+02
6.3193326170e-02	1.1934630558e+02
6.4995867076e-02	1.1725862262e+02
6.6874135154e-02	1.1492117349e+02
6.8831419758e-02	1.1226462264e+02
7.0870959652e-02	1.0922884337e+02
7.2995932596e-02	1.0577040839e+02
7.5209448716e-02	1.0186984525e+02
7.7514547848e-02	9.7537923886e+01
7.9914200805e-02	9.2820908937e+01
8.2411314399e-02	8.7802909694e+01
8.5008739898e-02	8.2603101218e+01
8.7709284497e-02	7.7368044351e+01
9.0515725341e-02	7.2260828724e+01
9.3430825578e-02	6.7445743972e+01
9.6457351970e-02	6.3071416681e+01
9.9598093562e-02	5.9255170575e+01
1.0285588100e-01	5.6069583523e+01
1.0623360608e-01	5.3532274939e+01
1.0973424128e-01	5.1600520782e+01
1.1336085888e-01	5.0168893497e+01
1.1711664954e-01	4.9074001572e+01
1.2100494014e-01	4.8106848688e+01
1.2502921074e-01	4.7038280539e+01
1.2919311046e-01	4.5657323677e+01
1.3350047238e-01	4.3817494686e+01
1.3795532720e-01	4.1477889887e+01
1.4256191572e-01	3.8722232239e+01
1.4732470003e-01	3.5744477701e+01
1.5224837333e-01	3.2801418567e+01
1.5733786838e-01	3.0146996248e+01
1.6259836432e-01	2.7969010942e+01
1.6803529197e-01	2.6345682459e+01
1.7365433721e-01	2.5229114211e+01
1.7946144244e-01	2.4456796235e+01
1.8546280576e-01	2.3798107535e+01
1.9166487771e-01	2.3002937110e+01
1.9807435513e-01	2.1896625568e+01
2.0469817185e-01	2.0467216262e+01
2.1154348579e-01	1.8858504857e+01
2.1861766198e-01	1.7295915260e+01
2.2592825100e-01	1.5979313599e+01
2.3348296232e-01	1.4999666167e+01
2.4128963204e-01	1.4309131611e+01
2.4935618433e-01	1.3750536285e+01
2.5769058617e-01	1.3138698341e+01
2.6630079487e-01	1.2365151507e+01
2.7519469789e-01	1.1461936772e+01
2.8438004473e-01	1.0567772293e+01
2.9386437075e-01	9.8177953396e+00
3.0365491309e-01	9.2477869980e+00
3.1375851897e-01	8.7834939520e+00
3.2418154733e-01	8.3124062904e+00
3.3492976490e-01	7.7780374731e+00
3.4600823853e-01	7.2176342224e+00
3.5742122614e-01	6.7102130121e+00
3.6917206929e-01	6.2929212656e+00
3.8126309102e-01	5.9324900501e+00
3.9369550344e-01	5.5742526661e+00
4.0646933004e-01	5.2041307838e+00
4.1958334828e-01	4.8505144336e+00
4.3303505822e-01	4.5386382199e+00
4.4682068323e-01	4.2624974319e+00
4.6093520806e-01	3.9998231051e+00
4.7537245911e-01	3.7419423407e+00
4.9012523004e-01	3.4999443077e+00
5.0518545426e-01	3.2825516608e+00
5.2054442301e-01	3.0827810908e+00
5.3619304554e-01	2.8922070076e+00
5.5212214430e-01	2.7125688198e+00
5.6832277575e-01	2.5474659291e+00
5.8478656470e-01	2.3952018523e+00
6.0150603835e-01	2.2523705645e+00
6.1847494565e-01	2.1183633832e+00
6.3568854768e-01	1.9941110262e+00
6.5314386666e-01	1.8787774919e+00
6.7083988321e-01	1.7708242184e+00
6.8877767508e-01	1.6698332152e+00
7.0696049388e-01	1.5756931501e+00
7.2539378017e-01	1.4877511592e+00
7.4408512020e-01	1.4053113973e+00
7.6304415064e-01	1.3280580818e+00
7.8228241917e-01	1.2556496659e+00
8.0181321031e-01	1.1876493298e+00
8.2165134601e-01	1.1236968218e+00
8.4181297062e-01	1.0635298170e+00
8.6231532903e-01	1.0068656270e+00
8.8317654601e-01	9.5342662130e-01
9.0441541352e-01	9.0300062798e-01
9.2605119178e-01	8.5538208123e-01
9.4810342851e-01	8.1037390197e-01
9.7059179977e-01	7.6780381323e-01
9.9353597460e-01	7.2751711357e-01
1.0169555048e+00	6.8936905227e-01
1.0408697401e+00	6.5322835751e-01
1.0652977683e+00	6.1897564088e-01
1.0902583792e+00	5.8650296105e-01
1.1157700501e+00	5.5571067310e-01
1.1418509508e+00	5.2650905114e-01
1.1685189659e+00	4.9881210423e-01
1.1957917291e+00	4.7254127631e-01
1.2236866704e+00	4.4762060281e-01
1.2522210686e+00	4.2397940280e-01
1.2814121100e+00	4.0155108039e-01
1.3112769486e+00	3.8027344869e-01
1.3418327664e+00	3.6009059392e-01
1.3730968318e+00	3.4094680807e-01
1.4050865544e+00	3.2279191456e-01
1.4378195367e+00	3.0557649297e-01
1.4713136199e+00	2.8925256910e-01
1.5055869258e+00	2.7377460024e-01
1.5406578931e+00	2.5910120984e-01
1.5765453097e+00	2.4519013438e-01
1.6132683413e+00	2.3200498220e-01
1.6508465550e+00	2.1950922392e-01
1.6892999418e+00	2.0766873321e-01
1.7286489352e+00	1.9644978396e-01
1.7689144286e+00	1.8581971480e-01
1.8101177909e+00	1.7574935879e-01
1.8522808814e+00	1.6621053006e-01
1.8954260634e+00	1.5717660156e-01
1.9395762182e+00	1.4862092097e-01
1.9847547578e+00	1.4051925776e-01
2.0309856381e+00	1.3284821282e-01
2.0782933726e+00	1.2558524969e-01
2.1267030450e+00	1.1870941097e-01
2.1762403230e+00	1.1220157769e-01
2.2269314723e+00	1.0604217011e-01
2.2788033700e+00	1.0021269941e-01
2.3318835194e+00	9.4696376440e-02
2.3862000642e+00	8.9476939701e-02
2.4417818039e+00	8.4538709640e-02
2.4986582086e+00	7.9866840992e-02
2.5568594350e+00	7.5447497616e-02
2.6164163421e+00	7.1267049225e-02
2.6773605077e+00	6.7313976489e-02
2.7397242454e+00	6.3575168509e-02
2.8035406211e+00	6.0039848557e-02
2.8688434711e+00	5.6696919005e-02
2.9356674200e+00	5.3536293943e-02
3.0040478985e+00	5.0548417912e-02
3.0740211630e+00	4.7723707938e-02
3.1456243142e+00	4.5054268585e-02
3.2188953171e+00	4.2530982354e-02
3.2938730209e+00	4.0146268370e-02
3.3705971797e+00	3.7892775440e-02
3.4491084738e+00	3.5763457304e-02
3.5294485309e+00	3.3751403737e-02
3.6116599483e+00	3.1850578137e-02
3.6957863156e+00	3.0054882483e-02
3.7818722377e+00	2.8358654661e-02
3.8699633585e+00	2.6756317440e-02
3.9601063851e+00	2.5243010033e-02
4.0523491126e+00	2.3813828777e-02
4.1467404492e+00	2.2464320951e-02
4.2433304425e+00	2.1189767361e-02
4.3421703057e+00	1.9986401953e-02
4.4433124451e+00	1.8850234907e-02
4.5468104876e+00	1.7777620712e-02
4.6527193092e+00	1.6765061309e-02
4.7610950642e+00	1.5809257543e-02
4.8719952147e+00	1.4907136759e-02
4.9854785617e+00	1.4055559497e-02
5.1016052753e+00	1.3251876529e-02
5.2204369276e+00	1.2493532221e-02
5.3420365247e+00	1.1777930069e-02
5.4664685402e+00	1.1102673247e-02
5.5937989497e+00	1.0465545688e-02
5.7240952655e+00	9.8644909627e-03
5.8574265723e+00	9.2973472142e-03
5.9938635642e+00	8.7624226942e-03
6.1334785820e+00	8.2578747453e-03
6.2763456512e+00	7.7818625552e-03
6.4225405221e+00	7.3330443597e-03
6.5721407089e+00	6.9096550935e-03
6.7252255317e+00	6.5104548653e-03
6.8818761580e+00	6.1339404770e-03
7.0421756463e+00	5.7789065957e-03
7.2062089892e+00	5.4441712343e-03
7.3740631596e+00	5.1285690019e-03
7.5458271559e+00	4.8310154550e-03
7.7215920496e+00	4.5505250507e-03
7.9014510336e+00	4.2860994271e-03
8.0854994715e+00	4.0368339994e-03
8.2738349483e+00	3.8018898429e-03
8.4665573218e+00	3.5804636111e-03
8.6637687762e+00	3.3717668762e-03
8.8655738754e+00	3.1750925784e-03
9.0720796193e+00	2.9897584157e-03
9.2833954998e+00	2.8150962944e-03
9.4996335595e+00	2.6505234132e-03
9.7209084507e+00	2.4954483889e-03
9.9473374962e+00	2.3493640024e-03
1.0179040752e+01	2.2117160606e-03
1.0416141069e+01	2.0820591237e-03
1.0658764163e+01	1.9598919445e-03
1.0907038674e+01	1.8448232895e-03
1.1161096242e+01	1.7364412611e-03
1.1421071571e+01	1.6343465716e-03
1.1687102502e+01	1.5381979700e-03
1.1959330091e+01	1.4476446609e-03
1.2237898674e+01	1.3623589994e-03
1.2522955954e+01	1.2820475870e-03
1.2814653070e+01	1.2064143600e-03
1.3113144685e+01	1.1351982357e-03
1.3418589063e+01	1.0681524398e-03
1.3731148154e+01	1.0050179961e-03
1.4050987682e+01	9.4557573022e-04
1.4378277230e+01	8.8961582157e-04
1.4713190331e+01	8.3693146915e-04
1.5055904559e+01	7.8733988523e-04
1.5406601628e+01	7.4065526280e-04
1.5765467481e+01	6.9671030417e-04
1.6132692393e+01	6.5535133133e-04
1.6508471073e+01	6.1642058423e-04
1.6893002762e+01	5.7977858331e-04
1.7286491345e+01	5.4529274514e-04
1.7689145454e+01	5.1283719453e-04
1.8101178583e+01	4.8229790612e-04
1.8522809196e+01	4.5355877628e-04
1.8954260847e+01	4.2651829734e-04
1.9395762299e+01	4.0107483392e-04
1.9847547640e+01	3.7713143133e-04
2.0309856414e+01	3.5460363037e-04
2.0782933743e+01	3.3341838943e-04
2.1267030458e+01	3.1347428024e-04
2.1762403235e+01	2.9471838544e-04
2.2269314725e+01	2.7707395429e-04
2.2788033701e+01	2.6047655124e-04
2.3318835194e+01	2.4486553234e-04
2.3862000642e+01	2.3017576982e-04
2.4417818039e+01	2.1636421472e-04
2.4986582086e+01	2.0337234491e-04
2.5568594350e+01	1.9115303805e-04
2.6164163421e+01	1.7966465946e-04
2.6773605077e+01	1.6885715089e-04
2.7397242454e+01	1.5869470594e-04
2.8035406211e+01	1.4913845844e-04
2.8688434711e+01	1.4015234237e-04
2.9356674200e+01	1.3170350659e-04
3.0040478985e+01	1.2375770375e-04
