1.0528499241e-05	1.0547896290e+00
1.0773739492e-05	1.0547896241e+00
1.1024692123e-05	1.0547896188e+00
1.1281490192e-05	1.0547896134e+00
1.1544269856e-05	1.0547896077e+00
1.1813170444e-05	1.0547896018e+00
1.2088334532e-05	1.0547895955e+00
1.2369908015e-05	1.0547895890e+00
1.2658040187e-05	1.0547895821e+00
1.2952883819e-05	1.0547895749e+00
1.3254595242e-05	1.0547895673e+00
1.3563334427e-05	1.0547895596e+00
1.3879265071e-05	1.0547895513e+00
1.4202554685e-05	1.0547895427e+00
1.4533374682e-05	1.0547895336e+00
1.4871900466e-05	1.0547895242e+00
1.5218311529e-05	1.0547895142e+00
1.5572791542e-05	1.0547895041e+00
1.5935528455e-05	1.0547894933e+00
1.6306714596e-05	1.0547894819e+00
1.6686546774e-05	1.0547894699e+00
1.7075226379e-05	1.0547894578e+00
1.7472959495e-05	1.0547894447e+00
1.7879957006e-05	1.0547894314e+00
1.8296434706e-05	1.0547894170e+00
1.8722613418e-05	1.0547894021e+00
1.9158719108e-05	1.0547893865e+00
1.9604983005e-05	1.0547893702e+00
2.0061641722e-05	1.0547893530e+00
2.0528937388e-05	1.0547893348e+00
2.1007117768e-05	1.0547893161e+00
2.1496436400e-05	1.0547892963e+00
2.1997152727e-05	1.0547892754e+00
2.2509532236e-05	1.0547892537e+00
2.3033846597e-05	1.0547892311e+00
2.3570373808e-05	1.0547892074e+00
2.4119398343e-05	1.0547891825e+00
2.4681211302e-05	1.0547891564e+00
2.5256110567e-05	1.0547891290e+00
2.5844400955e-05	1.0547891003e+00
2.6446394387e-05	1.0547890703e+00
2.7062410047e-05	1.0547890389e+00
2.7692774556e-05	1.0547890060e+00
2.8337822140e-05	1.0547889716e+00
2.8997894812e-05	1.0547889355e+00
2.9673342552e-05	1.0547888977e+00
3.0364523491e-05	1.0547888582e+00
3.1071804102e-05	1.0547888168e+00
3.1795559395e-05	1.0547887734e+00
3.2536173115e-05	1.0547887280e+00
3.3294037944e-05	1.0547886805e+00
3.4069555713e-05	1.0547886309e+00
3.4863137611e-05	1.0547885787e+00
3.5675204406e-05	1.0547885243e+00
3.6506186667e-05	1.0547884671e+00
3.7356524992e-05	1.0547884072e+00
3.8226670240e-05	1.0547883447e+00
3.9117083775e-05	1.0547882790e+00
4.0028237705e-05	1.0547882103e+00
4.0960615137e-05	1.0547881385e+00
4.1914710429e-05	1.0547880632e+00
4.2891029456e-05	1.0547879843e+00
4.3890089874e-05	1.0547879019e+00
4.4912421398e-05	1.0547878154e+00
4.5958566083e-05	1.0547877248e+00
4.7029078608e-05	1.0547876300e+00
4.8124526573e-05	1.0547875306e+00
4.9245490799e-05	1.0547874266e+00
5.0392565636e-05	1.0547873178e+00
5.1566359279e-05	1.0547872037e+00
5.2767494087e-05	1.0547870843e+00
5.3996606920e-05	1.0547869593e+00
5.5254349468e-05	1.0547868284e+00
5.6541388603e-05	1.0547866914e+00
5.7858406732e-05	1.0547865478e+00
5.9206102153e-05	1.0547863970e+00
6.0585189434e-05	1.0547862392e+00
6.1996399783e-05	1.0547860741e+00
6.3440481445e-05	1.0547859014e+00
6.4918200089e-05	1.0547857207e+00
6.6430339223e-05	1.0547855316e+00
6.7977700602e-05	1.0547853336e+00
6.9561104657e-05	1.0547851258e+00
7.1181390931e-05	1.0547849089e+00
7.2839418520e-05	1.0547846812e+00
7.4536066534e-05	1.0547844430e+00
7.6272234556e-05	1.0547841937e+00
7.8048843127e-05	1.0547839324e+00
7.9866834227e-05	1.0547836590e+00
8.1727171781e-05	1.0547833724e+00
8.3630842162e-05	1.0547830725e+00
8.5578854723e-05	1.0547827586e+00
8.7572242325e-05	1.0547824297e+00
8.9612061890e-05	1.0547820852e+00
9.1699394956e-05	1.0547817245e+00
9.3835348255e-05	1.0547813469e+00
9.6021054297e-05	1.0547809516e+00
9.8257671974e-05	1.0547805375e+00
1.0054638717e-04	1.0547801037e+00
1.0288841339e-04	1.0547796495e+00
1.0528499241e-04	1.0547791740e+00
1.0773739492e-04	1.0547786762e+00
1.1024692123e-04	1.0547781550e+00
1.1281490192e-04	1.0547776095e+00
1.1544269856e-04	1.0547770384e+00
1.1813170444e-04	1.0547764398e+00
1.2088334532e-04	1.0547758132e+00
1.2369908015e-04	1.0547751572e+00
1.2658040187e-04	1.0547744704e+00
1.2952883819e-04	1.0547737510e+00
1.3254595242e-04	1.0547729977e+00
1.3563334427e-04	1.0547722090e+00
1.3879265071e-04	1.0547713831e+00
1.4202554685e-04	1.0547705182e+00
1.4533374682e-04	1.0547696126e+00
1.4871900466e-04	1.0547686644e+00
1.5218311529e-04	1.0547676718e+00
1.5572791542e-04	1.0547666324e+00
1.5935528455e-04	1.0547655439e+00
1.6306714596e-04	1.0547644040e+00
1.6686546773e-04	1.0547632103e+00
1.7075226379e-04	1.0547619604e+00
1.7472959495e-04	1.0547606518e+00
1.7879957006e-04	1.0547592814e+00
1.8296434706e-04	1.0547578462e+00
1.8722613418e-04	1.0547563437e+00
1.9158719108e-04	1.0547547705e+00
1.9604983005e-04	1.0547531231e+00
2.0061641722e-04	1.0547513983e+00
2.0528937388e-04	1.0547495918e+00
2.1007117768e-04	1.0547477007e+00
2.1496436400e-04	1.0547457204e+00
2.1997152727e-04	1.0547436468e+00
2.2509532236e-04	1.0547414755e+00
2.3033846597e-04	1.0547392021e+00
2.3570373808e-04	1.0547368216e+00
2.4119398343e-04	1.0547343290e+00
2.4681211302e-04	1.0547317191e+00
2.5256110567e-04	1.0547289863e+00
2.5844400955e-04	1.0547261249e+00
2.6446394387e-04	1.0547231288e+00
2.7062410047e-04	1.0547199916e+00
2.7692774556e-04	1.0547167068e+00
2.8337822140e-04	1.0547132675e+00
2.8997894812e-04	1.0547096663e+00
2.9673342552e-04	1.0547058955e+00
3.0364523491e-04	1.0547019475e+00
3.1071804102e-04	1.0546978136e+00
3.1795559395e-04	1.0546934853e+00
3.2536173115e-04	1.0546889532e+00
3.3294037944e-04	1.0546842081e+00
3.4069555713e-04	1.0546792397e+00
3.4863137611e-04	1.0546740376e+00
3.5675204406e-04	1.0546685909e+00
3.6506186667e-04	1.0546628881e+00
3.7356524992e-04	1.0546569172e+00
3.8226670240e-04	1.0546506657e+00
3.9117083775e-04	1.0546441203e+00
4.0028237705e-04	1.0546372672e+00
4.0960615137e-04	1.0546300921e+00
4.1914710429e-04	1.0546225799e+00
4.2891029456e-04	1.0546147147e+00
4.3890089874e-04	1.0546064802e+00
4.4912421398e-04	1.0545978589e+00
4.5958566083e-04	1.0545888327e+00
4.7029078608e-04	1.0545793828e+00
4.8124526573e-04	1.0545694893e+00
4.9245490799e-04	1.0545591316e+00
5.0392565636e-04	1.0545482878e+00
5.1566359279e-04	1.0545369353e+00
5.2767494087e-04	1.0545250503e+00
5.3996606920e-04	1.0545126075e+00
5.5254349468e-04	1.0544995816e+00
5.6541388603e-04	1.0544859456e+00
5.7858406732e-04	1.0544716706e+00
5.9206102153e-04	1.0544567266e+00
6.0585189434e-04	1.0544410831e+00
6.1996399783e-04	1.0544247071e+00
6.3440481445e-04	1.0544075644e+00
6.4918200089e-04	1.0543896197e+00
6.6430339223e-04	1.0543708358e+00
6.7977700602e-04	1.0543511737e+00
6.9561104657e-04	1.0543305926e+00
7.1181390931e-04	1.0543090499e+00
7.2839418520e-04	1.0542865012e+00
7.4536066534e-04	1.0542629001e+00
7.6272234556e-04	1.0542381979e+00
7.8048843127e-04	1.0542123435e+00
7.9866834227e-04	1.0541852841e+00
8.1727171781e-04	1.0541569641e+00
8.3630842162e-04	1.0541273255e+00
8.5578854723e-04	1.0540963078e+00
8.7572242325e-04	1.0540638474e+00
8.9612061890e-04	1.0540298784e+00
9.1699394956e-04	1.0539943317e+00
9.3835348255e-04	1.0539571355e+00
9.6021054297e-04	1.0539182139e+00
9.8257671974e-04	1.0538774885e+00
1.0054638717e-03	1.0538348772e+00
1.0288841339e-03	1.0537902943e+00
1.0528499241e-03	1.0537436503e+00
1.0773739492e-03	1.0536948523e+00
1.1024692123e-03	1.0536438027e+00
1.1281490192e-03	1.0535904002e+00
1.1544269856e-03	1.0535345385e+00
1.1813170444e-03	1.0534761077e+00
1.2088334532e-03	1.0534149927e+00
1.2369908015e-03	1.0533510741e+00
1.2658040187e-03	1.0532842264e+00
1.2952883819e-03	1.0532143198e+00
1.3254595242e-03	1.0531412190e+00
1.3563334427e-03	1.0530647828e+00
1.3879265071e-03	1.0529848648e+00
1.4202554685e-03	1.0529013120e+00
1.4533374682e-03	1.0528139658e+00
1.4871900466e-03	1.0527226611e+00
1.5218311529e-03	1.0526272266e+00
1.5572791542e-03	1.0525274842e+00
1.5935528455e-03	1.0524232487e+00
1.6306714596e-03	1.0523143282e+00
1.6686546773e-03	1.0522005233e+00
1.7075226379e-03	1.0520816278e+00
1.7472959495e-03	1.0519574277e+00
1.7879957006e-03	1.0518277009e+00
1.8296434706e-03	1.0516922181e+00
1.8722613418e-03	1.0515507420e+00
1.9158719108e-03	1.0514030272e+00
1.9604983005e-03	1.0512488201e+00
2.0061641722e-03	1.0510878586e+00
2.0528937388e-03	1.0509198733e+00
2.1007117768e-03	1.0507445861e+00
2.1496436400e-03	1.0505617105e+00
2.1997152727e-03	1.0503709729e+00
2.2509532236e-03	1.0501721039e+00
2.3033846597e-03	1.0499647391e+00
2.3570373808e-03	1.0497485616e+00
2.4119398343e-03	1.0495232465e+00
2.4681211302e-03	1.0492884609e+00
2.5256110567e-03	1.0490438639e+00
2.5844400955e-03	1.0487891114e+00
2.6446394387e-03	1.0485238537e+00
2.7062410047e-03	1.0482477321e+00
2.7692774556e-03	1.0479603876e+00
2.8337822140e-03	1.0476614575e+00
2.8997894812e-03	1.0473505729e+00
2.9673342552e-03	1.0470273697e+00
3.0364523491e-03	1.0466914794e+00
3.1071804102e-03	1.0463425376e+00
3.1795559395e-03	1.0459801802e+00
3.2536173115e-03	1.0456040518e+00
3.3294037944e-03	1.0452138046e+00
3.4069555713e-03	1.0448090941e+00
3.4863137611e-03	1.0443895944e+00
3.5675204406e-03	1.0439549946e+00
3.6506186667e-03	1.0435049957e+00
3.7356524992e-03	1.0430393245e+00
3.8226670240e-03	1.0425577352e+00
3.9117083775e-03	1.0420600061e+00
4.0028237705e-03	1.0415459538e+00
4.0960615137e-03	1.0410154280e+00
4.1914710429e-03	1.0404683282e+00
4.2891029456e-03	1.0399045980e+00
4.3890089874e-03	1.0393242397e+00
4.4912421398e-03	1.0387273182e+00
4.5958566083e-03	1.0381139661e+00
4.7029078608e-03	1.0374843927e+00
4.8124526573e-03	1.0368388935e+00
4.9245490799e-03	1.0361778519e+00
5.0392565636e-03	1.0355017604e+00
5.1566359279e-03	1.0348112239e+00
5.2767494087e-03	1.0341069756e+00
5.3996606920e-03	1.0333898962e+00
5.5254349468e-03	1.0326609455e+00
5.6541388603e-03	1.0319212745e+00
5.7858406732e-03	1.0311722054e+00
5.9206102153e-03	1.0304152315e+00
6.0585189434e-03	1.0296520333e+00
6.1996399783e-03	1.0288845005e+00
6.3440481445e-03	1.0281147348e+00
6.4918200089e-03	1.0273450545e+00
6.6430339223e-03	1.0265780243e+00
6.7977700602e-03	1.0258164452e+00
6.9561104657e-03	1.0250633851e+00
7.1181390931e-03	1.0243221733e+00
7.2839418520e-03	1.0235964035e+00
7.4536066534e-03	1.0228899766e+00
7.6272234556e-03	1.0222070426e+00
7.8048843127e-03	1.0215520691e+00
7.9866834227e-03	1.0209297886e+00
8.1727171781e-03	1.0203452280e+00
8.3630842162e-03	1.0198036889e+00
8.5578854723e-03	1.0193107500e+00
8.7572242325e-03	1.0188722268e+00
8.9612061890e-03	1.0184941987e+00
9.1699394956e-03	1.0181829458e+00
9.3835348255e-03	1.0179449569e+00
9.6021054297e-03	1.0177868780e+00
9.8257671974e-03	1.0177154964e+00
1.0054638717e-02	1.0177376878e+00
1.0288841339e-02	1.0178604069e+00
1.0528499241e-02	1.0180906137e+00
1.0773739492e-02	1.0184352507e+00
1.1024692123e-02	1.0189012064e+00
1.1281490192e-02	1.0194952569e+00
1.1544269856e-02	1.0202240383e+00
1.1813170444e-02	1.0210940237e+00
1.2088334532e-02	1.0221114893e+00
1.2369908015e-02	1.0232824908e+00
1.2658040187e-02	1.0246128802e+00
1.2952883819e-02	1.0261083181e+00
1.3254595242e-02	1.0277742867e+00
1.3563334427e-02	1.0296161526e+00
1.3879265071e-02	1.0316392266e+00
1.4202554685e-02	1.0338488618e+00
1.4533374682e-02	1.0362505680e+00
1.4871900466e-02	1.0388501387e+00
1.5218311529e-02	1.0416538085e+00
1.5572791542e-02	1.0446684177e+00
1.5935528455e-02	1.0479015854e+00
1.6306714597e-02	1.0513618944e+00
1.6686546774e-02	1.0550590594e+00
1.7075226380e-02	1.0590040836e+00
1.7472959498e-02	1.0632093949e+00
1.7879957013e-02	1.0676889402e+00
1.8296434721e-02	1.0724582350e+00
1.8722613449e-02	1.0775343595e+00
1.9158719170e-02	1.0829358907e+00
1.9604983124e-02	1.0886827827e+00
2.0061641951e-02	1.0947961673e+00
2.0528937818e-02	1.1012981104e+00
2.1007118562e-02	1.1082113325e+00
2.1496437841e-02	1.1155588884e+00
2.1997155298e-02	1.1233638508e+00
2.2509536751e-02	1.1316490028e+00
2.3033854402e-02	1.1404365618e+00
2.3570387094e-02	1.1497479476e+00
2.4119420617e-02	1.1596035935e+00
2.4681248094e-02	1.1700227821e+00
2.5256170465e-02	1.1810234749e+00
2.5844497098e-02	1.1926220716e+00
2.6446546584e-02	1.2048330307e+00
2.7062647743e-02	1.2176682541e+00
2.7693140911e-02	1.2311361415e+00
2.8338379561e-02	1.2452402248e+00
2.8998732343e-02	1.2599773285e+00
2.9674585596e-02	1.2753352300e+00
3.0366346435e-02	1.2912898415e+00
3.1074446455e-02	1.3078020347e+00
3.1799346157e-02	1.3248142340e+00
3.2541540120e-02	1.3422469843e+00
3.3301562978e-02	1.3599956266e+00
3.4079996221e-02	1.3779273339e+00
3.4877475796e-02	1.3958785767e+00
3.5694700481e-02	1.4136530896e+00
3.6532440955e-02	1.4310204829e+00
3.7391549441e-02	1.4477155825e+00
3.8272969776e-02	1.4634389149e+00
3.9177747727e-02	1.4778588803e+00
4.0107041314e-02	1.4906165229e+00
4.1062130891e-02	1.5013339453e+00
4.2044428710e-02	1.5096272937e+00
4.3055487646e-02	1.5151247373e+00
4.4097008782e-02	1.5174889034e+00
4.5170847515e-02	1.5164420613e+00
4.6279017868e-02	1.5117912901e+00
4.7423694694e-02	1.5034504261e+00
4.8607213486e-02	1.4914560339e+00
4.9832067564e-02	1.4759758722e+00
5.1100902452e-02	1.4573096954e+00
5.2416507354e-02	1.4358829693e+00
5.3781803735e-02	1.4122337781e+00
5.5199831142e-02	1.3869925969e+00
5.6673730514e-02	1.3608550611e+00
5.8206725415e-02	1.3345503802e+00
5.9802101709e-02	1.3088113569e+00
6.1463186370e-02	1.2843528407e+00
6.3193326170e-02	1.2618614952e+00
6.4995867076e-02	1.2419934764e+00
6.6874135154e-02	1.2253746362e+00
6.8831419758e-02	1.2126032310e+00
7.0870959652e-02	1.2042603371e+00
7.2995932596e-02	1.2009274181e+00
7.5209448716e-02	1.2031975608e+00
7.7514547848e-02	1.2116645397e+00
7.9914200805e-02	1.2268830431e+00
8.2411314399e-02	1.2492864343e+00
8.5008739898e-02	1.2790187528e+00
8.7709284497e-02	1.3156302500e+00
9.0515725341e-02	1.3576267264e+00
9.3430825578e-02	1.4019358979e+00
9.6457351970e-02	1.4435147620e+00
9.9598093562e-02	1.4756002435e+00
1.0285588100e-01	1.4911669955e+00
1.0623360608e-01	1.4855067145e+00
1.0973424128e-01	1.4586423348e+00
1.1336085888e-01	1.4157739271e+00
1.1711664954e-01	1.3652869585e+00
1.2100494014e-01	1.3158459212e+00
1.2502921074e-01	1.2743951315e+00
1.2919311046e-01	1.2456334643e+00
1.3350047238e-01	1.2324244634e+00
1.3795532720e-01	1.2363547719e+00
1.4256191572e-01	1.2578618288e+00
1.4732470003e-01	1.2955281517e+00
1.5224837333e-01	1.3443688055e+00
1.5733786838e-01	1.3938349952e+00
1.6259836432e-01	1.4283087078e+00
1.6803529197e-01	1.4336488976e+00
1.7365433721e-01	1.4072657409e+00
1.7946144244e-01	1.3610503651e+00
1.8546280576e-01	1.3132277859e+00
1.9166487771e-01	1.2788273094e+00
1.9807435513e-01	1.2662720599e+00
2.0469817185e-01	1.2779236957e+00
2.1154348579e-01	1.3100645106e+00
2.1861766198e-01	1.3510211420e+00
2.2592825100e-01	1.3814760292e+00
2.3348296232e-01	1.3842151280e+00
2.4128963204e-01	1.3591271647e+00
2.4935618433e-01	1.3240354438e+00
2.5769058617e-01	1.2995860524e+00
2.6630079487e-01	1.2972004691e+00
2.7519469789e-01	1.3158984070e+00
2.8438004473e-01	1.3425167551e+00
2.9386437075e-01	1.3573384780e+00
3.0365491309e-01	1.3497358133e+00
3.1375851897e-01	1.3291801486e+00
3.2418154733e-01	1.3145824527e+00
3.3492976490e-01	1.3166364839e+00
3.4600823853e-01	1.3307558038e+00
3.5742122614e-01	1.3418327638e+00
3.6917206929e-01	1.3392266750e+00
3.8126309102e-01	1.3284235176e+00
3.9369550344e-01	1.3226913011e+00
4.0646933004e-01	1.3269937399e+00
4.1958334828e-01	1.3340405251e+00
4.3303505822e-01	1.3346911454e+00
4.4682068323e-01	1.3297763472e+00
4.6093520806e-01	1.3270565857e+00
4.7537245911e-01	1.3293785438e+00
4.9012523004e-01	1.3320765461e+00
5.0518545426e-01	1.3312586423e+00
5.2054442301e-01	1.3291911084e+00
5.3619304554e-01	1.3292513164e+00
5.5212214430e-01	1.3305775084e+00
5.6832277575e-01	1.3306811341e+00
5.8478656470e-01	1.3298162611e+00
6.0150603835e-01	1.3296689263e+00
6.1847494565e-01	1.3301672532e+00
6.3568854768e-01	1.3302237787e+00
6.5314386666e-01	1.3298941614e+00
6.7083988321e-01	1.3298537183e+00
6.8877767508e-01	1.3300193289e+00
7.0696049388e-01	1.3299935725e+00
7.2539378017e-01	1.3298789715e+00
7.4408512020e-01	1.3298892097e+00
7.6304415064e-01	1.3299227603e+00
7.8228241917e-01	1.3298836784e+00
8.0181321031e-01	1.3298554735e+00
8.2165134601e-01	1.3298645418e+00
8.4181297062e-01	1.3298539427e+00
8.6231532903e-01	1.3298307980e+00
8.8317654601e-01	1.3298245882e+00
9.0441541352e-01	1.3298182493e+00
9.2605119178e-01	1.3298025755e+00
9.4810342851e-01	1.3297910825e+00
9.7059179977e-01	1.3297830205e+00
9.9353597460e-01	1.3297727499e+00
1.0169555048e+00	1.3297630906e+00
1.0408697401e+00	1.3297548283e+00
1.0652977683e+00	1.3297468663e+00
1.0902583792e+00	1.3297389899e+00
1.1157700501e+00	1.3297304254e+00
1.1418509508e+00	1.3297216059e+00
1.1685189659e+00	1.3297129724e+00
1.1957917291e+00	1.3297042477e+00
1.2236866704e+00	1.3296960682e+00
1.2522210686e+00	1.3296887733e+00
1.2814121100e+00	1.3296819062e+00
1.3112769486e+00	1.3296753483e+00
1.3418327664e+00	1.3296687588e+00
1.3730968318e+00	1.3296615173e+00
1.4050865544e+00	1.3296538775e+00
1.4378195367e+00	1.3296464930e+00
1.4713136199e+00	1.3296397012e+00
1.5055869258e+00	1.3296335720e+00
1.5406578931e+00	1.3296278729e+00
1.5765453097e+00	1.3296221352e+00
1.6132683413e+00	1.3296158388e+00
1.6508465550e+00	1.3296091099e+00
1.6892999418e+00	1.3296026900e+00
1.7286489352e+00	1.3295969569e+00
1.7689144286e+00	1.3295917467e+00
1.8101177909e+00	1.3295865972e+00
1.8522808814e+00	1.3295809657e+00
1.8954260634e+00	1.3295749509e+00
1.9395762182e+00	1.3295692800e+00
1.9847547578e+00	1.3295642512e+00
2.0309856381e+00	1.3295595073e+00
2.0782933726e+00	1.3295544884e+00
2.1267030450e+00	1.3295490564e+00
2.1762403230e+00	1.3295438063e+00
2.2269314723e+00	1.3295391026e+00
2.2788033700e+00	1.3295345890e+00
2.3318835194e+00	1.3295297764e+00
2.3862000642e+00	1.3295247573e+00
2.4417818039e+00	1.3295200715e+00
2.4986582086e+00	1.3295157189e+00
2.5568594350e+00	1.3295112441e+00
2.6164163421e+00	1.3295065489e+00
2.6773605077e+00	1.3295020518e+00
2.7397242454e+00	1.3294978240e+00
2.8035406211e+00	1.3294934991e+00
2.8688434711e+00	1.3294890483e+00
2.9356674200e+00	1.3294847967e+00
3.0040478985e+00	1.3294806722e+00
3.0740211630e+00	1.3294764209e+00
3.1456243142e+00	1.3294722011e+00
3.2188953171e+00	1.3294681424e+00
3.2938730209e+00	1.3294640363e+00
3.3705971797e+00	1.3294599068e+00
3.4491084738e+00	1.3294558954e+00
3.5294485309e+00	1.3294518669e+00
3.6116599483e+00	1.3294478240e+00
3.6957863156e+00	1.3294438555e+00
3.7818722377e+00	1.3294398687e+00
3.8699633585e+00	1.3294358896e+00
3.9601063851e+00	1.3294319456e+00
4.0523491126e+00	1.3294279838e+00
4.1467404492e+00	1.3294240387e+00
4.2433304425e+00	1.3294200965e+00
4.3421703057e+00	1.3294161449e+00
4.4433124451e+00	1.3294122002e+00
4.5468104876e+00	1.3294082408e+00
4.6527193092e+00	1.3294042783e+00
4.7610950642e+00	1.3294003008e+00
4.8719952147e+00	1.3293963110e+00
4.9854785617e+00	1.3293923031e+00
5.1016052753e+00	1.3293882760e+00
5.2204369276e+00	1.3293842255e+00
5.3420365247e+00	1.3293801475e+00
5.4664685402e+00	1.3293760366e+00
5.5937989497e+00	1.3293718879e+00
5.7240952655e+00	1.3293676976e+00
5.8574265723e+00	1.3293634631e+00
5.9938635642e+00	1.3293591806e+00
6.1334785820e+00	1.3293548464e+00
6.2763456512e+00	1.3293504558e+00
6.4225405221e+00	1.3293460046e+00
6.5721407089e+00	1.3293414877e+00
6.7252255317e+00	1.3293369005e+00
6.8818761580e+00	1.3293322377e+00
7.0421756463e+00	1.3293274939e+00
7.2062089892e+00	1.3293226637e+00
7.3740631596e+00	1.3293177415e+00
7.5458271559e+00	1.3293127209e+00
7.7215920496e+00	1.3293075960e+00
7.9014510336e+00	1.3293023600e+00
8.0854994715e+00	1.3292970064e+00
8.2738349483e+00	1.3292915279e+00
8.4665573218e+00	1.3292859171e+00
8.6637687762e+00	1.3292801664e+00
8.8655738754e+00	1.3292742678e+00
9.0720796193e+00	1.3292682128e+00
9.2833954998e+00	1.3292619928e+00
9.4996335595e+00	1.3292555986e+00
9.7209084507e+00	1.3292490210e+00
9.9473374962e+00	1.3292422500e+00
1.0179040752e+01	1.3292352753e+00
1.0416141069e+01	1.3292280860e+00
1.0658764163e+01	1.3292206703e+00
1.0907038674e+01	1.3292130160e+00
1.1161096242e+01	1.3292051099e+00
1.1421071571e+01	1.3291969390e+00
1.1687102502e+01	1.3291884902e+00
1.1959330091e+01	1.3291797493e+00
1.2237898674e+01	1.3291707017e+00
1.2522955954e+01	1.3291613318e+00
1.2814653070e+01	1.3291516233e+00
1.3113144685e+01	1.3291415592e+00
1.3418589063e+01	1.3291311217e+00
1.3731148154e+01	1.3291202922e+00
1.4050987682e+01	1.3291090513e+00
1.4378277230e+01	1.3290973785e+00
1.4713190331e+01	1.3290852526e+00
1.5055904559e+01	1.3290726513e+00
1.5406601628e+01	1.3290595512e+00
1.5765467481e+01	1.3290459278e+00
1.6132692393e+01	1.3290317555e+00
1.6508471073e+01	1.3290170071e+00
1.6893002762e+01	1.3290016544e+00
1.7286491345e+01	1.3289856683e+00
1.7689145454e+01	1.3289690181e+00
1.8101178583e+01	1.3289516718e+00
1.8522809196e+01	1.3289335958e+00
1.8954260847e+01	1.3289147548e+00
1.9395762299e+01	1.3288951120e+00
1.9847547640e+01	1.3288746289e+00
2.0309856414e+01	1.3288532652e+00
2.0782933743e+01	1.3288309785e+00
2.1267030458e+01	1.3288077245e+00
2.1762403235e+01	1.3287834567e+00
2.2269314725e+01	1.3287581265e+00
2.2788033701e+01	1.3287316831e+00
2.3318835194e+01	1.3287040734e+00
2.3862000642e+01	1.3286752419e+00
2.4417818039e+01	1.3286451303e+00
2.4986582086e+01	1.3286136776e+00
2.5568594350e+01	1.3285808200e+00
2.6164163421e+01	1.3285464905e+00
2.6773605077e+01	1.3285106192e+00
2.7397242454e+01	1.3284731325e+00
2.8035406211e+01	1.3284339539e+00
2.8688434711e+01	1.3283930030e+00
2.9356674200e+01	1.3283501956e+00
3.0040478985e+01	1.3283054438e+00
