1.0528499241e-05	9.5898556203e-01
1.0773739492e-05	9.5898556197e-01
1.1024692123e-05	9.5898556190e-01
1.1281490192e-05	9.5898556183e-01
1.1544269856e-05	9.5898556175e-01
1.1813170444e-05	9.5898556168e-01
1.2088334532e-05	9.5898556160e-01
1.2369908015e-05	9.5898556151e-01
1.2658040187e-05	9.5898556142e-01
1.2952883819e-05	9.5898556133e-01
1.3254595242e-05	9.5898556123e-01
1.3563334427e-05	9.5898556113e-01
1.3879265071e-05	9.5898556102e-01
1.4202554685e-05	9.5898556091e-01
1.4533374682e-05	9.5898556079e-01
1.4871900466e-05	9.5898556067e-01
1.5218311529e-05	9.5898556054e-01
1.5572791542e-05	9.5898556040e-01
1.5935528455e-05	9.5898556026e-01
1.6306714596e-05	9.5898556012e-01
1.6686546774e-05	9.5898555996e-01
1.7075226379e-05	9.5898555980e-01
1.7472959495e-05	9.5898555963e-01
1.7879957006e-05	9.5898555945e-01
1.8296434706e-05	9.5898555926e-01
1.8722613418e-05	9.5898555907e-01
1.9158719108e-05	9.5898555887e-01
1.9604983005e-05	9.5898555865e-01
2.0061641722e-05	9.5898555843e-01
2.0528937388e-05	9.5898555819e-01
2.1007117768e-05	9.5898555795e-01
2.1496436400e-05	9.5898555769e-01
2.1997152727e-05	9.5898555742e-01
2.2509532236e-05	9.5898555714e-01
2.3033846597e-05	9.5898555684e-01
2.3570373808e-05	9.5898555654e-01
2.4119398343e-05	9.5898555621e-01
2.4681211302e-05	9.5898555587e-01
2.5256110567e-05	9.5898555552e-01
2.5844400955e-05	9.5898555515e-01
2.6446394387e-05	9.5898555476e-01
2.7062410047e-05	9.5898555435e-01
2.7692774556e-05	9.5898555392e-01
2.8337822140e-05	9.5898555348e-01
2.8997894812e-05	9.5898555301e-01
2.9673342552e-05	9.5898555252e-01
3.0364523491e-05	9.5898555201e-01
3.1071804102e-05	9.5898555147e-01
3.1795559395e-05	9.5898555091e-01
3.2536173115e-05	9.5898555032e-01
3.3294037944e-05	9.5898554970e-01
3.4069555713e-05	9.5898554906e-01
3.4863137611e-05	9.5898554838e-01
3.5675204406e-05	9.5898554767e-01
3.6506186667e-05	9.5898554693e-01
3.7356524992e-05	9.5898554615e-01
3.8226670240e-05	9.5898554534e-01
3.9117083775e-05	9.5898554449e-01
4.0028237705e-05	9.5898554360e-01
4.0960615137e-05	9.5898554267e-01
4.1914710429e-05	9.5898554169e-01
4.2891029456e-05	9.5898554067e-01
4.3890089874e-05	9.5898553959e-01
4.4912421398e-05	9.5898553847e-01
4.5958566083e-05	9.5898553730e-01
4.7029078608e-05	9.5898553607e-01
4.8124526573e-05	9.5898553478e-01
4.9245490799e-05	9.5898553343e-01
5.0392565636e-05	9.5898553202e-01
5.1566359279e-05	9.5898553054e-01
5.2767494087e-05	9.5898552899e-01
5.3996606920e-05	9.5898552737e-01
5.5254349468e-05	9.5898552567e-01
5.6541388603e-05	9.5898552389e-01
5.7858406732e-05	9.5898552203e-01
5.9206102153e-05	9.5898552008e-01
6.0585189434e-05	9.5898551804e-01
6.1996399783e-05	9.5898551590e-01
6.3440481445e-05	9.5898551366e-01
6.4918200089e-05	9.5898551132e-01
6.6430339223e-05	9.5898550886e-01
6.7977700602e-05	9.5898550629e-01
6.9561104657e-05	9.5898550360e-01
7.1181390931e-05	9.5898550078e-01
7.2839418520e-05	9.5898549783e-01
7.4536066534e-05	9.5898549474e-01
7.6272234556e-05	9.5898549151e-01
7.8048843127e-05	9.5898548812e-01
7.9866834227e-05	9.5898548457e-01
8.1727171781e-05	9.5898548086e-01
8.3630842162e-05	9.5898547697e-01
8.5578854723e-05	9.5898547289e-01
8.7572242325e-05	9.5898546863e-01
8.9612061890e-05	9.5898546416e-01
9.1699394956e-05	9.5898545948e-01
9.3835348255e-05	9.5898545459e-01
9.6021054297e-05	9.5898544946e-01
9.8257671974e-05	9.5898544409e-01
1.0054638717e-04	9.5898543846e-01
1.0288841339e-04	9.5898543258e-01
1.0528499241e-04	9.5898542641e-01
1.0773739492e-04	9.5898541996e-01
1.1024692123e-04	9.5898541320e-01
1.1281490192e-04	9.5898540612e-01
1.1544269856e-04	9.5898539870e-01
1.1813170444e-04	9.5898539094e-01
1.2088334532e-04	9.5898538282e-01
1.2369908015e-04	9.5898537431e-01
1.2658040187e-04	9.5898536539e-01
1.2952883819e-04	9.5898535606e-01
1.3254595242e-04	9.5898534629e-01
1.3563334427e-04	9.5898533606e-01
1.3879265071e-04	9.5898532535e-01
1.4202554685e-04	9.5898531413e-01
1.4533374682e-04	9.5898530238e-01
1.4871900466e-04	9.5898529008e-01
1.5218311529e-04	9.5898527720e-01
1.5572791542e-04	9.5898526372e-01
1.5935528455e-04	9.5898524960e-01
1.6306714596e-04	9.5898523481e-01
1.6686546773e-04	9.5898521932e-01
1.7075226379e-04	9.5898520311e-01
1.7472959495e-04	9.5898518613e-01
1.7879957006e-04	9.5898516835e-01
1.8296434706e-04	9.5898514974e-01
1.8722613418e-04	9.5898513025e-01
1.9158719108e-04	9.5898510984e-01
1.9604983005e-04	9.5898508846e-01
2.0061641722e-04	9.5898506608e-01
2.0528937388e-04	9.5898504265e-01
2.1007117768e-04	9.5898501811e-01
2.1496436400e-04	9.5898499242e-01
2.1997152727e-04	9.5898496552e-01
2.2509532236e-04	9.5898493735e-01
2.3033846597e-04	9.5898490785e-01
2.3570373808e-04	9.5898487696e-01
2.4119398343e-04	9.5898484462e-01
2.4681211302e-04	9.5898481075e-01
2.5256110567e-04	9.5898477529e-01
2.5844400955e-04	9.5898473816e-01
2.6446394387e-04	9.5898469928e-01
2.7062410047e-04	9.5898465857e-01
2.7692774556e-04	9.5898461594e-01
2.8337822140e-04	9.5898457130e-01
2.8997894812e-04	9.5898452456e-01
2.9673342552e-04	9.5898447562e-01
3.0364523491e-04	9.5898442438e-01
3.1071804102e-04	9.5898437072e-01
3.1795559395e-04	9.5898431454e-01
3.2536173115e-04	9.5898425571e-01
3.3294037944e-04	9.5898419411e-01
3.4069555713e-04	9.5898412961e-01
3.4863137611e-04	9.5898406207e-01
3.5675204406e-04	9.5898399136e-01
3.6506186667e-04	9.5898391731e-01
3.7356524992e-04	9.5898383978e-01
3.8226670240e-04	9.5898375860e-01
3.9117083775e-04	9.5898367361e-01
4.0028237705e-04	9.5898358461e-01
4.0960615137e-04	9.5898349142e-01
4.1914710429e-04	9.5898339384e-01
4.2891029456e-04	9.5898329168e-01
4.3890089874e-04	9.5898318471e-01
4.4912421398e-04	9.5898307270e-01
4.5958566083e-04	9.5898295543e-01
4.7029078608e-04	9.5898283264e-01
4.8124526573e-04	9.5898270408e-01
4.9245490799e-04	9.5898256947e-01
5.0392565636e-04	9.5898242853e-01
5.1566359279e-04	9.5898228096e-01
5.2767494087e-04	9.5898212646e-01
5.3996606920e-04	9.5898196469e-01
5.5254349468e-04	9.5898179532e-01
5.6541388603e-04	9.5898161798e-01
5.7858406732e-04	9.5898143232e-01
5.9206102153e-04	9.5898123793e-01
6.0585189434e-04	9.5898103441e-01
6.1996399783e-04	9.5898082133e-01
6.3440481445e-04	9.5898059824e-01
6.4918200089e-04	9.5898036467e-01
6.6430339223e-04	9.5898012015e-01
6.7977700602e-04	9.5897986414e-01
6.9561104657e-04	9.5897959612e-01
7.1181390931e-04	9.5897931552e-01
7.2839418520e-04	9.5897902176e-01
7.4536066534e-04	9.5897871422e-01
7.6272234556e-04	9.5897839225e-01
7.8048843127e-04	9.5897805520e-01
7.9866834227e-04	9.5897770235e-01
8.1727171781e-04	9.5897733296e-01
8.3630842162e-04	9.5897694627e-01
8.5578854723e-04	9.5897654147e-01
8.7572242325e-04	9.5897611771e-01
8.9612061890e-04	9.5897567413e-01
9.1699394956e-04	9.5897520979e-01
9.3835348255e-04	9.5897472373e-01
9.6021054297e-04	9.5897421494e-01
9.8257671974e-04	9.5897368238e-01
1.0054638717e-03	9.5897312493e-01
1.0288841339e-03	9.5897254145e-01
1.0528499241e-03	9.5897193073e-01
1.0773739492e-03	9.5897129151e-01
1.1024692123e-03	9.5897062248e-01
1.1281490192e-03	9.5896992225e-01
1.1544269856e-03	9.5896918940e-01
1.1813170444e-03	9.5896842242e-01
1.2088334532e-03	9.5896761975e-01
1.2369908015e-03	9.5896677973e-01
1.2658040187e-03	9.5896590065e-01
1.2952883819e-03	9.5896498074e-01
1.3254595242e-03	9.5896401811e-01
1.3563334427e-03	9.5896301081e-01
1.3879265071e-03	9.5896195681e-01
1.4202554685e-03	9.5896085397e-01
1.4533374682e-03	9.5895970008e-01
1.4871900466e-03	9.5895849280e-01
1.5218311529e-03	9.5895722972e-01
1.5572791542e-03	9.5895590831e-01
1.5935528455e-03	9.5895452594e-01
1.6306714596e-03	9.5895307984e-01
1.6686546773e-03	9.5895156716e-01
1.7075226379e-03	9.5894998488e-01
1.7472959495e-03	9.5894832991e-01
1.7879957006e-03	9.5894659896e-01
1.8296434706e-03	9.5894478866e-01
1.8722613418e-03	9.5894289547e-01
1.9158719108e-03	9.5894091570e-01
1.9604983005e-03	9.5893884550e-01
2.0061641722e-03	9.5893668089e-01
2.0528937388e-03	9.5893441770e-01
2.1007117768e-03	9.5893205158e-01
2.1496436400e-03	9.5892957802e-01
2.1997152727e-03	9.5892699233e-01
2.2509532236e-03	9.5892428960e-01
2.3033846597e-03	9.5892146477e-01
2.3570373808e-03	9.5891851254e-01
2.4119398343e-03	9.5891542740e-01
2.4681211302e-03	9.5891220365e-01
2.5256110567e-03	9.5890883534e-01
2.5844400955e-03	9.5890531629e-01
2.6446394387e-03	9.5890164010e-01
2.7062410047e-03	9.5889780011e-01
2.7692774556e-03	9.5889378940e-01
2.8337822140e-03	9.5888960080e-01
2.8997894812e-03	9.5888522686e-01
2.9673342552e-03	9.5888065985e-01
3.0364523491e-03	9.5887589177e-01
3.1071804102e-03	9.5887091430e-01
3.1795559395e-03	9.5886571883e-01
3.2536173115e-03	9.5886029643e-01
3.3294037944e-03	9.5885463785e-01
3.4069555713e-03	9.5884873349e-01
3.4863137611e-03	9.5884257342e-01
3.5675204406e-03	9.5883614735e-01
3.6506186667e-03	9.5882944463e-01
3.7356524992e-03	9.5882245420e-01
3.8226670240e-03	9.5881516463e-01
3.9117083775e-03	9.5880756409e-01
4.0028237705e-03	9.5879964029e-01
4.0960615137e-03	9.5879138054e-01
4.1914710429e-03	9.5878277167e-01
4.2891029456e-03	9.5877380003e-01
4.3890089874e-03	9.5876445150e-01
4.4912421398e-03	9.5875471141e-01
4.5958566083e-03	9.5874456457e-01
4.7029078608e-03	9.5873399522e-01
4.8124526573e-03	9.5872298700e-01
4.9245490799e-03	9.5871152291e-01
5.0392565636e-03	9.5869958533e-01
5.1566359279e-03	9.5868715591e-01
5.2767494087e-03	9.5867421559e-01
5.3996606920e-03	9.5866074456e-01
5.5254349468e-03	9.5864672217e-01
5.6541388603e-03	9.5863212693e-01
5.7858406732e-03	9.5861693648e-01
5.9206102153e-03	9.5860112749e-01
6.0585189434e-03	9.5858467567e-01
6.1996399783e-03	9.5856755568e-01
6.3440481445e-03	9.5854974112e-01
6.4918200089e-03	9.5853120448e-01
6.6430339223e-03	9.5851191711e-01
6.7977700602e-03	9.5849184918e-01
6.9561104657e-03	9.5847096964e-01
7.1181390931e-03	9.5844924627e-01
7.2839418520e-03	9.5842664560e-01
7.4536066534e-03	9.5840313300e-01
7.6272234556e-03	9.5837867266e-01
7.8048843127e-03	9.5835322764e-01
7.9866834227e-03	9.5832675998e-01
8.1727171781e-03	9.5829923077e-01
8.3630842162e-03	9.5827060025e-01
8.5578854723e-03	9.5824082797e-01
8.7572242325e-03	9.5820987297e-01
8.9612061890e-03	9.5817769389e-01
9.1699394956e-03	9.5814424927e-01
9.3835348255e-03	9.5810949766e-01
9.6021054297e-03	9.5807339788e-01
9.8257671974e-03	9.5803590924e-01
1.0054638717e-02	9.5799699167e-01
1.0288841339e-02	9.5795660590e-01
1.0528499241e-02	9.5791471355e-01
1.0773739492e-02	9.5787127721e-01
1.1024692123e-02	9.5782626032e-01
1.1281490192e-02	9.5777962713e-01
1.1544269856e-02	9.5773134238e-01
1.1813170444e-02	9.5768137104e-01
1.2088334532e-02	9.5762967780e-01
1.2369908015e-02	9.5757622654e-01
1.2658040187e-02	9.5752097972e-01
1.2952883819e-02	9.5746389770e-01
1.3254595242e-02	9.5740493807e-01
1.3563334427e-02	9.5734405506e-01
1.3879265071e-02	9.5728119900e-01
1.4202554685e-02	9.5721631604e-01
1.4533374682e-02	9.5714934807e-01
1.4871900466e-02	9.5708023300e-01
1.5218311529e-02	9.5700890532e-01
1.5572791542e-02	9.5693529709e-01
1.5935528455e-02	9.5685933917e-01
1.6306714597e-02	9.5678096277e-01
1.6686546774e-02	9.5670010108e-01
1.7075226380e-02	9.5661669084e-01
1.7472959498e-02	9.5653067367e-01
1.7879957013e-02	9.5644199684e-01
1.8296434721e-02	9.5635061351e-01
1.8722613449e-02	9.5625648198e-01
1.9158719170e-02	9.5615956428e-01
1.9604983124e-02	9.5605982390e-01
2.0061641951e-02	9.5595722315e-01
2.0528937818e-02	9.5585172049e-01
2.1007118562e-02	9.5574326841e-01
2.1496437841e-02	9.5563181238e-01
2.1997155298e-02	9.5551729151e-01
2.2509536751e-02	9.5539964099e-01
2.3033854402e-02	9.5527879640e-01
2.3570387094e-02	9.5515469930e-01
2.4119420617e-02	9.5502730312e-01
2.4681248094e-02	9.5489657812e-01
2.5256170465e-02	9.5476251417e-01
2.5844497098e-02	9.5462512031e-01
2.6446546584e-02	9.5448442081e-01
2.7062647743e-02	9.5434044850e-01
2.7693140911e-02	9.5419323701e-01
2.8338379561e-02	9.5404281415e-01
2.8998732343e-02	9.5388919899e-01
2.9674585596e-02	9.5373240369e-01
3.0366346435e-02	9.5357244002e-01
3.1074446455e-02	9.5340932795e-01
3.1799346157e-02	9.5324310250e-01
3.2541540120e-02	9.5307381458e-01
3.3301562978e-02	9.5290152345e-01
3.4079996221e-02	9.5272628162e-01
3.4877475796e-02	9.5254811702e-01
3.5694700481e-02	9.5236701904e-01
3.6532440955e-02	9.5218293454e-01
3.7391549441e-02	9.5199577486e-01
3.8272969776e-02	9.5180542853e-01
3.9177747727e-02	9.5161176994e-01
4.0107041314e-02	9.5141465513e-01
4.1062130891e-02	9.5121390421e-01
4.2044428710e-02	9.5100928038e-01
4.3055487646e-02	9.5080048233e-01
4.4097008782e-02	9.5058716104e-01
4.5170847515e-02	9.5036895620e-01
4.6279017868e-02	9.5014553160e-01
4.7423694694e-02	9.4991658970e-01
4.8607213486e-02	9.4968186732e-01
4.9832067564e-02	9.4944114061e-01
5.1100902452e-02	9.4919426639e-01
5.2416507354e-02	9.4894124859e-01
5.3781803735e-02	9.4868227936e-01
5.5199831142e-02	9.4841772000e-01
5.6673730514e-02	9.4814805320e-01
5.8206725415e-02	9.4787386320e-01
5.9802101709e-02	9.4759582287e-01
6.1463186370e-02	9.4731459732e-01
6.3193326170e-02	9.4703066186e-01
6.4995867076e-02	9.4674416148e-01
6.6874135154e-02	9.4645485432e-01
6.8831419758e-02	9.4616204931e-01
7.0870959652e-02	9.4586461345e-01
7.2995932596e-02	9.4556123867e-01
7.5209448716e-02	9.4525086159e-01
7.7514547848e-02	9.4493308944e-01
7.9914200805e-02	9.4460869031e-01
8.2411314399e-02	9.4427986105e-01
8.5008739898e-02	9.4394998315e-01
8.7709284497e-02	9.4362292349e-01
9.0515725341e-02	9.4330178773e-01
9.3430825578e-02	9.4298759012e-01
9.6457351970e-02	9.4267851359e-01
9.9598093562e-02	9.4237033713e-01
1.0285588100e-01	9.4205840191e-01
1.0623360608e-01	9.4174042933e-01
1.0973424128e-01	9.4141883052e-01
1.1336085888e-01	9.4110060279e-01
1.1711664954e-01	9.4079398222e-01
1.2100494014e-01	9.4050309613e-01
1.2502921074e-01	9.4022423343e-01
1.2919311046e-01	9.3994751960e-01
1.3350047238e-01	9.3966449490e-01
1.3795532720e-01	9.3937647651e-01
1.4256191572e-01	9.3909549093e-01
1.4732470003e-01	9.3883419683e-01
1.5224837333e-01	9.3859242080e-01
1.5733786838e-01	9.3835523748e-01
1.6259836432e-01	9.3810881055e-01
1.6803529197e-01	9.3785864926e-01
1.7365433721e-01	9.3762544605e-01
1.7946144244e-01	9.3741773860e-01
1.8546280576e-01	9.3721701908e-01
1.9166487771e-01	9.3700342070e-01
1.9807435513e-01	9.3678922377e-01
2.0469817185e-01	9.3660138959e-01
2.1154348579e-01	9.3643271803e-01
2.1861766198e-01	9.3625158709e-01
2.2592825100e-01	9.3606457368e-01
2.3348296232e-01	9.3590631172e-01
2.4128963204e-01	9.3576311123e-01
2.4935618433e-01	9.3560066530e-01
2.5769058617e-01	9.3544761895e-01
2.6630079487e-01	9.3532558030e-01
2.7519469789e-01	9.3518961484e-01
2.8438004473e-01	9.3505069763e-01
2.9386437075e-01	9.3494577550e-01
3.0365491309e-01	9.3482646983e-01
3.1375851897e-01	9.3470794117e-01
3.2418154733e-01	9.3461987190e-01
3.3492976490e-01	9.3450804953e-01
3.4600823853e-01	9.3441889399e-01
3.5742122614e-01	9.3433452780e-01
3.6917206929e-01	9.3423924365e-01
3.8126309102e-01	9.3417376028e-01
3.9369550344e-01	9.3408377698e-01
4.0646933004e-01	9.3402610869e-01
4.1958334828e-01	9.3394697001e-01
4.3303505822e-01	9.3389423539e-01
4.4682068323e-01	9.3382470605e-01
4.6093520806e-01	9.3377827408e-01
4.7537245911e-01	9.3371521878e-01
4.9012523004e-01	9.3367651021e-01
5.0518545426e-01	9.3361823111e-01
5.2054442301e-01	9.3358590634e-01
5.3619304554e-01	9.3353462149e-01
5.5212214430e-01	9.3350296994e-01
5.6832277575e-01	9.3346478008e-01
5.8478656470e-01	9.3342722535e-01
6.0150603835e-01	9.3340351152e-01
6.1847494565e-01	9.3336419863e-01
6.3568854768e-01	9.3334240090e-01
6.5314386666e-01	9.3331633168e-01
6.7083988321e-01	9.3328507844e-01
6.8877767508e-01	9.3326986412e-01
7.0696049388e-01	9.3324477685e-01
7.2539378017e-01	9.3321999792e-01
7.4408512020e-01	9.3320784230e-01
7.6304415064e-01	9.3318703540e-01
7.8228241917e-01	9.3316486913e-01
8.0181321031e-01	9.3315412500e-01
8.2165134601e-01	9.3314014186e-01
8.4181297062e-01	9.3311974379e-01
8.6231532903e-01	9.3310606981e-01
8.8317654601e-01	9.3309797487e-01
9.0441541352e-01	9.3308540772e-01
9.2605119178e-01	9.3306909967e-01
9.4810342851e-01	9.3305626649e-01
9.7059179977e-01	9.3304830997e-01
9.9353597460e-01	9.3304107644e-01
1.0169555048e+00	9.3303158716e-01
1.0408697401e+00	9.3302033909e-01
1.0652977683e+00	9.3300917233e-01
1.0902583792e+00	9.3299932950e-01
1.1157700501e+00	9.3299075027e-01
1.1418509508e+00	9.3298322304e-01
1.1685189659e+00	9.3297610781e-01
1.1957917291e+00	9.3296922466e-01
1.2236866704e+00	9.3296242058e-01
1.2522210686e+00	9.3295572932e-01
1.2814121100e+00	9.3294936451e-01
1.3112769486e+00	9.3294363985e-01
1.3418327664e+00	9.3293903005e-01
1.3730968318e+00	9.3293547908e-01
1.4050865544e+00	9.3293187246e-01
1.4378195367e+00	9.3292636428e-01
1.4713136199e+00	9.3291892574e-01
1.5055869258e+00	9.3291355374e-01
1.5406578931e+00	9.3291223362e-01
1.5765453097e+00	9.3290839250e-01
1.6132683413e+00	9.3290117919e-01
1.6508465550e+00	9.3290008568e-01
1.6892999418e+00	9.3289632081e-01
1.7286489352e+00	9.3289099032e-01
1.7689144286e+00	9.3289069667e-01
1.8101177909e+00	9.3288416897e-01
1.8522808814e+00	9.3288432382e-01
1.8954260634e+00	9.3287902146e-01
1.9395762182e+00	9.3287754195e-01
1.9847547578e+00	9.3287560993e-01
2.0309856381e+00	9.3287046433e-01
2.0782933726e+00	9.3286987679e-01
2.1267030450e+00	9.3286898758e-01
2.1762403230e+00	9.3286539358e-01
2.2269314723e+00	9.3286192080e-01
2.2788033700e+00	9.3285980066e-01
2.3318835194e+00	9.3285830605e-01
2.3862000642e+00	9.3285670042e-01
2.4417818039e+00	9.3285495876e-01
2.4986582086e+00	9.3285293657e-01
2.5568594350e+00	9.3285143138e-01
2.6164163421e+00	9.3285013391e-01
2.6773605077e+00	9.3285016996e-01
2.7397242454e+00	9.3284911031e-01
2.8035406211e+00	9.3284598056e-01
2.8688434711e+00	9.3284552572e-01
2.9356674200e+00	9.3284492954e-01
3.0040478985e+00	9.3284240542e-01
3.0740211630e+00	9.3284275748e-01
3.1456243142e+00	9.3284093301e-01
3.2188953171e+00	9.3283926336e-01
3.2938730209e+00	9.3283998307e-01
3.3705971797e+00	9.3283874411e-01
3.4491084738e+00	9.3283689761e-01
3.5294485309e+00	9.3283560839e-01
3.6116599483e+00	9.3283482290e-01
3.6957863156e+00	9.3283411835e-01
3.7818722377e+00	9.3283382101e-01
3.8699633585e+00	9.3283406467e-01
3.9601063851e+00	9.3283343316e-01
4.0523491126e+00	9.3283140460e-01
4.1467404492e+00	9.3283203052e-01
4.2433304425e+00	9.3283057740e-01
4.3421703057e+00	9.3283104115e-01
4.4433124451e+00	9.3282915976e-01
4.5468104876e+00	9.3282922758e-01
4.6527193092e+00	9.3282946479e-01
4.7610950642e+00	9.3282915100e-01
4.8719952147e+00	9.3282868493e-01
4.9854785617e+00	9.3282810406e-01
5.1016052753e+00	9.3282697629e-01
5.2204369276e+00	9.3282624230e-01
5.3420365247e+00	9.3282705100e-01
5.4664685402e+00	9.3282550773e-01
5.5937989497e+00	9.3282630958e-01
5.7240952655e+00	9.3282546997e-01
5.8574265723e+00	9.3282458669e-01
5.9938635642e+00	9.3282426679e-01
6.1334785820e+00	9.3282405935e-01
6.2763456512e+00	9.3282407873e-01
6.4225405221e+00	9.3282456376e-01
6.5721407089e+00	9.3282349491e-01
6.7252255317e+00	9.3282392141e-01
6.8818761580e+00	9.3282283210e-01
7.0421756463e+00	9.3282296818e-01
7.2062089892e+00	9.3282301475e-01
7.3740631596e+00	9.3282266557e-01
7.5458271559e+00	9.3282210480e-01
7.7215920496e+00	9.3282257580e-01
7.9014510336e+00	9.3282206389e-01
8.0854994715e+00	9.3282246696e-01
8.2738349483e+00	9.3282190460e-01
8.4665573218e+00	9.3282164886e-01
8.6637687762e+00	9.3282178307e-01
8.8655738754e+00	9.3282183366e-01
9.0720796193e+00	9.3282104457e-01
9.2833954998e+00	9.3282145299e-01
9.4996335595e+00	9.3282150806e-01
9.7209084507e+00	9.3282137212e-01
9.9473374962e+00	9.3282119049e-01
1.0179040752e+01	9.3282049228e-01
1.0416141069e+01	9.3282104310e-01
1.0658764163e+01	9.3282069996e-01
1.0907038674e+01	9.3282052704e-01
1.1161096242e+01	9.3282071963e-01
1.1421071571e+01	9.3282031451e-01
1.1687102502e+01	9.3282051934e-01
1.1959330091e+01	9.3282014919e-01
1.2237898674e+01	9.3282016940e-01
1.2522955954e+01	9.3282038677e-01
1.2814653070e+01	9.3281977337e-01
1.3113144685e+01	9.3281983776e-01
1.3418589063e+01	9.3281975746e-01
1.3731148154e+01	9.3281968006e-01
1.4050987682e+01	9.3281994053e-01
1.4378277230e+01	9.3282001956e-01
1.4713190331e+01	9.3281991044e-01
1.5055904559e+01	9.3281946509e-01
1.5406601628e+01	9.3281980792e-01
1.5765467481e+01	9.3281979697e-01
1.6132692393e+01	9.3281950632e-01
1.6508471073e+01	9.3281958639e-01
1.6893002762e+01	9.3281938412e-01
1.7286491345e+01	9.3281957119e-01
1.7689145454e+01	9.3281922105e-01
1.8101178583e+01	9.3281931875e-01
1.8522809196e+01	9.3281913390e-01
1.8954260847e+01	9.3281946552e-01
1.9395762299e+01	9.3281944466e-01
1.9847547640e+01	9.3281919958e-01
2.0309856414e+01	9.3281937550e-01
2.0782933743e+01	9.3281935623e-01
2.1267030458e+01	9.3281901358e-01
2.1762403235e+01	9.3281902872e-01
2.2269314725e+01	9.3281903902e-01
2.2788033701e+01	9.3281900387e-01
2.3318835194e+01	9.3281893035e-01
2.3862000642e+01	9.3281917546e-01
2.4417818039e+01	9.3281911865e-01
2.4986582086e+01	9.3281896847e-01
2.5568594350e+01	9.3281896056e-01
2.6164163421e+01	9.3281905943e-01
2.6773605077e+01	9.3281904991e-01
2.7397242454e+01	9.3281888926e-01
2.8035406211e+01	9.3281889066e-01
2.8688434711e+01	9.3281894429e-01
2.9356674200e+01	9.3281884827e-01
3.0040478985e+01	9.3281901113e-01
