1.0528499241e-05	1.0000013877e+00	1.0000013861e+00	0.0000000000e+00	0.0000000000e+00	9.9997049988e-01	1.0000000000e+00	
1.3254595242e-05	1.0000013960e+00	1.0000013936e+00	0.0000000000e+00	0.0000000000e+00	9.9997032571e-01	1.0000000000e+00	
1.6686546774e-05	1.0000014092e+00	1.0000014053e+00	0.0000000000e+00	0.0000000000e+00	9.9997004968e-01	1.0000000000e+00	
2.1007117768e-05	1.0000014302e+00	1.0000014240e+00	0.0000000000e+00	0.0000000000e+00	9.9996961221e-01	1.0000000000e+00	
2.6446394387e-05	1.0000014634e+00	1.0000014536e+00	0.0000000000e+00	0.0000000000e+00	9.9996891885e-01	1.0000000000e+00	
3.3294037944e-05	1.0000015160e+00	1.0000015005e+00	0.0000000000e+00	0.0000000000e+00	9.9996781997e-01	1.0000000000e+00	
4.1914710429e-05	1.0000015993e+00	1.0000015748e+00	0.0000000000e+00	0.0000000000e+00	9.9996607837e-01	1.0000000000e+00	
5.2767494087e-05	1.0000017315e+00	1.0000016926e+00	0.0000000000e+00	0.0000000000e+00	9.9996331817e-01	1.0000000000e+00	
6.6430339223e-05	1.0000019409e+00	1.0000018792e+00	0.0000000000e+00	0.0000000000e+00	9.9995894366e-01	1.0000000000e+00	
8.3630842162e-05	1.0000022727e+00	1.0000021751e+00	0.0000000000e+00	0.0000000000e+00	9.9995201082e-01	1.0000000000e+00	
1.0528499241e-04	1.0000027986e+00	1.0000026439e+00	0.0000000000e+00	0.0000000000e+00	9.9994102372e-01	1.0000000000e+00	
1.3254595242e-04	1.0000036321e+00	1.0000033868e+00	0.0000000000e+00	0.0000000000e+00	9.9992361218e-01	1.0000000000e+00	
1.6686546773e-04	1.0000049528e+00	1.0000045640e+00	0.0000000000e+00	0.0000000000e+00	9.9989602130e-01	1.0000000000e+00	
2.1007117768e-04	1.0000070455e+00	1.0000064293e+00	0.0000000000e+00	0.0000000000e+00	9.9985230418e-01	1.0000000000e+00	
2.6446394387e-04	1.0000103608e+00	1.0000093842e+00	0.0000000000e+00	0.0000000000e+00	9.9978304601e-01	1.0000000000e+00	
3.3294037944e-04	1.0000156118e+00	1.0000140638e+00	0.0000000000e+00	0.0000000000e+00	9.9967335148e-01	1.0000000000e+00	
4.1914710429e-04	1.0000239256e+00	1.0000214719e+00	0.0000000000e+00	0.0000000000e+00	9.9949967876e-01	1.0000000000e+00	
5.2767494087e-04	1.0000370807e+00	1.0000331912e+00	0.0000000000e+00	0.0000000000e+00	9.9922488098e-01	1.0000000000e+00	
6.6430339223e-04	1.0000578768e+00	1.0000517104e+00	0.0000000000e+00	0.0000000000e+00	9.9879049572e-01	1.0000000000e+00	
8.3630842162e-04	1.0000907026e+00	1.0000809249e+00	0.0000000000e+00	0.0000000000e+00	9.9810489351e-01	1.0000000000e+00	
1.0528499241e-03	1.0001423944e+00	1.0001268859e+00	0.0000000000e+00	0.0000000000e+00	9.9702540664e-01	1.0000000000e+00	
1.3254595242e-03	1.0002234903e+00	1.0001988818e+00	0.0000000000e+00	0.0000000000e+00	9.9533224208e-01	1.0000000000e+00	
1.6686546773e-03	1.0003499666e+00	1.0003108918e+00	0.0000000000e+00	0.0000000000e+00	9.9269253876e-01	1.0000000000e+00	
2.1007117768e-03	1.0005453915e+00	1.0004832820e+00	0.0000000000e+00	0.0000000000e+00	9.8861613474e-01	1.0000000000e+00	
2.6446394387e-03	1.0008429855e+00	1.0007440886e+00	0.0000000000e+00	0.0000000000e+00	9.8241441378e-01	1.0000000000e+00	
3.3294037944e-03	1.0012860866e+00	1.0011282745e+00	0.0000000000e+00	0.0000000000e+00	9.7319455344e-01	1.0000000000e+00	
4.1914710429e-03	1.0019237606e+00	1.0016711649e+00	0.0000000000e+00	0.0000000000e+00	9.5996029545e-01	1.0000000000e+00	
5.2767494087e-03	1.0027976315e+00	1.0023917339e+00	0.0000000000e+00	0.0000000000e+00	9.4190407895e-01	1.0000000000e+00	
6.6430339223e-03	1.0039232299e+00	1.0032681677e+00	0.0000000000e+00	0.0000000000e+00	9.1882340872e-01	1.0000000000e+00	
8.3630842162e-03	1.0052967461e+00	1.0042359168e+00	0.0000000000e+00	0.0000000000e+00	8.9100701679e-01	1.0000000000e+00	
1.0528499241e-02	1.0069771843e+00	1.0052570458e+00	0.0000000000e+00	0.0000000000e+00	8.5753187220e-01	1.0000000000e+00	
1.3254595242e-02	1.0091448484e+00	1.0063603159e+00	0.0000000000e+00	0.0000000000e+00	8.1508257935e-01	1.0000000000e+00	
1.6686546773e-02	1.0118837505e+00	1.0074043749e+00	0.0000000000e+00	0.0000000000e+00	7.6264359323e-01	1.0000000000e+00	
2.1007117551e-02	1.0151688690e+00	1.0080836798e+00	0.0000000000e+00	0.0000000000e+00	7.0170631780e-01	1.0000000000e+00	
2.6446239555e-02	1.0190156549e+00	1.0082271132e+00	0.0000000000e+00	0.0000000000e+00	6.3258029881e-01	1.0000000000e+00	
3.3273743748e-02	1.0233211848e+00	1.0081859101e+00	0.0000000000e+00	0.0000000000e+00	5.5590069611e-01	1.0000000000e+00	
4.1271830785e-02	1.0273437218e+00	1.0094818306e+00	0.0000000000e+00	0.0000000000e+00	4.7969735067e-01	1.0000000000e+00	
4.7925021188e-02	1.0296954347e+00	1.0124998863e+00	0.0000000000e+00	0.0000000000e+00	4.2741561077e-01	1.0000000000e+00	
5.2767007927e-02	1.0309467592e+00	1.0156362861e+00	0.0000000000e+00	0.0000000000e+00	3.9436258172e-01	1.0000000000e+00	
5.6774330373e-02	1.0318054627e+00	1.0184756486e+00	0.0000000000e+00	0.0000000000e+00	3.6933068342e-01	1.0000000000e+00	
6.0359120195e-02	1.0325061208e+00	1.0209245573e+00	0.0000000000e+00	0.0000000000e+00	3.4845403390e-01	1.0000000000e+00	
6.3706246053e-02	1.0331403911e+00	1.0229405593e+00	0.0000000000e+00	0.0000000000e+00	3.3024244356e-01	1.0000000000e+00	
6.6914030285e-02	1.0337509663e+00	1.0245031260e+00	0.0000000000e+00	0.0000000000e+00	3.1400438273e-01	1.0000000000e+00	
7.0041631710e-02	1.0343611804e+00	1.0256093980e+00	0.0000000000e+00	0.0000000000e+00	2.9933329846e-01	1.0000000000e+00	
7.3128010768e-02	1.0349855350e+00	1.0262733068e+00	0.0000000000e+00	0.0000000000e+00	2.8592280357e-01	1.0000000000e+00	
7.6200682074e-02	1.0356334833e+00	1.0265259182e+00	0.0000000000e+00	0.0000000000e+00	2.7349798671e-01	1.0000000000e+00	
7.9280208556e-02	1.0363096233e+00	1.0264155982e+00	0.0000000000e+00	0.0000000000e+00	2.6181139575e-01	1.0000000000e+00	
8.2382704686e-02	1.0370125036e+00	1.0260086897e+00	0.0000000000e+00	0.0000000000e+00	2.5066203334e-01	1.0000000000e+00	
8.5521322537e-02	1.0377330149e+00	1.0253901389e+00	0.0000000000e+00	0.0000000000e+00	2.3992191381e-01	1.0000000000e+00	
8.8707180226e-02	1.0384538322e+00	1.0246636593e+00	0.0000000000e+00	0.0000000000e+00	2.2954545262e-01	1.0000000000e+00	
9.1949966650e-02	1.0391504828e+00	1.0239499157e+00	0.0000000000e+00	0.0000000000e+00	2.1955662329e-01	1.0000000000e+00	
9.5258349117e-02	1.0397946305e+00	1.0233807034e+00	0.0000000000e+00	0.0000000000e+00	2.1001026537e-01	1.0000000000e+00	
9.8640256031e-02	1.0403591378e+00	1.0230867700e+00	0.0000000000e+00	0.0000000000e+00	2.0094341886e-01	1.0000000000e+00	
1.0210307755e-01	1.0408239188e+00	1.0231788278e+00	0.0000000000e+00	0.0000000000e+00	1.9233582149e-01	1.0000000000e+00	
1.0565381075e-01	1.0411808280e+00	1.0237239984e+00	0.0000000000e+00	0.0000000000e+00	1.8410325212e-01	1.0000000000e+00	
1.0929916614e-01	1.0414360093e+00	1.0247239520e+00	0.0000000000e+00	0.0000000000e+00	1.7613037751e-01	1.0000000000e+00	
1.1304564679e-01	1.0416088587e+00	1.0261030535e+00	0.0000000000e+00	0.0000000000e+00	1.6832980056e-01	1.0000000000e+00	
1.1689960745e-01	1.0417283148e+00	1.0277131302e+00	0.0000000000e+00	0.0000000000e+00	1.6069194432e-01	1.0000000000e+00	
1.2086729890e-01	1.0418283061e+00	1.0293560960e+00	0.0000000000e+00	0.0000000000e+00	1.5328890467e-01	1.0000000000e+00	
1.2495490132e-01	1.0419441165e+00	1.0308190323e+00	0.0000000000e+00	0.0000000000e+00	1.4621931848e-01	1.0000000000e+00	
1.2916854939e-01	1.0421097354e+00	1.0319122972e+00	0.0000000000e+00	0.0000000000e+00	1.3952531556e-01	1.0000000000e+00	
1.3351435117e-01	1.0423543011e+00	1.0325018065e+00	0.0000000000e+00	0.0000000000e+00	1.3314557333e-01	1.0000000000e+00	
1.3799840245e-01	1.0426956746e+00	1.0325312378e+00	0.0000000000e+00	0.0000000000e+00	1.2695403292e-01	1.0000000000e+00	
1.4262679799e-01	1.0431318914e+00	1.0320354875e+00	0.0000000000e+00	0.0000000000e+00	1.2086639898e-01	1.0000000000e+00	
1.4740564070e-01	1.0436350647e+00	1.0311485396e+00	0.0000000000e+00	0.0000000000e+00	1.1492200868e-01	1.0000000000e+00	
1.5234104995e-01	1.0441535069e+00	1.0301029071e+00	0.0000000000e+00	0.0000000000e+00	1.0924788953e-01	1.0000000000e+00	
1.5743916990e-01	1.0446241087e+00	1.0292058169e+00	0.0000000000e+00	0.0000000000e+00	1.0391933609e-01	1.0000000000e+00	
1.6270617880e-01	1.0449906875e+00	1.0287724174e+00	0.0000000000e+00	0.0000000000e+00	9.8860963695e-02	1.0000000000e+00	
1.6814830022e-01	1.0452206626e+00	1.0290166586e+00	0.0000000000e+00	0.0000000000e+00	9.3922371521e-02	1.0000000000e+00	
1.7377181691e-01	1.0453150411e+00	1.0299446781e+00	0.0000000000e+00	0.0000000000e+00	8.9064603466e-02	1.0000000000e+00	
1.7958308842e-01	1.0453113955e+00	1.0313226721e+00	0.0000000000e+00	0.0000000000e+00	8.4416890727e-02	1.0000000000e+00	
1.8558857308e-01	1.0452791569e+00	1.0327554593e+00	0.0000000000e+00	0.0000000000e+00	8.0091948684e-02	1.0000000000e+00	
1.9179485536e-01	1.0453016088e+00	1.0338341596e+00	0.0000000000e+00	0.0000000000e+00	7.6002184805e-02	1.0000000000e+00	
1.9820867937e-01	1.0454424914e+00	1.0342745332e+00	0.0000000000e+00	0.0000000000e+00	7.1982431865e-02	1.0000000000e+00	
2.0483698945e-01	1.0457136959e+00	1.0340058495e+00	0.0000000000e+00	0.0000000000e+00	6.8062423499e-02	1.0000000000e+00	
2.1168697869e-01	1.0460700728e+00	1.0332132685e+00	0.0000000000e+00	0.0000000000e+00	6.4414481155e-02	1.0000000000e+00	
2.1876614634e-01	1.0464329343e+00	1.0323124545e+00	0.0000000000e+00	0.0000000000e+00	6.1020997943e-02	1.0000000000e+00	
2.2608236520e-01	1.0467181133e+00	1.0317983598e+00	0.0000000000e+00	0.0000000000e+00	5.7690962483e-02	1.0000000000e+00	
2.3364396024e-01	1.0468642516e+00	1.0319849829e+00	0.0000000000e+00	0.0000000000e+00	5.4445266776e-02	1.0000000000e+00	
2.4145979978e-01	1.0468740461e+00	1.0328052929e+00	0.0000000000e+00	0.0000000000e+00	5.1465038604e-02	1.0000000000e+00	
2.4953940100e-01	1.0468319818e+00	1.0338439919e+00	0.0000000000e+00	0.0000000000e+00	4.8663195872e-02	1.0000000000e+00	
2.5789305206e-01	1.0468471059e+00	1.0345796340e+00	0.0000000000e+00	0.0000000000e+00	4.5877442149e-02	1.0000000000e+00	
2.6653195332e-01	1.0469737496e+00	1.0346825678e+00	0.0000000000e+00	0.0000000000e+00	4.3265792110e-02	1.0000000000e+00	
2.7546838143e-01	1.0471956827e+00	1.0342238390e+00	0.0000000000e+00	0.0000000000e+00	4.0874857077e-02	1.0000000000e+00	
2.8471588058e-01	1.0474402315e+00	1.0336430775e+00	0.0000000000e+00	0.0000000000e+00	3.8497757248e-02	1.0000000000e+00	
2.9428948674e-01	1.0476051001e+00	1.0334392606e+00	0.0000000000e+00	0.0000000000e+00	3.6253180881e-02	1.0000000000e+00	
3.0420599271e-01	1.0476505731e+00	1.0338003078e+00	0.0000000000e+00	0.0000000000e+00	3.4207052697e-02	1.0000000000e+00	
3.1448426354e-01	1.0476413318e+00	1.0344479139e+00	0.0000000000e+00	0.0000000000e+00	3.2157116038e-02	1.0000000000e+00	
3.2514561573e-01	1.0476660070e+00	1.0348709588e+00	0.0000000000e+00	0.0000000000e+00	3.0270033472e-02	1.0000000000e+00	
3.3621427740e-01	1.0477767967e+00	1.0348124074e+00	0.0000000000e+00	0.0000000000e+00	2.8493538058e-02	1.0000000000e+00	
3.4771795266e-01	1.0479376266e+00	1.0344870979e+00	0.0000000000e+00	0.0000000000e+00	2.6736528337e-02	1.0000000000e+00	
3.5968852159e-01	1.0480537297e+00	1.0343416478e+00	0.0000000000e+00	0.0000000000e+00	2.5162424623e-02	1.0000000000e+00	
3.7216291878e-01	1.0480957374e+00	1.0345868432e+00	0.0000000000e+00	0.0000000000e+00	2.3574338538e-02	1.0000000000e+00	
3.8518424976e-01	1.0481074156e+00	1.0349437373e+00	0.0000000000e+00	0.0000000000e+00	2.2145390398e-02	1.0000000000e+00	
3.9880322888e-01	1.0481678949e+00	1.0350453049e+00	0.0000000000e+00	0.0000000000e+00	2.0718937929e-02	1.0000000000e+00	
4.1308005805e-01	1.0482683595e+00	1.0349002363e+00	0.0000000000e+00	0.0000000000e+00	1.9422555602e-02	1.0000000000e+00	
4.2808691991e-01	1.0483490972e+00	1.0348579910e+00	0.0000000000e+00	0.0000000000e+00	1.8126489449e-02	1.0000000000e+00	
4.4391134340e-01	1.0483799288e+00	1.0350397321e+00	0.0000000000e+00	0.0000000000e+00	1.6954826722e-02	1.0000000000e+00	
4.6066083342e-01	1.0484179117e+00	1.0351865993e+00	0.0000000000e+00	0.0000000000e+00	1.5774836367e-02	1.0000000000e+00	
4.7846937497e-01	1.0484859062e+00	1.0351505672e+00	0.0000000000e+00	0.0000000000e+00	1.4684889250e-02	1.0000000000e+00	
4.9750678995e-01	1.0485435439e+00	1.0351546855e+00	0.0000000000e+00	0.0000000000e+00	1.3642415885e-02	1.0000000000e+00	
5.1799256544e-01	1.0485784959e+00	1.0352744899e+00	0.0000000000e+00	0.0000000000e+00	1.2609058688e-02	1.0000000000e+00	
5.4021693207e-01	1.0486266032e+00	1.0353117721e+00	0.0000000000e+00	0.0000000000e+00	1.1623208471e-02	1.0000000000e+00	
5.6457416227e-01	1.0486767163e+00	1.0353265266e+00	0.0000000000e+00	0.0000000000e+00	1.0678615544e-02	1.0000000000e+00	
5.9161741183e-01	1.0487142010e+00	1.0354009161e+00	0.0000000000e+00	0.0000000000e+00	9.7553897804e-03	1.0000000000e+00	
6.2215357462e-01	1.0487603658e+00	1.0354265454e+00	0.0000000000e+00	0.0000000000e+00	8.8440509040e-03	1.0000000000e+00	
6.5741709418e-01	1.0488003270e+00	1.0354794727e+00	0.0000000000e+00	0.0000000000e+00	7.9500398405e-03	1.0000000000e+00	
6.9941077897e-01	1.0488437673e+00	1.0355166660e+00	0.0000000000e+00	0.0000000000e+00	7.0477640977e-03	1.0000000000e+00	
7.5162760946e-01	1.0488865710e+00	1.0355630711e+00	0.0000000000e+00	0.0000000000e+00	6.1253415940e-03	1.0000000000e+00	
8.2070208252e-01	1.0489323771e+00	1.0356104016e+00	0.0000000000e+00	0.0000000000e+00	5.1461856786e-03	1.0000000000e+00	
9.2030782609e-01	1.0489807376e+00	1.0356606337e+00	0.0000000000e+00	0.0000000000e+00	4.1115289217e-03	1.0000000000e+00	
1.0782225566e+00	1.0490322808e+00	1.0357143650e+00	0.0000000000e+00	0.0000000000e+00	3.0081175888e-03	1.0000000000e+00	
1.3287993634e+00	1.0490798547e+00	1.0357645294e+00	0.0000000000e+00	0.0000000000e+00	1.9877267305e-03	1.0000000000e+00	
1.6703883051e+00	1.0491136950e+00	1.0358008485e+00	0.0000000000e+00	0.0000000000e+00	1.2597273376e-03	1.0000000000e+00	
2.1028497582e+00	1.0491351384e+00	1.0358243655e+00	0.0000000000e+00	0.0000000000e+00	7.9669835252e-04	1.0000000000e+00	
2.6473308419e+00	1.0491487117e+00	1.0358396310e+00	0.0000000000e+00	0.0000000000e+00	5.0231143714e-04	1.0000000000e+00	
3.3327920702e+00	1.0491572019e+00	1.0358493704e+00	0.0000000000e+00	0.0000000000e+00	3.1751935004e-04	1.0000000000e+00	
4.1957366294e+00	1.0491626002e+00	1.0358554933e+00	0.0000000000e+00	0.0000000000e+00	2.0026099232e-04	1.0000000000e+00	
5.2821194640e+00	1.0491660711e+00	1.0358589979e+00	0.0000000000e+00	0.0000000000e+00	1.2634463295e-04	1.0000000000e+00	
6.6497944213e+00	1.0491684070e+00	1.0358603961e+00	0.0000000000e+00	0.0000000000e+00	7.9884900226e-05	1.0000000000e+00	
8.3715951802e+00	1.0491701741e+00	1.0358597920e+00	0.0000000000e+00	0.0000000000e+00	5.0422639076e-05	1.0000000000e+00	
1.0539213910e+01	1.0491717829e+00	1.0358568483e+00	0.0000000000e+00	0.0000000000e+00	3.1786219708e-05	1.0000000000e+00	
1.3268084211e+01	1.0491736108e+00	1.0358507457e+00	0.0000000000e+00	0.0000000000e+00	2.0042151716e-05	1.0000000000e+00	
1.6703528379e+01	1.0491760846e+00	1.0358400042e+00	0.0000000000e+00	0.0000000000e+00	1.2641016532e-05	1.0000000000e+00	
2.1028496343e+01	1.0491797668e+00	1.0358221574e+00	0.0000000000e+00	0.0000000000e+00	7.9782607603e-06	1.0000000000e+00	
2.6473308418e+01	1.0491854778e+00	1.0357932214e+00	0.0000000000e+00	0.0000000000e+00	5.0426180171e-06	1.0000000000e+00	
3.3327920702e+01	1.0491944724e+00	1.0357468417e+00	0.0000000000e+00	0.0000000000e+00	3.1761049427e-06	1.0000000000e+00	
