1.0528499241e-05	5.0602913151e+00
1.0773739492e-05	5.1736195848e+00
1.1024692123e-05	5.2894848679e+00
1.1281490192e-05	5.4079474436e+00
1.1544269856e-05	5.5290606058e+00
1.1813170444e-05	5.6528877249e+00
1.2088334532e-05	5.7794866832e+00
1.2369908015e-05	5.9089219875e+00
1.2658040187e-05	6.0412550460e+00
1.2952883819e-05	6.1765523183e+00
1.3254595242e-05	6.3148791787e+00
1.3563334427e-05	6.4563040811e+00
1.3879265071e-05	6.6008977726e+00
1.4202554685e-05	6.7487279123e+00
1.4533374682e-05	6.8998681230e+00
1.4871900466e-05	7.0543940586e+00
1.5218311529e-05	7.2123801333e+00
1.5572791542e-05	7.3739049118e+00
1.5935528455e-05	7.5390463725e+00
1.6306714596e-05	7.7078866132e+00
1.6686546774e-05	7.8805085094e+00
1.7075226379e-05	8.0569953631e+00
1.7472959495e-05	8.2374354770e+00
1.7879957006e-05	8.4219161415e+00
1.8296434706e-05	8.6105277612e+00
1.8722613418e-05	8.8033640475e+00
1.9158719108e-05	9.0005182160e+00
1.9604983005e-05	9.2020879696e+00
2.0061641722e-05	9.4081716452e+00
2.0528937388e-05	9.6188705559e+00
2.1007117768e-05	9.8342882555e+00
2.1496436400e-05	1.0054529833e+01
2.1997152727e-05	1.0279703349e+01
2.2509532236e-05	1.0509919446e+01
2.3033846597e-05	1.0745291918e+01
2.3570373808e-05	1.0985934510e+01
2.4119398343e-05	1.1231966414e+01
2.4681211302e-05	1.1483508160e+01
2.5256110567e-05	1.1740682581e+01
2.5844400955e-05	1.2003616362e+01
2.6446394387e-05	1.2272438417e+01
2.7062410047e-05	1.2547279942e+01
2.7692774556e-05	1.2828276842e+01
2.8337822140e-05	1.3115565696e+01
2.8997894812e-05	1.3409288153e+01
2.9673342552e-05	1.3709587819e+01
3.0364523491e-05	1.4016612438e+01
3.1071804102e-05	1.4330512349e+01
3.1795559395e-05	1.4651441609e+01
3.2536173115e-05	1.4979557159e+01
3.3294037944e-05	1.5315020194e+01
3.4069555713e-05	1.5657995028e+01
3.4863137611e-05	1.6008650157e+01
3.5675204406e-05	1.6367157185e+01
3.6506186667e-05	1.6733692020e+01
3.7356524992e-05	1.7108434271e+01
3.8226670240e-05	1.7491567926e+01
3.9117083775e-05	1.7883280264e+01
4.0028237705e-05	1.8283763953e+01
4.0960615137e-05	1.8693214646e+01
4.1914710429e-05	1.9111833637e+01
4.2891029456e-05	1.9539825910e+01
4.3890089874e-05	1.9977401322e+01
4.4912421398e-05	2.0424774308e+01
4.5958566083e-05	2.0882164055e+01
4.7029078608e-05	2.1349794691e+01
4.8124526573e-05	2.1827895549e+01
4.9245490799e-05	2.2316700837e+01
5.0392565636e-05	2.2816449960e+01
5.1566359279e-05	2.3327388026e+01
5.2767494087e-05	2.3849765160e+01
5.3996606920e-05	2.4383837444e+01
5.5254349468e-05	2.4929866404e+01
5.6541388603e-05	2.5488119704e+01
5.7858406732e-05	2.6058870481e+01
5.9206102153e-05	2.6642398598e+01
6.0585189434e-05	2.7238989832e+01
6.1996399783e-05	2.7848936298e+01
6.3440481445e-05	2.8472536243e+01
6.4918200089e-05	2.9110095739e+01
6.6430339223e-05	2.9761926591e+01
6.7977700602e-05	3.0428347837e+01
6.9561104657e-05	3.1109685871e+01
7.1181390931e-05	3.1806274176e+01
7.2839418520e-05	3.2518453493e+01
7.4536066534e-05	3.3246572546e+01
7.6272234556e-05	3.3990987307e+01
7.8048843127e-05	3.4752062371e+01
7.9866834227e-05	3.5530169750e+01
8.1727171781e-05	3.6325690210e+01
8.3630842162e-05	3.7139012680e+01
8.5578854723e-05	3.7970534840e+01
8.7572242325e-05	3.8820663200e+01
8.9612061890e-05	3.9689813365e+01
9.1699394956e-05	4.0578410129e+01
9.3835348255e-05	4.1486887672e+01
9.6021054297e-05	4.2415689893e+01
9.8257671974e-05	4.3365270403e+01
1.0054638717e-04	4.4336092873e+01
1.0288841339e-04	4.5328631614e+01
1.0528499241e-04	4.6343370869e+01
1.0773739492e-04	4.7380805920e+01
1.1024692123e-04	4.8441443029e+01
1.1281490192e-04	4.9525799459e+01
1.1544269856e-04	5.0634404163e+01
1.1813170444e-04	5.1767797508e+01
1.2088334532e-04	5.2926531897e+01
1.2369908015e-04	5.4111172103e+01
1.2658040187e-04	5.5322294875e+01
1.2952883819e-04	5.6560490150e+01
1.3254595242e-04	5.7826360565e+01
1.3563334427e-04	5.9120522094e+01
1.3879265071e-04	6.0443604192e+01
1.4202554685e-04	6.1796250269e+01
1.4533374682e-04	6.3179117489e+01
1.4871900466e-04	6.4592877743e+01
1.5218311529e-04	6.6038217617e+01
1.5572791542e-04	6.7515838376e+01
1.5935528455e-04	6.9026457116e+01
1.6306714596e-04	7.0570806162e+01
1.6686546773e-04	7.2149633704e+01
1.7075226379e-04	7.3763704640e+01
1.7472959495e-04	7.5413800062e+01
1.7879957006e-04	7.7100718312e+01
1.8296434706e-04	7.8825274835e+01
1.8722613418e-04	8.0588302647e+01
1.9158719108e-04	8.2390653002e+01
1.9604983005e-04	8.4233195390e+01
2.0061641722e-04	8.6116817720e+01
2.0528937388e-04	8.8042427526e+01
2.1007117768e-04	9.0010951338e+01
2.1496436400e-04	9.2023335723e+01
2.1997152727e-04	9.4080547389e+01
2.2509532236e-04	9.6183573617e+01
2.3033846597e-04	9.8333422926e+01
2.3570373808e-04	1.0053112464e+02
2.4119398343e-04	1.0277773045e+02
2.4681211302e-04	1.0507431369e+02
2.5256110567e-04	1.0742197146e+02
2.5844400955e-04	1.0982182189e+02
2.6446394387e-04	1.1227500861e+02
2.7062410047e-04	1.1478269775e+02
2.7692774556e-04	1.1734608020e+02
2.8337822140e-04	1.1996637132e+02
2.8997894812e-04	1.2264481176e+02
2.9673342552e-04	1.2538266790e+02
3.0364523491e-04	1.2818123149e+02
3.1071804102e-04	1.3104182129e+02
3.1795559395e-04	1.3396578280e+02
3.2536173115e-04	1.3695448829e+02
3.3294037944e-04	1.4000933870e+02
3.4069555713e-04	1.4313176227e+02
3.4863137611e-04	1.4632321615e+02
3.5675204406e-04	1.4958518668e+02
3.6506186667e-04	1.5291918907e+02
3.7356524992e-04	1.5632676911e+02
3.8226670240e-04	1.5980950247e+02
3.9117083775e-04	1.6336899529e+02
4.0028237705e-04	1.6700688554e+02
4.0960615137e-04	1.7072484277e+02
4.1914710429e-04	1.7452456784e+02
4.2891029456e-04	1.7840779406e+02
4.3890089874e-04	1.8237628828e+02
4.4912421398e-04	1.8643184901e+02
4.5958566083e-04	1.9057631031e+02
4.7029078608e-04	1.9481153855e+02
4.8124526573e-04	1.9913943464e+02
4.9245490799e-04	2.0356193457e+02
5.0392565636e-04	2.0808100901e+02
5.1566359279e-04	2.1269866383e+02
5.2767494087e-04	2.1741693964e+02
5.3996606920e-04	2.2223791561e+02
5.5254349468e-04	2.2716370233e+02
5.6541388603e-04	2.3219645104e+02
5.7858406732e-04	2.3733834815e+02
5.9206102153e-04	2.4259161513e+02
6.0585189434e-04	2.4795851313e+02
6.1996399783e-04	2.5344133667e+02
6.3440481445e-04	2.5904242013e+02
6.4918200089e-04	2.6476413504e+02
6.6430339223e-04	2.7060888812e+02
6.7977700602e-04	2.7657912451e+02
6.9561104657e-04	2.8267732658e+02
7.1181390931e-04	2.8890601023e+02
7.2839418520e-04	2.9526773572e+02
7.4536066534e-04	3.0176508824e+02
7.6272234556e-04	3.0840069967e+02
7.8048843127e-04	3.1517722827e+02
7.9866834227e-04	3.2209738141e+02
8.1727171781e-04	3.2916387629e+02
8.3630842162e-04	3.3637949277e+02
8.5578854723e-04	3.4374702394e+02
8.7572242325e-04	3.5126929982e+02
8.9612061890e-04	3.5894918004e+02
9.1699394956e-04	3.6678956168e+02
9.3835348255e-04	3.7479335144e+02
9.6021054297e-04	3.8296351692e+02
9.8257671974e-04	3.9130300451e+02
1.0054638717e-03	3.9981483002e+02
1.0288841339e-03	4.0850199691e+02
1.0528499241e-03	4.1736755961e+02
1.0773739492e-03	4.2641454599e+02
1.1024692123e-03	4.3564604663e+02
1.1281490192e-03	4.4506513847e+02
1.1544269856e-03	4.5467491175e+02
1.1813170444e-03	4.6447846266e+02
1.2088334532e-03	4.7447889987e+02
1.2369908015e-03	4.8467931990e+02
1.2658040187e-03	4.9508282702e+02
1.2952883819e-03	5.0569250994e+02
1.3254595242e-03	5.1651145661e+02
1.3563334427e-03	5.2754272552e+02
1.3879265071e-03	5.3878936710e+02
1.4202554685e-03	5.5025440272e+02
1.4533374682e-03	5.6194082478e+02
1.4871900466e-03	5.7385159100e+02
1.5218311529e-03	5.8598961725e+02
1.5572791542e-03	5.9835776367e+02
1.5935528455e-03	6.1095884680e+02
1.6306714596e-03	6.2379562160e+02
1.6686546773e-03	6.3687076593e+02
1.7075226379e-03	6.5018688561e+02
1.7472959495e-03	6.6374650406e+02
1.7879957006e-03	6.7755204913e+02
1.8296434706e-03	6.9160584973e+02
1.8722613418e-03	7.0591010343e+02
1.9158719108e-03	7.2046692130e+02
1.9604983005e-03	7.3527824860e+02
2.0061641722e-03	7.5034589792e+02
2.0528937388e-03	7.6567154781e+02
2.1007117768e-03	7.8125669863e+02
2.1496436400e-03	7.9710266771e+02
2.1997152727e-03	8.1321040203e+02
2.2509532236e-03	8.2958053229e+02
2.3033846597e-03	8.4621427731e+02
2.3570373808e-03	8.6311214135e+02
2.4119398343e-03	8.8027437372e+02
2.4681211302e-03	8.9770101647e+02
2.5256110567e-03	9.1539180707e+02
2.5844400955e-03	9.3334619662e+02
2.6446394387e-03	9.5156341181e+02
2.7062410047e-03	9.7004235299e+02
2.7692774556e-03	9.8878150677e+02
2.8337822140e-03	1.0077791818e+03
2.8997894812e-03	1.0270332270e+03
2.9673342552e-03	1.0465411532e+03
3.0364523491e-03	1.0663001643e+03
3.1071804102e-03	1.0863070118e+03
3.1795559395e-03	1.1065580372e+03
3.2536173115e-03	1.1270492798e+03
3.3294037944e-03	1.1477761587e+03
3.4069555713e-03	1.1687338719e+03
3.4863137611e-03	1.1899170232e+03
3.5675204406e-03	1.2113198181e+03
3.6506186667e-03	1.2329360234e+03
3.7356524992e-03	1.2547587961e+03
3.8226670240e-03	1.2767809404e+03
3.9117083775e-03	1.2989946590e+03
4.0028237705e-03	1.3213917672e+03
4.0960615137e-03	1.3439633881e+03
4.1914710429e-03	1.3667001107e+03
4.2891029456e-03	1.3895922058e+03
4.3890089874e-03	1.4126291964e+03
4.4912421398e-03	1.4358002805e+03
4.5958566083e-03	1.4590935865e+03
4.7029078608e-03	1.4824974084e+03
4.8124526573e-03	1.5059986837e+03
4.9245490799e-03	1.5295837516e+03
5.0392565636e-03	1.5532415880e+03
5.1566359279e-03	1.5769564904e+03
5.2767494087e-03	1.6007137045e+03
5.3996606920e-03	1.6244983926e+03
5.5254349468e-03	1.6482945699e+03
5.6541388603e-03	1.6720860039e+03
5.7858406732e-03	1.6958562111e+03
5.9206102153e-03	1.7195875192e+03
6.0585189434e-03	1.7432628738e+03
6.1996399783e-03	1.7668628235e+03
6.3440481445e-03	1.7903696896e+03
6.4918200089e-03	1.8137632002e+03
6.6430339223e-03	1.8370235716e+03
6.7977700602e-03	1.8601314187e+03
6.9561104657e-03	1.8830637690e+03
7.1181390931e-03	1.9058009390e+03
7.2839418520e-03	1.9283198287e+03
7.4536066534e-03	1.9505986122e+03
7.6272234556e-03	1.9726136285e+03
7.8048843127e-03	1.9943414018e+03
7.9866834227e-03	2.0157589673e+03
8.1727171781e-03	2.0368409411e+03
8.3630842162e-03	2.0575625455e+03
8.5578854723e-03	2.0778981346e+03
8.7572242325e-03	2.0978218806e+03
8.9612061890e-03	2.1173068818e+03
9.1699394956e-03	2.1363259647e+03
9.3835348255e-03	2.1548514471e+03
9.6021054297e-03	2.1728547153e+03
9.8257671974e-03	2.1903077768e+03
1.0054638717e-02	2.2071803511e+03
1.0288841339e-02	2.2234435133e+03
1.0528499241e-02	2.2390666862e+03
1.0773739492e-02	2.2540182884e+03
1.1024692123e-02	2.2682680645e+03
1.1281490192e-02	2.2817824312e+03
1.1544269856e-02	2.2945290753e+03
1.1813170444e-02	2.3064746871e+03
1.2088334532e-02	2.3175832560e+03
1.2369908015e-02	2.3278229806e+03
1.2658040187e-02	2.3371560691e+03
1.2952883819e-02	2.3455472046e+03
1.3254595242e-02	2.3529624990e+03
1.3563334427e-02	2.3593647147e+03
1.3879265071e-02	2.3647170469e+03
1.4202554685e-02	2.3689822584e+03
1.4533374682e-02	2.3721249495e+03
1.4871900466e-02	2.3741093957e+03
1.5218311529e-02	2.3748997717e+03
1.5572791542e-02	2.3744666051e+03
1.5935528455e-02	2.3727781566e+03
1.6306714597e-02	2.3697994355e+03
1.6686546774e-02	2.3655017418e+03
1.7075226380e-02	2.3598599013e+03
1.7472959498e-02	2.3528513235e+03
1.7879957013e-02	2.3444517411e+03
1.8296434721e-02	2.3346441726e+03
1.8722613449e-02	2.3234134151e+03
1.9158719170e-02	2.3107476747e+03
1.9604983124e-02	2.2966382355e+03
2.0061641951e-02	2.2810800704e+03
2.0528937818e-02	2.2640805733e+03
2.1007118562e-02	2.2456338826e+03
2.1496437841e-02	2.2257598497e+03
2.1997155298e-02	2.2044677717e+03
2.2509536751e-02	2.1817838896e+03
2.3033854402e-02	2.1577289071e+03
2.3570387094e-02	2.1323488460e+03
2.4119420617e-02	2.1056702686e+03
2.4681248094e-02	2.0777532900e+03
2.5256170465e-02	2.0486444226e+03
2.5844497098e-02	2.0184081185e+03
2.6446546584e-02	1.9871089873e+03
2.7062647743e-02	1.9548218995e+03
2.7693140911e-02	1.9216206717e+03
2.8338379561e-02	1.8875900114e+03
2.8998732343e-02	1.8528148083e+03
2.9674585596e-02	1.8173918916e+03
3.0366346435e-02	1.7814166698e+03
3.1074446455e-02	1.7449834949e+03
3.1799346157e-02	1.7082089430e+03
3.2541540120e-02	1.6711913979e+03
3.3301562978e-02	1.6340373283e+03
3.4079996221e-02	1.5968704917e+03
3.4877475796e-02	1.5597951944e+03
3.5694700481e-02	1.5229322911e+03
3.6532440955e-02	1.4863804673e+03
3.7391549441e-02	1.4502741931e+03
3.8272969776e-02	1.4147157829e+03
3.9177747727e-02	1.3798062915e+03
4.0107041314e-02	1.3456549942e+03
4.1062130891e-02	1.3123565359e+03
4.2044428710e-02	1.2799964111e+03
4.3055487646e-02	1.2486641519e+03
4.4097008782e-02	1.2184218349e+03
4.5170847515e-02	1.1893241626e+03
4.6279017868e-02	1.1614236565e+03
4.7423694694e-02	1.1347423170e+03
4.8607213486e-02	1.1092947397e+03
4.9832067564e-02	1.0850747861e+03
5.1100902452e-02	1.0620562626e+03
5.2416507354e-02	1.0401770116e+03
5.3781803735e-02	1.0193569593e+03
5.5199831142e-02	9.9946212766e+02
5.6673730514e-02	9.8032670530e+02
5.8206725415e-02	9.6172798485e+02
5.9802101709e-02	9.4340411762e+02
6.1463186370e-02	9.2504555172e+02
6.3193326170e-02	9.0630466843e+02
6.4995867076e-02	8.8679564798e+02
6.6874135154e-02	8.6612904744e+02
6.8831419758e-02	8.4391964685e+02
7.0870959652e-02	8.1982500700e+02
7.2995932596e-02	7.9358520534e+02
7.5209448716e-02	7.6506086500e+02
7.7514547848e-02	7.3426697630e+02
7.9914200805e-02	7.0140498402e+02
8.2411314399e-02	6.6688217753e+02
8.5008739898e-02	6.3130409195e+02
8.7709284497e-02	5.9544141347e+02
9.0515725341e-02	5.6018155775e+02
9.3430825578e-02	5.2644992734e+02
9.6457351970e-02	4.9511653290e+02
9.9598093562e-02	4.6690326992e+02
1.0285588100e-01	4.4229660095e+02
1.0623360608e-01	4.2147539618e+02
1.0973424128e-01	4.0427070647e+02
1.1336085888e-01	3.9014622461e+02
1.1711664954e-01	3.7822844198e+02
1.2100494014e-01	3.6737940022e+02
1.2502921074e-01	3.5634063966e+02
1.2919311046e-01	3.4394014359e+02
1.3350047238e-01	3.2933743520e+02
1.3795532720e-01	3.1224204193e+02
1.4256191572e-01	2.9302360472e+02
1.4732470003e-01	2.7265717818e+02
1.5224837333e-01	2.5249711112e+02
1.5733786838e-01	2.3394035900e+02
1.6259836432e-01	2.1807349920e+02
1.6803529197e-01	2.0540121630e+02
1.7365433721e-01	1.9571872814e+02
1.7946144244e-01	1.8816159337e+02
1.8546280576e-01	1.8148427566e+02
1.9166487771e-01	1.7429150500e+02
1.9807435513e-01	1.6557494942e+02
2.0469817185e-01	1.5522343912e+02
2.1154348579e-01	1.4397319644e+02
2.1861766198e-01	1.3302740283e+02
2.2592825100e-01	1.2348927804e+02
2.3348296232e-01	1.1589804081e+02
2.4128963204e-01	1.1003422678e+02
2.4935618433e-01	1.0505655342e+02
2.5769058617e-01	9.9939019333e+01
2.6630079487e-01	9.4048578558e+01
2.7519469789e-01	8.7515024866e+01
2.8438004473e-01	8.1078867303e+01
2.9386437075e-01	7.5497342058e+01
3.0365491309e-01	7.0992762916e+01
3.1375851897e-01	6.7168954375e+01
3.2418154733e-01	6.3401946538e+01
3.3492976490e-01	5.9361780599e+01
3.4600823853e-01	5.5232650243e+01
3.5742122614e-01	5.1444950817e+01
3.6917206929e-01	4.8212987290e+01
3.8126309102e-01	4.5358968077e+01
3.9369550344e-01	4.2578277801e+01
4.0646933004e-01	3.9785931969e+01
4.1958334828e-01	3.7128742399e+01
4.3303505822e-01	3.4741632237e+01
4.4682068323e-01	3.2596894362e+01
4.6093520806e-01	3.0573797571e+01
4.7537245911e-01	2.8615514811e+01
4.9012523004e-01	2.6777076688e+01
5.0518545426e-01	2.5108776033e+01
5.2054442301e-01	2.3571502353e+01
5.3619304554e-01	2.2114815086e+01
5.5212214430e-01	2.0746027297e+01
5.6832277575e-01	1.9483106593e+01
5.8478656470e-01	1.8315414137e+01
6.0150603835e-01	1.7222731806e+01
6.1847494565e-01	1.6199381282e+01
6.3568854768e-01	1.5249120720e+01
6.5314386666e-01	1.4366141174e+01
6.7083988321e-01	1.3540503460e+01
6.8877767508e-01	1.2768565999e+01
7.0696049388e-01	1.2048535732e+01
7.2539378017e-01	1.1375765826e+01
7.4408512020e-01	1.0745366269e+01
7.6304415064e-01	1.0154661614e+01
7.8228241917e-01	9.6008748135e+00
8.0181321031e-01	9.0808347167e+00
8.2165134601e-01	8.5918166400e+00
8.4181297062e-01	8.1317179089e+00
8.6231532903e-01	7.6983937943e+00
8.8317654601e-01	7.2897608735e+00
9.0441541352e-01	6.9041706229e+00
9.2605119178e-01	6.5400414286e+00
9.4810342851e-01	6.1958817395e+00
9.7059179977e-01	5.8703709358e+00
9.9353597460e-01	5.5623203373e+00
1.0169555048e+00	5.2706261710e+00
1.0408697401e+00	4.9942842984e+00
1.0652977683e+00	4.7323804229e+00
1.0902583792e+00	4.4840891859e+00
1.1157700501e+00	4.2486479148e+00
1.1418509508e+00	4.0253705330e+00
1.1685189659e+00	3.8135996075e+00
1.1957917291e+00	3.6127341108e+00
1.2236866704e+00	3.4221932912e+00
1.2522210686e+00	3.2414366424e+00
1.2814121100e+00	3.0699546144e+00
1.3112769486e+00	2.9072715447e+00
1.3418327664e+00	2.7529596853e+00
1.3730968318e+00	2.6065928269e+00
1.4050865544e+00	2.4677873317e+00
1.4378195367e+00	2.3361654333e+00
1.4713136199e+00	2.2113603156e+00
1.5055869258e+00	2.0930236852e+00
1.5406578931e+00	1.9808390452e+00
1.5765453097e+00	1.8744830948e+00
1.6132683413e+00	1.7736774457e+00
1.6508465550e+00	1.6781428028e+00
1.6892999418e+00	1.5876183453e+00
1.7286489352e+00	1.5018462244e+00
1.7689144286e+00	1.4205766425e+00
1.8101177909e+00	1.3435864903e+00
1.8522808814e+00	1.2706601693e+00
1.8954260634e+00	1.2015941026e+00
1.9395762182e+00	1.1361845929e+00
1.9847547578e+00	1.0742463904e+00
2.0309856381e+00	1.0156005258e+00
2.0782933726e+00	9.6007461966e-01
2.1267030450e+00	9.0750842202e-01
2.1762403230e+00	8.5775580785e-01
2.2269314723e+00	8.1066709846e-01
2.2788033700e+00	7.6610089076e-01
2.3318835194e+00	7.2392877614e-01
2.3862000642e+00	6.8402643292e-01
2.4417818039e+00	6.4627401801e-01
2.4986582086e+00	6.1055802334e-01
2.5568594350e+00	5.7677262939e-01
2.6164163421e+00	5.4481361997e-01
2.6773605077e+00	5.1459294678e-01
2.7397242454e+00	4.8601037158e-01
2.8035406211e+00	4.5898347924e-01
2.8688434711e+00	4.3342742273e-01
2.9356674200e+00	4.0926510554e-01
3.0040478985e+00	3.8642346708e-01
3.0740211630e+00	3.6482923104e-01
3.1456243142e+00	3.4442204013e-01
3.2188953171e+00	3.2513219261e-01
3.2938730209e+00	3.0690172223e-01
3.3705971797e+00	2.8967442811e-01
3.4491084738e+00	2.7339644396e-01
3.5294485309e+00	2.5801493529e-01
3.6116599483e+00	2.4348375108e-01
3.6957863156e+00	2.2975627317e-01
3.7818722377e+00	2.1678921131e-01
3.8699633585e+00	2.0453992764e-01
3.9601063851e+00	1.9297126842e-01
4.0523491126e+00	1.8204572698e-01
4.1467404492e+00	1.7172927500e-01
4.2433304425e+00	1.6198582859e-01
4.3421703057e+00	1.5278660236e-01
4.4433124451e+00	1.4410108857e-01
4.5468104876e+00	1.3590141749e-01
4.6527193092e+00	1.2816084960e-01
4.7610950642e+00	1.2085416345e-01
4.8719952147e+00	1.1395786501e-01
4.9854785617e+00	1.0744795523e-01
5.1016052753e+00	1.0130418081e-01
5.2204369276e+00	9.5507006296e-02
5.3420365247e+00	9.0036578015e-02
5.4664685402e+00	8.4874576911e-02
5.5937989497e+00	8.0004057508e-02
5.7240952655e+00	7.5409302052e-02
5.8574265723e+00	7.1073781178e-02
5.9938635642e+00	6.6984563065e-02
6.1334785820e+00	6.3127561674e-02
6.2763456512e+00	5.9488703105e-02
6.4225405221e+00	5.6057730063e-02
6.5721407089e+00	5.2821150174e-02
6.7252255317e+00	4.9769483930e-02
6.8818761580e+00	4.6891240269e-02
7.0421756463e+00	4.4177204841e-02
7.2062089892e+00	4.1618341516e-02
7.3740631596e+00	3.9205741296e-02
7.5458271559e+00	3.6931114125e-02
7.7215920496e+00	3.4786925773e-02
7.9014510336e+00	3.2765544380e-02
8.0854994715e+00	3.0860054538e-02
8.2738349483e+00	2.9064042938e-02
8.4665573218e+00	2.7371368671e-02
8.6637687762e+00	2.5776004346e-02
8.8655738754e+00	2.4272544699e-02
9.0720796193e+00	2.2855773884e-02
9.2833954998e+00	2.1520584794e-02
9.4996335595e+00	2.0262521957e-02
9.7209084507e+00	1.9077064646e-02
9.9473374962e+00	1.7960335549e-02
1.0179040752e+01	1.6908097970e-02
1.0416141069e+01	1.5916946722e-02
1.0658764163e+01	1.4983050136e-02
1.0907038674e+01	1.4103417308e-02
1.1161096242e+01	1.3274899691e-02
1.1421071571e+01	1.2494444774e-02
1.1687102502e+01	1.1759443974e-02
1.1959330091e+01	1.1067215612e-02
1.2237898674e+01	1.0415255042e-02
1.2522955954e+01	9.8013194115e-03
1.2814653070e+01	9.2231454302e-03
1.3113144685e+01	8.6787373585e-03
1.3418589063e+01	8.1662087058e-03
1.3731148154e+01	7.6835797349e-03
1.4050987682e+01	7.2291750439e-03
1.4378277230e+01	6.8013906616e-03
1.4713190331e+01	6.3986456945e-03
1.5055904559e+01	6.0195428777e-03
1.5406601628e+01	5.6626618206e-03
1.5765467481e+01	5.3267236450e-03
1.6132692393e+01	5.0105535916e-03
1.6508471073e+01	4.7129456680e-03
1.6893002762e+01	4.4328336433e-03
1.7286491345e+01	4.1692040206e-03
1.7689145454e+01	3.9210945671e-03
1.8101178583e+01	3.6876336309e-03
1.8522809196e+01	3.4679336779e-03
1.8954260847e+01	3.2612187525e-03
1.9395762299e+01	3.0667119344e-03
1.9847547640e+01	2.8836720461e-03
2.0309856414e+01	2.7114534764e-03
2.0782933743e+01	2.5494978871e-03
2.1267030458e+01	2.3970298814e-03
2.1762403235e+01	2.2536449942e-03
2.2269314725e+01	2.1187564973e-03
2.2788033701e+01	1.9918718333e-03
2.3318835194e+01	1.8725274280e-03
2.3862000642e+01	1.7602254013e-03
2.4417818039e+01	1.6546367117e-03
2.4986582086e+01	1.5553139797e-03
2.5568594350e+01	1.4618969918e-03
2.6164163421e+01	1.3740674978e-03
2.6773605077e+01	1.2914428119e-03
2.7397242454e+01	1.2137492396e-03
2.8035406211e+01	1.1406896727e-03
2.8688434711e+01	1.0719884153e-03
2.9356674200e+01	1.0073943475e-03
3.0040478985e+01	9.4664566279e-04
