1.0528499241e-05	5.2799073369e-03
1.3254595242e-05	6.5889340777e-03
1.6686546774e-05	8.2224890868e-03
2.1007117768e-05	1.0261015122e-02
2.6446394387e-05	1.2804882858e-02
3.3294037944e-05	1.5979313944e-02
4.1914710429e-05	1.9940510232e-02
5.2767494087e-05	2.4883271933e-02
6.6430339223e-05	3.1050437846e-02
8.3630842162e-05	3.8744546975e-02
1.0528499241e-04	4.8342146068e-02
1.3254595242e-04	6.0311164874e-02
1.6686546773e-04	7.5231664851e-02
2.1007117768e-04	9.3819903925e-02
2.6446394387e-04	1.1695484005e-01
3.3294037944e-04	1.4570446748e-01
4.1914710429e-04	1.8134601582e-01
5.2767494087e-04	2.2536780647e-01
6.6430339223e-04	2.7942930680e-01
8.3630842162e-04	3.4523544650e-01
1.0528499241e-03	4.2424372239e-01
1.3254595242e-03	5.1706001807e-01
1.6686546773e-03	6.2230747654e-01
2.1007117768e-03	7.3471885536e-01
2.6446394387e-03	8.4235388658e-01
3.3294037944e-03	9.2365340058e-01
4.1914710429e-03	9.4718175755e-01
5.2767494087e-03	8.8032856380e-01
6.6430339223e-03	7.1364724132e-01
8.3630842162e-03	4.9079924291e-01
1.0528499241e-02	2.9752659168e-01
1.3254595242e-02	1.8335730380e-01
1.6686546773e-02	1.1675689926e-01
2.1007117551e-02	6.3660523993e-02
2.6446239555e-02	3.2213119421e-02
3.3273743748e-02	1.4348658764e-02
4.1271830785e-02	6.2422571478e-03
4.7925021188e-02	3.4634910958e-03
5.2767007927e-02	2.3868547942e-03
5.6774330373e-02	1.8026816029e-03
6.0359120195e-02	1.4267691628e-03
6.3706246053e-02	1.1569793794e-03
6.6914030285e-02	9.5093907121e-04
7.0041631710e-02	7.8734816880e-04
7.3128010768e-02	6.5337130973e-04
7.6200682074e-02	5.4236176736e-04
7.9280208556e-02	4.4962899098e-04
8.2382704686e-02	3.7192997588e-04
8.5521322537e-02	3.0719630815e-04
8.8707180226e-02	2.5350404729e-04
9.1949966650e-02	2.0932450767e-04
9.5258349117e-02	1.7332471235e-04
9.8640256031e-02	1.4416949454e-04
1.0210307755e-01	1.2072483235e-04
1.0565381075e-01	1.0189782930e-04
1.0929916614e-01	8.6726532612e-05
1.1304564679e-01	7.4382538269e-05
1.1689960745e-01	6.4147340946e-05
1.2086729890e-01	5.5463414558e-05
1.2495490132e-01	4.7891549458e-05
1.2916854939e-01	4.1145997748e-05
1.3351435117e-01	3.5054335822e-05
1.3799840245e-01	2.9556536204e-05
1.4262679799e-01	2.4654600247e-05
1.4740564070e-01	2.0383552153e-05
1.5234104995e-01	1.6767482782e-05
1.5743916990e-01	1.3797938672e-05
1.6270617880e-01	1.1424160640e-05
1.6814830022e-01	9.5577797090e-06
1.7377181691e-01	8.0894149327e-06
1.7958308842e-01	6.9066896380e-06
1.8558857308e-01	5.9136768072e-06
1.9179485536e-01	5.0385407532e-06
1.9820867937e-01	4.2435978665e-06
2.0483698945e-01	3.5247591107e-06
2.1168697869e-01	2.8952561767e-06
2.1876614634e-01	2.3685881575e-06
2.2608236520e-01	1.9468523494e-06
2.3364396024e-01	1.6179977764e-06
2.4145979978e-01	1.3602139901e-06
2.4953940100e-01	1.1495378526e-06
2.5789305206e-01	9.6730371837e-07
2.6653195332e-01	8.0455192574e-07
2.7546838143e-01	6.6124226037e-07
2.8471588058e-01	5.4088743654e-07
2.9428948674e-01	4.4464433680e-07
3.0420599271e-01	3.6904127621e-07
3.1448426354e-01	3.0790236932e-07
3.2514561573e-01	2.5585477039e-07
3.3621427740e-01	2.1048761493e-07
3.4771795266e-01	1.7189698861e-07
3.5968852159e-01	1.4048408399e-07
3.7216291878e-01	1.1541348101e-07
3.8518424976e-01	9.4850390992e-08
3.9880322888e-01	7.7446460112e-08
4.1308005805e-01	6.2717996405e-08
4.2808691991e-01	5.0678281930e-08
4.4391134340e-01	4.0987943862e-08
4.6066083342e-01	3.2967723472e-08
4.7846937497e-01	2.6255665587e-08
4.9750678995e-01	2.0813118519e-08
5.1799256544e-01	1.6465618449e-08
5.4021693207e-01	1.2580341991e-08
5.6457416227e-01	9.7529109876e-09
5.9161741183e-01	7.3111670187e-09
6.2215357462e-01	5.4398744348e-09
6.5741709418e-01	3.8821802978e-09
6.9941077897e-01	2.6437128457e-09
7.5162760946e-01	1.7059055516e-09
8.2070208252e-01	9.8855283716e-10
9.2030782609e-01	4.8668892417e-10
1.0782225566e+00	1.8294294418e-10
1.3287993634e+00	4.8486935803e-11
1.6703883051e+00	1.0913114676e-11
2.1028497582e+00	2.4545583694e-12
2.6473308419e+00	6.2525170014e-13
3.3327920702e+00	1.3760860195e-13
4.1957366294e+00	2.9413560212e-14
5.2821194640e+00	7.2289942827e-15
6.6497944213e+00	1.4646486286e-15
8.3715951802e+00	3.5416852065e-16
1.0539213910e+01	6.8034004012e-17
1.3268084211e+01	1.5790497039e-17
1.6703528379e+01	3.8406561087e-18
2.1028496343e+01	6.8017399932e-19
2.6473308418e+01	1.7207089660e-19
3.3327920702e+01	3.2122265562e-20
