1.0528499241e-05	1.0000019045e+00	1.0000019034e+00	0.0000000000e+00	0.0000000000e+00	9.9995950833e-01	1.0000000000e+00	
1.3254595242e-05	1.0000019108e+00	1.0000019091e+00	0.0000000000e+00	0.0000000000e+00	9.9995937593e-01	1.0000000000e+00	
1.6686546774e-05	1.0000019209e+00	1.0000019182e+00	0.0000000000e+00	0.0000000000e+00	9.9995916609e-01	1.0000000000e+00	
2.1007117768e-05	1.0000019368e+00	1.0000019325e+00	0.0000000000e+00	0.0000000000e+00	9.9995883352e-01	1.0000000000e+00	
2.6446394387e-05	1.0000019620e+00	1.0000019552e+00	0.0000000000e+00	0.0000000000e+00	9.9995830643e-01	1.0000000000e+00	
3.3294037944e-05	1.0000020019e+00	1.0000019911e+00	0.0000000000e+00	0.0000000000e+00	9.9995747105e-01	1.0000000000e+00	
4.1914710429e-05	1.0000020652e+00	1.0000020481e+00	0.0000000000e+00	0.0000000000e+00	9.9995614708e-01	1.0000000000e+00	
5.2767494087e-05	1.0000021655e+00	1.0000021385e+00	0.0000000000e+00	0.0000000000e+00	9.9995404876e-01	1.0000000000e+00	
6.6430339223e-05	1.0000023244e+00	1.0000022816e+00	0.0000000000e+00	0.0000000000e+00	9.9995072323e-01	1.0000000000e+00	
8.3630842162e-05	1.0000025763e+00	1.0000025085e+00	0.0000000000e+00	0.0000000000e+00	9.9994545283e-01	1.0000000000e+00	
1.0528499241e-04	1.0000029755e+00	1.0000028680e+00	0.0000000000e+00	0.0000000000e+00	9.9993710034e-01	1.0000000000e+00	
1.3254595242e-04	1.0000036081e+00	1.0000034378e+00	0.0000000000e+00	0.0000000000e+00	9.9992386389e-01	1.0000000000e+00	
1.6686546773e-04	1.0000046106e+00	1.0000043407e+00	0.0000000000e+00	0.0000000000e+00	9.9990288887e-01	1.0000000000e+00	
2.1007117768e-04	1.0000061990e+00	1.0000057713e+00	0.0000000000e+00	0.0000000000e+00	9.9986965415e-01	1.0000000000e+00	
2.6446394387e-04	1.0000087156e+00	1.0000080375e+00	0.0000000000e+00	0.0000000000e+00	9.9981700185e-01	1.0000000000e+00	
3.3294037944e-04	1.0000127015e+00	1.0000116268e+00	0.0000000000e+00	0.0000000000e+00	9.9973360676e-01	1.0000000000e+00	
4.1914710429e-04	1.0000190125e+00	1.0000173090e+00	0.0000000000e+00	0.0000000000e+00	9.9960156787e-01	1.0000000000e+00	
5.2767494087e-04	1.0000289990e+00	1.0000262987e+00	0.0000000000e+00	0.0000000000e+00	9.9939263499e-01	1.0000000000e+00	
6.6430339223e-04	1.0000447874e+00	1.0000405064e+00	0.0000000000e+00	0.0000000000e+00	9.9906233716e-01	1.0000000000e+00	
8.3630842162e-04	1.0000697118e+00	1.0000629237e+00	0.0000000000e+00	0.0000000000e+00	9.9854094815e-01	1.0000000000e+00	
1.0528499241e-03	1.0001089690e+00	1.0000982023e+00	0.0000000000e+00	0.0000000000e+00	9.9771983833e-01	1.0000000000e+00	
1.3254595242e-03	1.0001705769e+00	1.0001534927e+00	0.0000000000e+00	0.0000000000e+00	9.9643148772e-01	1.0000000000e+00	
1.6686546773e-03	1.0002667101e+00	1.0002395828e+00	0.0000000000e+00	0.0000000000e+00	9.9442177686e-01	1.0000000000e+00	
2.1007117768e-03	1.0004153761e+00	1.0003722578e+00	0.0000000000e+00	0.0000000000e+00	9.9131541324e-01	1.0000000000e+00	
2.6446394387e-03	1.0006420828e+00	1.0005734266e+00	0.0000000000e+00	0.0000000000e+00	9.8658233777e-01	1.0000000000e+00	
3.3294037944e-03	1.0009804322e+00	1.0008708784e+00	0.0000000000e+00	0.0000000000e+00	9.7952795800e-01	1.0000000000e+00	
4.1914710429e-03	1.0014693366e+00	1.0012939898e+00	0.0000000000e+00	0.0000000000e+00	9.6935750292e-01	1.0000000000e+00	
5.2767494087e-03	1.0021441472e+00	1.0018623950e+00	0.0000000000e+00	0.0000000000e+00	9.5537306180e-01	1.0000000000e+00	
6.6430339223e-03	1.0030243686e+00	1.0025696891e+00	0.0000000000e+00	0.0000000000e+00	9.3724852573e-01	1.0000000000e+00	
8.3630842162e-03	1.0041204034e+00	1.0033841362e+00	0.0000000000e+00	0.0000000000e+00	9.1490682130e-01	1.0000000000e+00	
1.0528499241e-02	1.0054933323e+00	1.0042995521e+00	0.0000000000e+00	0.0000000000e+00	8.8727925603e-01	1.0000000000e+00	
1.3254595242e-02	1.0072913199e+00	1.0053588982e+00	0.0000000000e+00	0.0000000000e+00	8.5157524118e-01	1.0000000000e+00	
1.6686546773e-02	1.0095911308e+00	1.0064823808e+00	0.0000000000e+00	0.0000000000e+00	8.0669799203e-01	1.0000000000e+00	
2.1007117551e-02	1.0124022073e+00	1.0074843871e+00	0.0000000000e+00	0.0000000000e+00	7.5311384465e-01	1.0000000000e+00	
2.6446239555e-02	1.0157605294e+00	1.0082707688e+00	0.0000000000e+00	0.0000000000e+00	6.9050281432e-01	1.0000000000e+00	
3.3273743748e-02	1.0196055395e+00	1.0090957924e+00	0.0000000000e+00	0.0000000000e+00	6.1907579707e-01	1.0000000000e+00	
4.1271830785e-02	1.0233377319e+00	1.0109331408e+00	0.0000000000e+00	0.0000000000e+00	5.4619950826e-01	1.0000000000e+00	
4.7925021188e-02	1.0256930642e+00	1.0137522776e+00	0.0000000000e+00	0.0000000000e+00	4.9453231244e-01	1.0000000000e+00	
5.2767007927e-02	1.0270605983e+00	1.0164310672e+00	0.0000000000e+00	0.0000000000e+00	4.6097010483e-01	1.0000000000e+00	
5.6774330373e-02	1.0280509187e+00	1.0187990370e+00	0.0000000000e+00	0.0000000000e+00	4.3520143891e-01	1.0000000000e+00	
6.0359120195e-02	1.0288724304e+00	1.0208363343e+00	0.0000000000e+00	0.0000000000e+00	4.1357570668e-01	1.0000000000e+00	
6.3706246053e-02	1.0296090058e+00	1.0225333971e+00	0.0000000000e+00	0.0000000000e+00	3.9462910208e-01	1.0000000000e+00	
6.6914030285e-02	1.0303020845e+00	1.0238875558e+00	0.0000000000e+00	0.0000000000e+00	3.7763135830e-01	1.0000000000e+00	
7.0041631710e-02	1.0309761288e+00	1.0249049499e+00	0.0000000000e+00	0.0000000000e+00	3.6212500764e-01	1.0000000000e+00	
7.3128010768e-02	1.0316473703e+00	1.0256013509e+00	0.0000000000e+00	0.0000000000e+00	3.4776649076e-01	1.0000000000e+00	
7.6200682074e-02	1.0323266039e+00	1.0260025692e+00	0.0000000000e+00	0.0000000000e+00	3.3427492645e-01	1.0000000000e+00	
7.9280208556e-02	1.0330193202e+00	1.0261445768e+00	0.0000000000e+00	0.0000000000e+00	3.2142931770e-01	1.0000000000e+00	
8.2382704686e-02	1.0337250233e+00	1.0260741413e+00	0.0000000000e+00	0.0000000000e+00	3.0907856580e-01	1.0000000000e+00	
8.5521322537e-02	1.0344366790e+00	1.0258498415e+00	0.0000000000e+00	0.0000000000e+00	2.9714783335e-01	1.0000000000e+00	
8.8707180226e-02	1.0351412000e+00	1.0255430576e+00	0.0000000000e+00	0.0000000000e+00	2.8562650559e-01	1.0000000000e+00	
9.1949966650e-02	1.0358211469e+00	1.0252376532e+00	0.0000000000e+00	0.0000000000e+00	2.7453892968e-01	1.0000000000e+00	
9.5258349117e-02	1.0364576238e+00	1.0250265048e+00	0.0000000000e+00	0.0000000000e+00	2.6390461002e-01	1.0000000000e+00	
9.8640256031e-02	1.0370337378e+00	1.0250029183e+00	0.0000000000e+00	0.0000000000e+00	2.5370584886e-01	1.0000000000e+00	
1.0210307755e-01	1.0375378472e+00	1.0252465397e+00	0.0000000000e+00	0.0000000000e+00	2.4387796861e-01	1.0000000000e+00	
1.0565381075e-01	1.0379657459e+00	1.0258056891e+00	0.0000000000e+00	0.0000000000e+00	2.3433075878e-01	1.0000000000e+00	
1.0929916614e-01	1.0383213723e+00	1.0266811663e+00	0.0000000000e+00	0.0000000000e+00	2.2499121014e-01	1.0000000000e+00	
1.1304564679e-01	1.0386161895e+00	1.0278180564e+00	0.0000000000e+00	0.0000000000e+00	2.1584260563e-01	1.0000000000e+00	
1.1689960745e-01	1.0388679271e+00	1.0291103605e+00	0.0000000000e+00	0.0000000000e+00	2.0693112808e-01	1.0000000000e+00	
1.2086729890e-01	1.0390992954e+00	1.0304186734e+00	0.0000000000e+00	0.0000000000e+00	1.9832834159e-01	1.0000000000e+00	
1.2495490132e-01	1.0393365118e+00	1.0315957649e+00	0.0000000000e+00	0.0000000000e+00	1.9006999804e-01	1.0000000000e+00	
1.2916854939e-01	1.0396065440e+00	1.0325123276e+00	0.0000000000e+00	0.0000000000e+00	1.8211716601e-01	1.0000000000e+00	
1.3351435117e-01	1.0399320040e+00	1.0330769345e+00	0.0000000000e+00	0.0000000000e+00	1.7437907390e-01	1.0000000000e+00	
1.3799840245e-01	1.0403243561e+00	1.0332492663e+00	0.0000000000e+00	0.0000000000e+00	1.6678906213e-01	1.0000000000e+00	
1.4262679799e-01	1.0407784217e+00	1.0330500051e+00	0.0000000000e+00	0.0000000000e+00	1.5936879807e-01	1.0000000000e+00	
1.4740564070e-01	1.0412716835e+00	1.0325698994e+00	0.0000000000e+00	0.0000000000e+00	1.5220968170e-01	1.0000000000e+00	
1.5234104995e-01	1.0417692442e+00	1.0319728237e+00	0.0000000000e+00	0.0000000000e+00	1.4537390995e-01	1.0000000000e+00	
1.5743916990e-01	1.0422316156e+00	1.0314782390e+00	0.0000000000e+00	0.0000000000e+00	1.3881548098e-01	1.0000000000e+00	
1.6270617880e-01	1.0426221791e+00	1.0313091461e+00	0.0000000000e+00	0.0000000000e+00	1.3242508632e-01	1.0000000000e+00	
1.6814830022e-01	1.0429149652e+00	1.0316119249e+00	0.0000000000e+00	0.0000000000e+00	1.2616546187e-01	1.0000000000e+00	
1.7377181691e-01	1.0431052422e+00	1.0323853176e+00	0.0000000000e+00	0.0000000000e+00	1.2012533133e-01	1.0000000000e+00	
1.7958308842e-01	1.0432193470e+00	1.0334656324e+00	0.0000000000e+00	0.0000000000e+00	1.1439461705e-01	1.0000000000e+00	
1.8558857308e-01	1.0433120617e+00	1.0345824509e+00	0.0000000000e+00	0.0000000000e+00	1.0892071333e-01	1.0000000000e+00	
1.9179485536e-01	1.0434445778e+00	1.0354526456e+00	0.0000000000e+00	0.0000000000e+00	1.0358012173e-01	1.0000000000e+00	
1.9820867937e-01	1.0436556233e+00	1.0358716589e+00	0.0000000000e+00	0.0000000000e+00	9.8381436881e-02	1.0000000000e+00	
2.0483698945e-01	1.0439485169e+00	1.0357852349e+00	0.0000000000e+00	0.0000000000e+00	9.3451001967e-02	1.0000000000e+00	
2.1168697869e-01	1.0442972203e+00	1.0353286805e+00	0.0000000000e+00	0.0000000000e+00	8.8790650245e-02	1.0000000000e+00	
2.1876614634e-01	1.0446526533e+00	1.0347989887e+00	0.0000000000e+00	0.0000000000e+00	8.4260360933e-02	1.0000000000e+00	
2.2608236520e-01	1.0449496910e+00	1.0345364159e+00	0.0000000000e+00	0.0000000000e+00	7.9858429604e-02	1.0000000000e+00	
2.3364396024e-01	1.0451397611e+00	1.0347549628e+00	0.0000000000e+00	0.0000000000e+00	7.5719616107e-02	1.0000000000e+00	
2.4145979978e-01	1.0452330262e+00	1.0354155577e+00	0.0000000000e+00	0.0000000000e+00	7.1796219256e-02	1.0000000000e+00	
2.4953940100e-01	1.0452919311e+00	1.0362305218e+00	0.0000000000e+00	0.0000000000e+00	6.7957943731e-02	1.0000000000e+00	
2.5789305206e-01	1.0453826832e+00	1.0368247620e+00	0.0000000000e+00	0.0000000000e+00	6.4306325457e-02	1.0000000000e+00	
2.6653195332e-01	1.0455460386e+00	1.0369703851e+00	0.0000000000e+00	0.0000000000e+00	6.0893578972e-02	1.0000000000e+00	
2.7546838143e-01	1.0457794018e+00	1.0367261609e+00	0.0000000000e+00	0.0000000000e+00	5.7565019549e-02	1.0000000000e+00	
2.8471588058e-01	1.0460219318e+00	1.0363902941e+00	0.0000000000e+00	0.0000000000e+00	5.4386324174e-02	1.0000000000e+00	
2.9428948674e-01	1.0462027097e+00	1.0363128384e+00	0.0000000000e+00	0.0000000000e+00	5.1425664819e-02	1.0000000000e+00	
3.0420599271e-01	1.0463034384e+00	1.0366344955e+00	0.0000000000e+00	0.0000000000e+00	4.8528296280e-02	1.0000000000e+00	
3.1448426354e-01	1.0463579377e+00	1.0371486956e+00	0.0000000000e+00	0.0000000000e+00	4.5797268706e-02	1.0000000000e+00	
3.2514561573e-01	1.0464343431e+00	1.0375034211e+00	0.0000000000e+00	0.0000000000e+00	4.3220796213e-02	1.0000000000e+00	
3.3621427740e-01	1.0465719190e+00	1.0375216018e+00	0.0000000000e+00	0.0000000000e+00	4.0703891863e-02	1.0000000000e+00	
3.4771795266e-01	1.0467361760e+00	1.0373448906e+00	0.0000000000e+00	0.0000000000e+00	3.8377470801e-02	1.0000000000e+00	
3.5968852159e-01	1.0468729084e+00	1.0372982133e+00	0.0000000000e+00	0.0000000000e+00	3.6097436699e-02	1.0000000000e+00	
3.7216291878e-01	1.0469499963e+00	1.0375175310e+00	0.0000000000e+00	0.0000000000e+00	3.3971894534e-02	1.0000000000e+00	
3.8518424976e-01	1.0470081162e+00	1.0378170947e+00	0.0000000000e+00	0.0000000000e+00	3.1910342778e-02	1.0000000000e+00	
3.9880322888e-01	1.0470947620e+00	1.0379320128e+00	0.0000000000e+00	0.0000000000e+00	2.9971317302e-02	1.0000000000e+00	
4.1308005805e-01	1.0472108870e+00	1.0378757038e+00	0.0000000000e+00	0.0000000000e+00	2.8091915809e-02	1.0000000000e+00	
4.2808691991e-01	1.0473076286e+00	1.0378861177e+00	0.0000000000e+00	0.0000000000e+00	2.6330167434e-02	1.0000000000e+00	
4.4391134340e-01	1.0473718647e+00	1.0380558565e+00	0.0000000000e+00	0.0000000000e+00	2.4603499668e-02	1.0000000000e+00	
4.6066083342e-01	1.0474355129e+00	1.0381954535e+00	0.0000000000e+00	0.0000000000e+00	2.2990408849e-02	1.0000000000e+00	
4.7846937497e-01	1.0475211810e+00	1.0382078901e+00	0.0000000000e+00	0.0000000000e+00	2.1419325899e-02	1.0000000000e+00	
4.9750678995e-01	1.0475986673e+00	1.0382476632e+00	0.0000000000e+00	0.0000000000e+00	1.9900732753e-02	1.0000000000e+00	
5.1799256544e-01	1.0476570401e+00	1.0383652685e+00	0.0000000000e+00	0.0000000000e+00	1.8456984176e-02	1.0000000000e+00	
5.4021693207e-01	1.0477240450e+00	1.0384243997e+00	0.0000000000e+00	0.0000000000e+00	1.7059200268e-02	1.0000000000e+00	
5.6457416227e-01	1.0477922636e+00	1.0384676194e+00	0.0000000000e+00	0.0000000000e+00	1.5694181623e-02	1.0000000000e+00	
5.9161741183e-01	1.0478509484e+00	1.0385519307e+00	0.0000000000e+00	0.0000000000e+00	1.4358733640e-02	1.0000000000e+00	
6.2215357462e-01	1.0479152467e+00	1.0386015954e+00	0.0000000000e+00	0.0000000000e+00	1.3041621086e-02	1.0000000000e+00	
6.5741709418e-01	1.0479757375e+00	1.0386709404e+00	0.0000000000e+00	0.0000000000e+00	1.1725135426e-02	1.0000000000e+00	
6.9941077897e-01	1.0480379597e+00	1.0387285499e+00	0.0000000000e+00	0.0000000000e+00	1.0417893249e-02	1.0000000000e+00	
7.5162760946e-01	1.0481012437e+00	1.0387941128e+00	0.0000000000e+00	0.0000000000e+00	9.0645051452e-03	1.0000000000e+00	
8.2070208252e-01	1.0481683403e+00	1.0388620243e+00	0.0000000000e+00	0.0000000000e+00	7.6350562807e-03	1.0000000000e+00	
9.2030782609e-01	1.0482399356e+00	1.0389346561e+00	0.0000000000e+00	0.0000000000e+00	6.1091964391e-03	1.0000000000e+00	
1.0782225566e+00	1.0483163911e+00	1.0390123523e+00	0.0000000000e+00	0.0000000000e+00	4.4792953426e-03	1.0000000000e+00	
1.3287993634e+00	1.0483874233e+00	1.0390849284e+00	0.0000000000e+00	0.0000000000e+00	2.9636712054e-03	1.0000000000e+00	
1.6703883051e+00	1.0484379212e+00	1.0391369730e+00	0.0000000000e+00	0.0000000000e+00	1.8846557782e-03	1.0000000000e+00	
2.1028497582e+00	1.0484702788e+00	1.0391706618e+00	0.0000000000e+00	0.0000000000e+00	1.1920902401e-03	1.0000000000e+00	
2.6473308419e+00	1.0484907509e+00	1.0391922434e+00	0.0000000000e+00	0.0000000000e+00	7.5300089154e-04	1.0000000000e+00	
3.3327920702e+00	1.0485036407e+00	1.0392059592e+00	0.0000000000e+00	0.0000000000e+00	4.7610339650e-04	1.0000000000e+00	
4.1957366294e+00	1.0485118192e+00	1.0392146113e+00	0.0000000000e+00	0.0000000000e+00	3.0058617568e-04	1.0000000000e+00	
5.2821194640e+00	1.0485170416e+00	1.0392198292e+00	0.0000000000e+00	0.0000000000e+00	1.8955845948e-04	1.0000000000e+00	
6.6497944213e+00	1.0485204394e+00	1.0392225408e+00	0.0000000000e+00	0.0000000000e+00	1.1965893725e-04	1.0000000000e+00	
8.3715951802e+00	1.0485227894e+00	1.0392231916e+00	0.0000000000e+00	0.0000000000e+00	7.5502917849e-05	1.0000000000e+00	
1.0539213910e+01	1.0485246195e+00	1.0392217764e+00	0.0000000000e+00	0.0000000000e+00	4.7688302503e-05	1.0000000000e+00	
1.3268084211e+01	1.0485263561e+00	1.0392178698e+00	0.0000000000e+00	0.0000000000e+00	3.0063681731e-05	1.0000000000e+00	
1.6703528379e+01	1.0485283892e+00	1.0392105065e+00	0.0000000000e+00	0.0000000000e+00	1.8971583382e-05	1.0000000000e+00	
2.1028496343e+01	1.0485311796e+00	1.0391979945e+00	0.0000000000e+00	0.0000000000e+00	1.1974942019e-05	1.0000000000e+00	
2.6473308418e+01	1.0485353478e+00	1.0391775404e+00	0.0000000000e+00	0.0000000000e+00	7.5570162663e-06	1.0000000000e+00	
3.3327920702e+01	1.0485418083e+00	1.0391446518e+00	0.0000000000e+00	0.0000000000e+00	4.7679732875e-06	1.0000000000e+00	
