1.0528499241e-05	4.8737613165e-03
1.3254595242e-05	6.0821041923e-03
1.6686546774e-05	7.5900243242e-03
2.1007117768e-05	9.4717895883e-03
2.6446394387e-05	1.1820075743e-02
3.3294037944e-05	1.4750523426e-02
4.1914710429e-05	1.8407420892e-02
5.2767494087e-05	2.2970785599e-02
6.6430339223e-05	2.8665176032e-02
8.3630842162e-05	3.5770649581e-02
1.0528499241e-04	4.4636351636e-02
1.3254595242e-04	5.5697309366e-02
1.6686546773e-04	6.9495075560e-02
2.1007117768e-04	8.6702884565e-02
2.6446394387e-04	1.0815591467e-01
3.3294037944e-04	1.3488699801e-01
4.1914710429e-04	1.6816760798e-01
5.2767494087e-04	2.0955314824e-01
6.6430339223e-04	2.6093044868e-01
8.3630842162e-04	3.2456331103e-01
1.0528499241e-03	4.0312629077e-01
1.3254595242e-03	4.9970409388e-01
1.6686546773e-03	6.1772299335e-01
2.1007117768e-03	7.6077061574e-01
2.6446394387e-03	9.3222292614e-01
3.3294037944e-03	1.1346327017e+00
4.1914710429e-03	1.3687334658e+00
5.2767494087e-03	1.6317922238e+00
6.6430339223e-03	1.9147328728e+00
8.3630842162e-03	2.1976375648e+00
1.0528499241e-02	2.4467313476e+00
1.3254595242e-02	2.6206964142e+00
1.6686546773e-02	2.6794880754e+00
2.1007117551e-02	2.5827549343e+00
2.6446239555e-02	2.3146800530e+00
3.3273743748e-02	1.9248809251e+00
4.1271830785e-02	1.5493348663e+00
4.7925021188e-02	1.3414346846e+00
5.2767007927e-02	1.2397168616e+00
5.6774330373e-02	1.1763699256e+00
6.0359120195e-02	1.1285517547e+00
6.3706246053e-02	1.0866851292e+00
6.6914030285e-02	1.0459440065e+00
7.0041631710e-02	1.0037723290e+00
7.3128010768e-02	9.5896731915e-01
7.6200682074e-02	9.1127058500e-01
7.9280208556e-02	8.6112145565e-01
8.2382704686e-02	8.0948454396e-01
8.5521322537e-02	7.5766445170e-01
8.8707180226e-02	7.0712819724e-01
9.1949966650e-02	6.5933674162e-01
9.5258349117e-02	6.1557577836e-01
9.8640256031e-02	5.7682057123e-01
1.0210307755e-01	5.4363913353e-01
1.0565381075e-01	5.1612478651e-01
1.0929916614e-01	4.9388497551e-01
1.1304564679e-01	4.7605001232e-01
1.1689960745e-01	4.6133571900e-01
1.2086729890e-01	4.4816106716e-01
1.2495490132e-01	4.3483198331e-01
1.2916854939e-01	4.1981208205e-01
1.3351435117e-01	4.0201977092e-01
1.3799840245e-01	3.8109539404e-01
1.4262679799e-01	3.5751959068e-01
1.4740564070e-01	3.3253019371e-01
1.5234104995e-01	3.0782745703e-01
1.5743916990e-01	2.8514704370e-01
1.6270617880e-01	2.6582675559e-01
1.6814830022e-01	2.5047160110e-01
1.7377181691e-01	2.3880608055e-01
1.7958308842e-01	2.2973935678e-01
1.8558857308e-01	2.2171590918e-01
1.9179485536e-01	2.1299750153e-01
1.9820867937e-01	2.0234997611e-01
2.0483698945e-01	1.8965695830e-01
2.1168697869e-01	1.7585521789e-01
2.1876614634e-01	1.6244954901e-01
2.2608236520e-01	1.5080778982e-01
2.3364396024e-01	1.4158343393e-01
2.4145979978e-01	1.3448448774e-01
2.4953940100e-01	1.2844979086e-01
2.5789305206e-01	1.2219958645e-01
2.6653195332e-01	1.1495729954e-01
2.7546838143e-01	1.0690656853e-01
2.8471588058e-01	9.8988986913e-02
2.9428948674e-01	9.2149502518e-02
3.0420599271e-01	8.6642912852e-02
3.1448426354e-01	8.1935488858e-02
3.2514561573e-01	7.7221963038e-02
3.3621427740e-01	7.2112682310e-02
3.4771795266e-01	6.6905791486e-02
3.5968852159e-01	6.2181782911e-02
3.7216291878e-01	5.8153140793e-02
3.8518424976e-01	5.4485227469e-02
3.9880322888e-01	5.0780190012e-02
4.1308005805e-01	4.7055332300e-02
4.2808691991e-01	4.3588944704e-02
4.4391134340e-01	4.0469744630e-02
4.6066083342e-01	3.7508594712e-02
4.7846937497e-01	3.4570008782e-02
4.9750678995e-01	3.1778065153e-02
5.1799256544e-01	2.9187081115e-02
5.4021693207e-01	2.6661978790e-02
5.6457416227e-01	2.4220123395e-02
5.9161741183e-01	2.1885775043e-02
6.2215357462e-01	1.9594941777e-02
6.5741709418e-01	1.7354872907e-02
6.9941077897e-01	1.5124210943e-02
7.5162760946e-01	1.2874975658e-02
8.2070208252e-01	1.0558433339e-02
9.2030782609e-01	8.1314746844e-03
1.0782225566e+00	5.6403484739e-03
1.3287993634e+00	3.4535380301e-03
1.6703883051e+00	1.9996850377e-03
2.1028497582e+00	1.1436073239e-03
2.6473308419e+00	6.4872202852e-04
3.3327920702e+00	3.6530583415e-04
4.1957366294e+00	2.0434410229e-04
5.2821194640e+00	1.1361391931e-04
6.6497944213e+00	6.2818334685e-05
8.3715951802e+00	3.4556502508e-05
1.0539213910e+01	1.8920568458e-05
1.3268084211e+01	1.0314468287e-05
1.6703528379e+01	5.6001704574e-06
2.1028496343e+01	3.0289009451e-06
2.6473308418e+01	1.6322236787e-06
3.3327920702e+01	8.7642321855e-07
