1.0528499241e-05	6.7781930300e-01
1.0773739492e-05	6.9299947549e-01
1.1024692123e-05	7.0851947766e-01
1.1281490192e-05	7.2438738385e-01
1.1544269856e-05	7.4061033272e-01
1.1813170444e-05	7.5719681266e-01
1.2088334532e-05	7.7415457691e-01
1.2369908015e-05	7.9149226613e-01
1.2658040187e-05	8.0921810584e-01
1.2952883819e-05	8.2734099824e-01
1.3254595242e-05	8.4586970015e-01
1.3563334427e-05	8.6481338089e-01
1.3879265071e-05	8.8418151696e-01
1.4202554685e-05	9.0398317122e-01
1.4533374682e-05	9.2422820537e-01
1.4871900466e-05	9.4492675316e-01
1.5218311529e-05	9.6608878230e-01
1.5572791542e-05	9.8772481646e-01
1.5935528455e-05	1.0098453007e+00
1.6306714596e-05	1.0324612321e+00
1.6686546774e-05	1.0555837116e+00
1.7075226379e-05	1.0792238974e+00
1.7472959495e-05	1.1033936177e+00
1.7879957006e-05	1.1281045649e+00
1.8296434706e-05	1.1533688486e+00
1.8722613418e-05	1.1791990214e+00
1.9158719108e-05	1.2056075694e+00
1.9604983005e-05	1.2326075798e+00
2.0061641722e-05	1.2602122248e+00
2.0528937388e-05	1.2884350752e+00
2.1007117768e-05	1.3172900019e+00
2.1496436400e-05	1.3467910816e+00
2.1997152727e-05	1.3769527887e+00
2.2509532236e-05	1.4077899441e+00
2.3033846597e-05	1.4393177900e+00
2.3570373808e-05	1.4715515628e+00
2.4119398343e-05	1.5045072279e+00
2.4681211302e-05	1.5382009305e+00
2.5256110567e-05	1.5726491238e+00
2.5844400955e-05	1.6078687773e+00
2.6446394387e-05	1.6438771589e+00
2.7062410047e-05	1.6806918424e+00
2.7692774556e-05	1.7183310320e+00
2.8337822140e-05	1.7568130226e+00
2.8997894812e-05	1.7961567879e+00
2.9673342552e-05	1.8363815640e+00
3.0364523491e-05	1.8775071412e+00
3.1071804102e-05	1.9195536573e+00
3.1795559395e-05	1.9625417482e+00
3.2536173115e-05	2.0064924362e+00
3.3294037944e-05	2.0514273134e+00
3.4069555713e-05	2.0973683896e+00
3.4863137611e-05	2.1443382350e+00
3.5675204406e-05	2.1923598358e+00
3.6506186667e-05	2.2414567550e+00
3.7356524992e-05	2.2916530514e+00
3.8226670240e-05	2.3429733703e+00
3.9117083775e-05	2.3954427977e+00
4.0028237705e-05	2.4490871416e+00
4.0960615137e-05	2.5039326099e+00
4.1914710429e-05	2.5600061662e+00
4.2891029456e-05	2.6173352681e+00
4.3890089874e-05	2.6759480264e+00
4.4912421398e-05	2.7358731647e+00
4.5958566083e-05	2.7971400434e+00
4.7029078608e-05	2.8597786850e+00
4.8124526573e-05	2.9238198088e+00
4.9245490799e-05	2.9892947874e+00
5.0392565636e-05	3.0562356895e+00
5.1566359279e-05	3.1246753478e+00
5.2767494087e-05	3.1946472671e+00
5.3996606920e-05	3.2661857501e+00
5.5254349468e-05	3.3393258290e+00
5.6541388603e-05	3.4141033580e+00
5.7858406732e-05	3.4905549245e+00
5.9206102153e-05	3.5687180171e+00
6.0585189434e-05	3.6486309165e+00
6.1996399783e-05	3.7303327525e+00
6.3440481445e-05	3.8138634764e+00
6.4918200089e-05	3.8992640876e+00
6.6430339223e-05	3.9865763539e+00
6.7977700602e-05	4.0758430117e+00
6.9561104657e-05	4.1671077830e+00
7.1181390931e-05	4.2604153395e+00
7.2839418520e-05	4.3558113253e+00
7.4536066534e-05	4.4533424538e+00
7.6272234556e-05	4.5530564097e+00
7.8048843127e-05	4.6550020325e+00
7.9866834227e-05	4.7592291559e+00
8.1727171781e-05	4.8657887861e+00
8.3630842162e-05	4.9747330230e+00
8.5578854723e-05	5.0861151387e+00
8.7572242325e-05	5.1999895889e+00
8.9612061890e-05	5.3164120472e+00
9.1699394956e-05	5.4354394187e+00
9.3835348255e-05	5.5571298659e+00
9.6021054297e-05	5.6815428537e+00
9.8257671974e-05	5.8087391481e+00
1.0054638717e-04	5.9387808629e+00
1.0288841339e-04	6.0717315377e+00
1.0528499241e-04	6.2076560429e+00
1.0773739492e-04	6.3466207279e+00
1.1024692123e-04	6.4886934137e+00
1.1281490192e-04	6.6339433950e+00
1.1544269856e-04	6.7824415329e+00
1.1813170444e-04	6.9342602185e+00
1.2088334532e-04	7.0894734555e+00
1.2369908015e-04	7.2481569050e+00
1.2658040187e-04	7.4103878333e+00
1.2952883819e-04	7.5762452741e+00
1.3254595242e-04	7.7458099629e+00
1.3563334427e-04	7.9191644228e+00
1.3879265071e-04	8.0963929833e+00
1.4202554685e-04	8.2775818448e+00
1.4533374682e-04	8.4628190505e+00
1.4871900466e-04	8.6521946181e+00
1.5218311529e-04	8.8458005345e+00
1.5572791542e-04	9.0437307545e+00
1.5935528455e-04	9.2460813548e+00
1.6306714596e-04	9.4529504536e+00
1.6686546773e-04	9.6644382962e+00
1.7075226379e-04	9.8806473672e+00
1.7472959495e-04	1.0101682323e+01
1.7879957006e-04	1.0327650132e+01
1.8296434706e-04	1.0558660056e+01
1.8722613418e-04	1.0794823714e+01
1.9158719108e-04	1.1036255168e+01
1.9604983005e-04	1.1283070927e+01
2.0061641722e-04	1.1535389971e+01
2.0528937388e-04	1.1793333911e+01
2.1007117768e-04	1.2057026905e+01
2.1496436400e-04	1.2326595800e+01
2.1997152727e-04	1.2602170143e+01
2.2509532236e-04	1.2883882243e+01
2.3033846597e-04	1.3171867256e+01
2.3570373808e-04	1.3466263133e+01
2.4119398343e-04	1.3767210820e+01
2.4681211302e-04	1.4074854174e+01
2.5256110567e-04	1.4389340239e+01
2.5844400955e-04	1.4710818880e+01
2.6446394387e-04	1.5039443386e+01
2.7062410047e-04	1.5375370068e+01
2.7692774556e-04	1.5718758559e+01
2.8337822140e-04	1.6069771780e+01
2.8997894812e-04	1.6428576044e+01
2.9673342552e-04	1.6795341127e+01
3.0364523491e-04	1.7170240207e+01
3.1071804102e-04	1.7553450094e+01
3.1795559395e-04	1.7945151188e+01
3.2536173115e-04	1.8345527491e+01
3.3294037944e-04	1.8754766855e+01
3.4069555713e-04	1.9173060803e+01
3.4863137611e-04	1.9600604748e+01
3.5675204406e-04	2.0037598028e+01
3.6506186667e-04	2.0484243861e+01
3.7356524992e-04	2.0940749586e+01
3.8226670240e-04	2.1407326559e+01
3.9117083775e-04	2.1884190241e+01
4.0028237705e-04	2.2371560376e+01
4.0960615137e-04	2.2869660964e+01
4.1914710429e-04	2.3378720225e+01
4.2891029456e-04	2.3898970749e+01
4.3890089874e-04	2.4430649653e+01
4.4912421398e-04	2.4973998324e+01
4.5958566083e-04	2.5529262941e+01
4.7029078608e-04	2.6096694048e+01
4.8124526573e-04	2.6676546858e+01
4.9245490799e-04	2.7269081316e+01
5.0392565636e-04	2.7874562063e+01
5.1566359279e-04	2.8493258493e+01
5.2767494087e-04	2.9125444710e+01
5.3996606920e-04	2.9771400033e+01
5.5254349468e-04	3.0431408047e+01
5.6541388603e-04	3.1105757838e+01
5.7858406732e-04	3.1794743273e+01
5.9206102153e-04	3.2498662981e+01
6.0585189434e-04	3.3217820979e+01
6.1996399783e-04	3.3952525834e+01
6.3440481445e-04	3.4703091532e+01
6.4918200089e-04	3.5469837128e+01
6.6430339223e-04	3.6253086484e+01
6.7977700602e-04	3.7053168709e+01
6.9561104657e-04	3.7870418008e+01
7.1181390931e-04	3.8705173192e+01
7.2839418520e-04	3.9557779138e+01
7.4536066534e-04	4.0428584192e+01
7.6272234556e-04	4.1317943092e+01
7.8048843127e-04	4.2226214265e+01
7.9866834227e-04	4.3153762867e+01
8.1727171781e-04	4.4100955546e+01
8.3630842162e-04	4.5068167517e+01
8.5578854723e-04	4.6055775965e+01
8.7572242325e-04	4.7064163222e+01
8.9612061890e-04	4.8093715805e+01
9.1699394956e-04	4.9144825478e+01
9.3835348255e-04	5.0217885539e+01
9.6021054297e-04	5.1313297705e+01
9.8257671974e-04	5.2431461130e+01
1.0054638717e-03	5.3572784564e+01
1.0288841339e-03	5.4737675413e+01
1.0528499241e-03	5.5926548247e+01
1.0773739492e-03	5.7139814431e+01
1.1024692123e-03	5.8377894104e+01
1.1281490192e-03	5.9641205981e+01
1.1544269856e-03	6.0930170975e+01
1.1813170444e-03	6.2245211248e+01
1.2088334532e-03	6.3586751110e+01
1.2369908015e-03	6.4955213742e+01
1.2658040187e-03	6.6351023896e+01
1.2952883819e-03	6.7774604806e+01
1.3254595242e-03	6.9226380197e+01
1.3563334427e-03	7.0706770477e+01
1.3879265071e-03	7.2216195637e+01
1.4202554685e-03	7.3755072481e+01
1.4533374682e-03	7.5323814669e+01
1.4871900466e-03	7.6922831994e+01
1.5218311529e-03	7.8552529466e+01
1.5572791542e-03	8.0213305492e+01
1.5935528455e-03	8.1905553545e+01
1.6306714596e-03	8.3629659809e+01
1.6686546773e-03	8.5386001134e+01
1.7075226379e-03	8.7174945773e+01
1.7472959495e-03	8.8996852036e+01
1.7879957006e-03	9.0852066587e+01
1.8296434706e-03	9.2740924030e+01
1.8722613418e-03	9.4663742625e+01
1.9158719108e-03	9.6620830361e+01
1.9604983005e-03	9.8612474358e+01
2.0061641722e-03	1.0063894538e+02
2.0528937388e-03	1.0270049771e+02
2.1007117768e-03	1.0479736324e+02
2.1496436400e-03	1.0692975093e+02
2.1997152727e-03	1.0909782153e+02
2.2509532236e-03	1.1130169494e+02
2.3033846597e-03	1.1354157239e+02
2.3570373808e-03	1.1581756060e+02
2.4119398343e-03	1.1812973389e+02
2.4681211302e-03	1.2047814067e+02
2.5256110567e-03	1.2286279030e+02
2.5844400955e-03	1.2528365565e+02
2.6446394387e-03	1.2774068135e+02
2.7062410047e-03	1.3023377019e+02
2.7692774556e-03	1.3276277128e+02
2.8337822140e-03	1.3532751176e+02
2.8997894812e-03	1.3792775889e+02
2.9673342552e-03	1.4056323634e+02
3.0364523491e-03	1.4323362833e+02
3.1071804102e-03	1.4593855995e+02
3.1795559395e-03	1.4867760285e+02
3.2536173115e-03	1.5145028944e+02
3.3294037944e-03	1.5425607018e+02
3.4069555713e-03	1.5709436691e+02
3.4863137611e-03	1.5996452253e+02
3.5675204406e-03	1.6286582715e+02
3.6506186667e-03	1.6579751234e+02
3.7356524992e-03	1.6875872785e+02
3.8226670240e-03	1.7174857583e+02
3.9117083775e-03	1.7476607702e+02
4.0028237705e-03	1.7781019915e+02
4.0960615137e-03	1.8087981551e+02
4.1914710429e-03	1.8397372576e+02
4.2891029456e-03	1.8709068445e+02
4.3890089874e-03	1.9022934268e+02
4.4912421398e-03	1.9338830448e+02
4.5958566083e-03	1.9656602592e+02
4.7029078608e-03	1.9976098086e+02
4.8124526573e-03	2.0297145531e+02
4.9245490799e-03	2.0619564887e+02
5.0392565636e-03	2.0943211024e+02
5.1566359279e-03	2.1267875062e+02
5.2767494087e-03	2.1593360128e+02
5.3996606920e-03	2.1919467421e+02
5.5254349468e-03	2.2245981837e+02
5.6541388603e-03	2.2572684009e+02
5.7858406732e-03	2.2899350243e+02
5.9206102153e-03	2.3225739838e+02
6.0585189434e-03	2.3551619465e+02
6.1996399783e-03	2.3876722437e+02
6.3440481445e-03	2.4200805065e+02
6.4918200089e-03	2.4523587696e+02
6.6430339223e-03	2.4844796401e+02
6.7977700602e-03	2.5164161859e+02
6.9561104657e-03	2.5481365530e+02
7.1181390931e-03	2.5796132797e+02
7.2839418520e-03	2.6108142392e+02
7.4536066534e-03	2.6417090016e+02
7.6272234556e-03	2.6722646474e+02
7.8048843127e-03	2.7024485189e+02
7.9866834227e-03	2.7322286880e+02
8.1727171781e-03	2.7615700064e+02
8.3630842162e-03	2.7904382277e+02
8.5578854723e-03	2.8187980320e+02
8.7572242325e-03	2.8466139765e+02
8.9612061890e-03	2.8738493021e+02
9.1699394956e-03	2.9004670358e+02
9.3835348255e-03	2.9264296769e+02
9.6021054297e-03	2.9516986245e+02
9.8257671974e-03	2.9762362797e+02
1.0054638717e-02	3.0000020784e+02
1.0288841339e-02	3.0229574156e+02
1.0528499241e-02	3.0450615233e+02
1.0773739492e-02	3.0662723031e+02
1.1024692123e-02	3.0865494384e+02
1.1281490192e-02	3.1058479984e+02
1.1544269856e-02	3.1241246198e+02
1.1813170444e-02	3.1413343441e+02
1.2088334532e-02	3.1574282164e+02
1.2369908015e-02	3.1723626222e+02
1.2658040187e-02	3.1860853220e+02
1.2952883819e-02	3.1985469281e+02
1.3254595242e-02	3.2096994464e+02
1.3563334427e-02	3.2194897432e+02
1.3879265071e-02	3.2278647136e+02
1.4202554685e-02	3.2347701403e+02
1.4533374682e-02	3.2401538645e+02
1.4871900466e-02	3.2439629330e+02
1.5218311529e-02	3.2461440261e+02
1.5572791542e-02	3.2466524190e+02
1.5935528455e-02	3.2454403511e+02
1.6306714597e-02	3.2424558116e+02
1.6686546774e-02	3.2376557119e+02
1.7075226380e-02	3.2310022015e+02
1.7472959498e-02	3.2224614292e+02
1.7879957013e-02	3.2119977044e+02
1.8296434721e-02	3.1995857178e+02
1.8722613449e-02	3.1852028975e+02
1.9158719170e-02	3.1688315058e+02
1.9604983124e-02	3.1504580301e+02
2.0061641951e-02	3.1300738748e+02
2.0528937818e-02	3.1076872327e+02
2.1007118562e-02	3.0832877952e+02
2.1496437841e-02	3.0569002568e+02
2.1997155298e-02	3.0285346370e+02
2.2509536751e-02	2.9982242143e+02
2.3033854402e-02	2.9659948718e+02
2.3570387094e-02	2.9319077402e+02
2.4119420617e-02	2.8959978549e+02
2.4681248094e-02	2.8583471677e+02
2.5256170465e-02	2.8190197337e+02
2.5844497098e-02	2.7781050001e+02
2.6446546584e-02	2.7356931580e+02
2.7062647743e-02	2.6918888054e+02
2.7693140911e-02	2.6467951380e+02
2.8338379561e-02	2.6005302344e+02
2.8998732343e-02	2.5532122651e+02
2.9674585596e-02	2.5049757745e+02
3.0366346435e-02	2.4559534571e+02
3.1074446455e-02	2.4062768631e+02
3.1799346157e-02	2.3561086641e+02
3.2541540120e-02	2.3055869665e+02
3.3301562978e-02	2.2548614359e+02
3.4079996221e-02	2.2041057941e+02
3.4877475796e-02	2.1534668749e+02
3.5694700481e-02	2.1031141220e+02
3.6532440955e-02	2.0531860950e+02
3.7391549441e-02	2.0038706048e+02
3.8272969776e-02	1.9553110600e+02
3.9177747727e-02	1.9076492609e+02
4.0107041314e-02	1.8610385206e+02
4.1062130891e-02	1.8156119373e+02
4.2044428710e-02	1.7714897410e+02
4.3055487646e-02	1.7287973834e+02
4.4097008782e-02	1.6876219368e+02
4.5170847515e-02	1.6480399852e+02
4.6279017868e-02	1.6101249474e+02
4.7423694694e-02	1.5739077677e+02
4.8607213486e-02	1.5394087114e+02
4.9832067564e-02	1.5066185829e+02
5.1100902452e-02	1.4754994592e+02
5.2416507354e-02	1.4459625340e+02
5.3781803735e-02	1.4178931315e+02
5.5199831142e-02	1.3911004311e+02
5.6673730514e-02	1.3653477165e+02
5.8206725415e-02	1.3403171630e+02
5.9802101709e-02	1.3156344596e+02
6.1463186370e-02	1.2908568955e+02
6.3193326170e-02	1.2654867280e+02
6.4995867076e-02	1.2389710916e+02
6.6874135154e-02	1.2107509026e+02
6.8831419758e-02	1.1802728934e+02
7.0870959652e-02	1.1470447960e+02
7.2995932596e-02	1.1106926457e+02
7.5209448716e-02	1.0710161203e+02
7.7514547848e-02	1.0280378474e+02
7.9914200805e-02	9.8204984261e+01
8.2411314399e-02	9.3364143249e+01
8.5008739898e-02	8.8368798294e+01
8.7709284497e-02	8.3330244420e+01
9.0515725341e-02	7.8376419624e+01
9.3430825578e-02	7.3640459894e+01
9.6457351970e-02	6.9247211847e+01
9.9598093562e-02	6.5299911089e+01
1.0285588100e-01	6.1867738124e+01
1.0623360608e-01	5.8975614744e+01
1.0973424128e-01	5.6598552656e+01
1.1336085888e-01	5.4658950927e+01
1.1711664954e-01	5.3030913326e+01
1.2100494014e-01	5.1550668403e+01
1.2502921074e-01	5.0037205990e+01
1.2919311046e-01	4.8322052426e+01
1.3350047238e-01	4.6284628942e+01
1.3795532720e-01	4.3883827710e+01
1.4256191572e-01	4.1173914200e+01
1.4732470003e-01	3.8296482148e+01
1.5224837333e-01	3.5447524291e+01
1.5733786838e-01	3.2828584541e+01
1.6259836432e-01	3.0595847398e+01
1.6803529197e-01	2.8821304240e+01
1.7365433721e-01	2.7474768106e+01
1.7946144244e-01	2.6431237140e+01
1.8546280576e-01	2.5510814595e+01
1.9166487771e-01	2.4512571762e+01
1.9807435513e-01	2.3291735552e+01
2.0469817185e-01	2.1832869407e+01
2.1154348579e-01	2.0242880527e+01
2.1861766198e-01	1.8695843550e+01
2.2592825100e-01	1.7350947273e+01
2.3348296232e-01	1.6285575786e+01
2.4128963204e-01	1.5467533684e+01
2.4935618433e-01	1.4775102013e+01
2.5769058617e-01	1.4060301267e+01
2.6630079487e-01	1.3232274766e+01
2.7519469789e-01	1.2310389971e+01
2.8438004473e-01	1.1401826683e+01
2.9386437075e-01	1.0615728077e+01
3.0365491309e-01	9.9838849880e+00
3.1375851897e-01	9.4489423292e+00
3.2418154733e-01	8.9208821228e+00
3.3492976490e-01	8.3523403066e+00
3.4600823853e-01	7.7701903268e+00
3.5742122614e-01	7.2366358102e+00
3.6917206929e-01	6.7824997093e+00
3.8126309102e-01	6.3820410482e+00
3.9369550344e-01	5.9913296570e+00
4.0646933004e-01	5.5981999773e+00
4.1958334828e-01	5.2239809070e+00
4.3303505822e-01	4.8882104655e+00
4.4682068323e-01	4.5868191731e+00
4.6093520806e-01	4.3023499730e+00
4.7537245911e-01	4.0267202980e+00
4.9012523004e-01	3.7679587800e+00
5.0518545426e-01	3.5332997018e+00
5.2054442301e-01	3.3171047436e+00
5.3619304554e-01	3.1121445157e+00
5.5212214430e-01	2.9195066427e+00
5.6832277575e-01	2.7418113789e+00
5.8478656470e-01	2.5775399914e+00
6.0150603835e-01	2.4237927337e+00
6.1847494565e-01	2.2797810514e+00
6.3568854768e-01	2.1460663071e+00
6.5314386666e-01	2.0218259480e+00
6.7083988321e-01	1.9056442229e+00
6.8877767508e-01	1.7970133965e+00
7.0696049388e-01	1.6956903503e+00
7.2539378017e-01	1.6010180855e+00
7.4408512020e-01	1.5123046108e+00
7.6304415064e-01	1.4291760411e+00
7.8228241917e-01	1.3512433343e+00
8.0181321031e-01	1.2780587230e+00
8.2165134601e-01	1.2092385981e+00
8.4181297062e-01	1.1444880684e+00
8.6231532903e-01	1.0835052317e+00
8.8317654601e-01	1.0259965888e+00
9.0441541352e-01	9.7173043882e-01
9.2605119178e-01	9.2048435291e-01
9.4810342851e-01	8.7204832690e-01
9.7059179977e-01	8.2623657104e-01
9.9353597460e-01	7.8288189041e-01
1.0169555048e+00	7.4182895119e-01
1.0408697401e+00	7.0293646601e-01
1.0652977683e+00	6.6607579963e-01
1.0902583792e+00	6.3113081763e-01
1.1157700501e+00	5.9799421008e-01
1.1418509508e+00	5.6656943751e-01
1.1685189659e+00	5.3676398954e-01
1.1957917291e+00	5.0849329680e-01
1.2236866704e+00	4.8167563683e-01
1.2522210686e+00	4.5623495075e-01
1.2814121100e+00	4.3209953768e-01
1.3112769486e+00	4.0920246328e-01
1.3418327664e+00	3.8748353632e-01
1.3730968318e+00	3.6688278117e-01
1.4050865544e+00	3.4734621052e-01
1.4378195367e+00	3.2882066162e-01
1.4713136199e+00	3.1125451304e-01
1.5055869258e+00	2.9459875017e-01
1.5406578931e+00	2.7880883347e-01
1.5765453097e+00	2.6383926534e-01
1.6132683413e+00	2.4965086907e-01
1.6508465550e+00	2.3620433829e-01
1.6892999418e+00	2.2346296535e-01
1.7286489352e+00	2.1139046156e-01
1.7689144286e+00	1.9995167169e-01
1.8101177909e+00	1.8911519672e-01
1.8522808814e+00	1.7885069458e-01
1.8954260634e+00	1.6912951385e-01
1.9395762182e+00	1.5992298540e-01
1.9847547578e+00	1.5120503678e-01
2.0309856381e+00	1.4295048021e-01
2.0782933726e+00	1.3513505519e-01
2.1267030450e+00	1.2773620775e-01
2.1762403230e+00	1.2073337138e-01
2.2269314723e+00	1.1410547936e-01
2.2788033700e+00	1.0783263035e-01
2.3318835194e+00	1.0189675183e-01
2.3862000642e+00	9.6280345991e-02
2.4417818039e+00	9.0966545013e-02
2.4986582086e+00	8.5939373044e-02
2.5568594350e+00	8.1183936601e-02
2.6164163421e+00	7.6685567529e-02
2.6773605077e+00	7.2431873035e-02
2.7397242454e+00	6.8408744673e-02
2.8035406211e+00	6.4604582833e-02
2.8688434711e+00	6.1007445355e-02
2.9356674200e+00	5.7606480812e-02
3.0040478985e+00	5.4391405983e-02
3.0740211630e+00	5.1351907302e-02
3.1456243142e+00	4.8479489418e-02
3.2188953171e+00	4.5764341691e-02
3.2938730209e+00	4.3198305388e-02
3.3705971797e+00	4.0773470155e-02
3.4491084738e+00	3.8482254189e-02
3.5294485309e+00	3.6317220970e-02
3.6116599483e+00	3.4271874656e-02
3.6957863156e+00	3.2339653608e-02
3.7818722377e+00	3.0514464642e-02
3.8699633585e+00	2.8790306351e-02
3.9601063851e+00	2.7161948267e-02
4.0523491126e+00	2.5624113488e-02
4.1467404492e+00	2.4172010750e-02
4.2433304425e+00	2.2800561836e-02
4.3421703057e+00	2.1505714205e-02
4.4433124451e+00	2.0283174591e-02
4.5468104876e+00	1.9129020153e-02
4.6527193092e+00	1.8039486817e-02
4.7610950642e+00	1.7011024482e-02
4.8719952147e+00	1.6040326796e-02
4.9854785617e+00	1.5124015533e-02
5.1016052753e+00	1.4259239986e-02
5.2204369276e+00	1.3443250165e-02
5.3420365247e+00	1.2673252081e-02
5.4664685402e+00	1.1946666653e-02
5.5937989497e+00	1.1261109272e-02
5.7240952655e+00	1.0614367142e-02
5.8574265723e+00	1.0004114003e-02
5.9938635642e+00	9.4285294672e-03
6.1334785820e+00	8.8856307657e-03
6.2763456512e+00	8.3734371076e-03
6.4225405221e+00	7.8905047016e-03
6.5721407089e+00	7.4349342804e-03
6.7252255317e+00	7.0053916734e-03
6.8818761580e+00	6.6002593899e-03
7.0421756463e+00	6.2182404547e-03
7.2062089892e+00	5.8580630099e-03
7.3740631596e+00	5.5184730615e-03
7.5458271559e+00	5.1983037182e-03
7.7215920496e+00	4.8964945082e-03
7.9014510336e+00	4.6119711687e-03
8.0854994715e+00	4.3437603440e-03
8.2738349483e+00	4.0909593311e-03
8.4665573218e+00	3.8527037119e-03
8.6637687762e+00	3.6281451207e-03
8.8655738754e+00	3.4165227465e-03
9.0720796193e+00	3.2171024196e-03
9.2833954998e+00	3.0291652599e-03
9.4996335595e+00	2.8520841625e-03
9.7209084507e+00	2.6852227902e-03
9.9473374962e+00	2.5280353686e-03
1.0179040752e+01	2.3799255771e-03
1.0416141069e+01	2.2404141174e-03
1.0658764163e+01	2.1089616404e-03
1.0907038674e+01	1.9851471757e-03
1.1161096242e+01	1.8685275174e-03
1.1421071571e+01	1.7586730274e-03
1.1687102502e+01	1.6552165182e-03
1.1959330091e+01	1.5577805312e-03
1.2237898674e+01	1.4660125177e-03
1.2522955954e+01	1.3795967805e-03
1.2814653070e+01	1.2982147527e-03
1.3113144685e+01	1.2215855093e-03
1.3418589063e+01	1.1494435212e-03
1.3731148154e+01	1.0815101278e-03
1.4050987682e+01	1.0175494981e-03
1.4378277230e+01	9.5733586529e-04
1.4713190331e+01	9.0064671098e-04
1.5055904559e+01	8.4728535685e-04
1.5406601628e+01	7.9705187402e-04
1.5765467481e+01	7.4976625082e-04
1.6132692393e+01	7.0526313114e-04
1.6508471073e+01	6.6337276453e-04
1.6893002762e+01	6.2394507193e-04
1.7286491345e+01	5.8683739452e-04
1.7689145454e+01	5.5191429131e-04
1.8101178583e+01	5.1905307268e-04
1.8522809196e+01	4.8812881114e-04
1.8954260847e+01	4.5903228609e-04
1.9395762299e+01	4.3165413824e-04
1.9847547640e+01	4.0589004428e-04
2.0309856414e+01	3.8164912782e-04
2.0782933743e+01	3.5885279974e-04
2.1267030458e+01	3.3739191755e-04
2.1762403235e+01	3.1720954887e-04
2.2269314725e+01	2.9822310862e-04
2.2788033701e+01	2.8036326525e-04
2.3318835194e+01	2.6356476700e-04
2.3862000642e+01	2.4775753448e-04
2.4417818039e+01	2.3289525210e-04
2.4986582086e+01	2.1891494805e-04
2.5568594350e+01	2.0576591987e-04
2.6164163421e+01	1.9340337117e-04
2.6773605077e+01	1.8177343663e-04
2.7397242454e+01	1.7083759135e-04
2.8035406211e+01	1.6055401553e-04
2.8688434711e+01	1.5088390263e-04
2.9356674200e+01	1.4179190588e-04
3.0040478985e+01	1.3324117415e-04
