1.0528499241e-05	6.7784843312e-01
1.0773739492e-05	6.9302925585e-01
1.1024692123e-05	7.0854992267e-01
1.1281490192e-05	7.2441850824e-01
1.1544269856e-05	7.4064215152e-01
1.1813170444e-05	7.5722934125e-01
1.2088334532e-05	7.7418783098e-01
1.2369908015e-05	7.9152626171e-01
1.2658040187e-05	8.0925285931e-01
1.2952883819e-05	8.2737652633e-01
1.3254595242e-05	8.4590601995e-01
1.3563334427e-05	8.6485050985e-01
1.3879265071e-05	8.8421947291e-01
1.4202554685e-05	9.0402197235e-01
1.4533374682e-05	9.2426787026e-01
1.4871900466e-05	9.4496730079e-01
1.5218311529e-05	9.6613023205e-01
1.5572791542e-05	9.8776718810e-01
1.5935528455e-05	1.0098886145e+00
1.6306714596e-05	1.0325055085e+00
1.6686546774e-05	1.0556289718e+00
1.7075226379e-05	1.0792701629e+00
1.7472959495e-05	1.1034409103e+00
1.7879957006e-05	1.1281529070e+00
1.8296434706e-05	1.1534182631e+00
1.8722613418e-05	1.1792495315e+00
1.9158719108e-05	1.2056591989e+00
1.9604983005e-05	1.2326603529e+00
2.0061641722e-05	1.2602661662e+00
2.0528937388e-05	1.2884902102e+00
2.1007117768e-05	1.3173463562e+00
2.1496436400e-05	1.3468486813e+00
2.1997152727e-05	1.3770116607e+00
2.2509532236e-05	1.4078501155e+00
2.3033846597e-05	1.4393792886e+00
2.3570373808e-05	1.4716144169e+00
2.4119398343e-05	1.5045714662e+00
2.4681211302e-05	1.5382665825e+00
2.5256110567e-05	1.5727162194e+00
2.5844400955e-05	1.6079373468e+00
2.6446394387e-05	1.6439472334e+00
2.7062410047e-05	1.6807634534e+00
2.7692774556e-05	1.7184042116e+00
2.8337822140e-05	1.7568878034e+00
2.8997894812e-05	1.7962332032e+00
2.9673342552e-05	1.8364596475e+00
3.0364523491e-05	1.8775869272e+00
3.1071804102e-05	1.9196351807e+00
3.1795559395e-05	1.9626250444e+00
3.2536173115e-05	2.0065775411e+00
3.3294037944e-05	2.0515142636e+00
3.4069555713e-05	2.0974572221e+00
3.4863137611e-05	2.1444289874e+00
3.5675204406e-05	2.1924525461e+00
3.6506186667e-05	2.2415514619e+00
3.7356524992e-05	2.2917497940e+00
3.8226670240e-05	2.3430721881e+00
3.9117083775e-05	2.3955437307e+00
4.0028237705e-05	2.4491902303e+00
4.0960615137e-05	2.5040378952e+00
4.1914710429e-05	2.5601136893e+00
4.2891029456e-05	2.6174450707e+00
4.3890089874e-05	2.6760601505e+00
4.4912421398e-05	2.7359876526e+00
4.5958566083e-05	2.7972569377e+00
4.7029078608e-05	2.8598980283e+00
4.8124526573e-05	2.9239416441e+00
4.9245490799e-05	2.9894191577e+00
5.0392565636e-05	3.0563626380e+00
5.1566359279e-05	3.1248049176e+00
5.2767494087e-05	3.1947795013e+00
5.3996606920e-05	3.2663206915e+00
5.5254349468e-05	3.3394635203e+00
5.6541388603e-05	3.4142438416e+00
5.7858406732e-05	3.4906982425e+00
5.9206102153e-05	3.5688642108e+00
6.0585189434e-05	3.6487800268e+00
6.1996399783e-05	3.7304848195e+00
6.3440481445e-05	3.8140185393e+00
6.4918200089e-05	3.8994221846e+00
6.6430339223e-05	3.9867375220e+00
6.7977700602e-05	4.0760072865e+00
6.9561104657e-05	4.1672751986e+00
7.1181390931e-05	4.2605859283e+00
7.2839418520e-05	4.3559851176e+00
7.4536066534e-05	4.4535194780e+00
7.6272234556e-05	4.5532366914e+00
7.8048843127e-05	4.6551855948e+00
7.9866834227e-05	4.7594160189e+00
8.1727171781e-05	4.8659789665e+00
8.3630842162e-05	4.9749265340e+00
8.5578854723e-05	5.0863119893e+00
8.7572242325e-05	5.2001897837e+00
8.9612061890e-05	5.3166155861e+00
9.1699394956e-05	5.4356462961e+00
9.3835348255e-05	5.5573400706e+00
9.6021054297e-05	5.6817563680e+00
9.8257671974e-05	5.8089559474e+00
1.0054638717e-04	5.9390009153e+00
1.0288841339e-04	6.0719548031e+00
1.0528499241e-04	6.2078824721e+00
1.0773739492e-04	6.3468502622e+00
1.1024692123e-04	6.4889259840e+00
1.1281490192e-04	6.6341789207e+00
1.1544269856e-04	6.7826799214e+00
1.1813170444e-04	6.9345013638e+00
1.2088334532e-04	7.0897172371e+00
1.2369908015e-04	7.2484031870e+00
1.2658040187e-04	7.4106364629e+00
1.2952883819e-04	7.5764960805e+00
1.3254595242e-04	7.7460627556e+00
1.3563334427e-04	7.9194189903e+00
1.3879265071e-04	8.0966490912e+00
1.4202554685e-04	8.2778392341e+00
1.4533374682e-04	8.4630774358e+00
1.4871900466e-04	8.6524536855e+00
1.5218311529e-04	8.8460599392e+00
1.5572791542e-04	9.0439901188e+00
1.5935528455e-04	9.2463402653e+00
1.6306714596e-04	9.4532084586e+00
1.6686546773e-04	9.6646949028e+00
1.7075226379e-04	9.8809020382e+00
1.7472959495e-04	1.0101934473e+01
1.7879957006e-04	1.0327899125e+01
1.8296434706e-04	1.0558905202e+01
1.8722613418e-04	1.0795064261e+01
1.9158719108e-04	1.1036490302e+01
1.9604983005e-04	1.1283299767e+01
2.0061641722e-04	1.1535611560e+01
2.0528937388e-04	1.1793547215e+01
2.1007117768e-04	1.2057230805e+01
2.1496436400e-04	1.2326789086e+01
2.1997152727e-04	1.2602351508e+01
2.2509532236e-04	1.2884050276e+01
2.3033846597e-04	1.3172020433e+01
2.3570373808e-04	1.3466399810e+01
2.4119398343e-04	1.3767329224e+01
2.4681211302e-04	1.4074952393e+01
2.5256110567e-04	1.4389416213e+01
2.5844400955e-04	1.4710870391e+01
2.6446394387e-04	1.5039468043e+01
2.7062410047e-04	1.5375365300e+01
2.7692774556e-04	1.5718721596e+01
2.8337822140e-04	1.6069699643e+01
2.8997894812e-04	1.6428465530e+01
2.9673342552e-04	1.6795188790e+01
3.0364523491e-04	1.7170042344e+01
3.1071804102e-04	1.7553202722e+01
3.1795559395e-04	1.7944850030e+01
3.2536173115e-04	1.8345167951e+01
3.3294037944e-04	1.8754343995e+01
3.4069555713e-04	1.9172569323e+01
3.4863137611e-04	1.9600038954e+01
3.5675204406e-04	2.0036951809e+01
3.6506186667e-04	2.0483510659e+01
3.7356524992e-04	2.0939922361e+01
3.8226670240e-04	2.1406397758e+01
3.9117083775e-04	2.1883151761e+01
4.0028237705e-04	2.2370403525e+01
4.0960615137e-04	2.2868376419e+01
4.1914710429e-04	2.3377297989e+01
4.2891029456e-04	2.3897400104e+01
4.3890089874e-04	2.4428919106e+01
4.4912421398e-04	2.4972095556e+01
4.5958566083e-04	2.5527174748e+01
4.7029078608e-04	2.6094406279e+01
4.8124526573e-04	2.6674044348e+01
4.9245490799e-04	2.7266347818e+01
5.0392565636e-04	2.7871580169e+01
5.1566359279e-04	2.8490009556e+01
5.2767494087e-04	2.9121908756e+01
5.3996606920e-04	2.9767555669e+01
5.5254349468e-04	3.0427232364e+01
5.6541388603e-04	3.1101226304e+01
5.7858406732e-04	3.1789829623e+01
5.9206102153e-04	3.2493339094e+01
6.0585189434e-04	3.3212056752e+01
6.1996399783e-04	3.3946289046e+01
6.3440481445e-04	3.4696347698e+01
6.4918200089e-04	3.5462549340e+01
6.6430339223e-04	3.6245215249e+01
6.7977700602e-04	3.7044671771e+01
6.9561104657e-04	3.7861250158e+01
7.1181390931e-04	3.8695286068e+01
7.2839418520e-04	3.9547121006e+01
7.4536066534e-04	4.0417099720e+01
7.6272234556e-04	4.1305573108e+01
7.8048843127e-04	4.2212895490e+01
7.9866834227e-04	4.3139427643e+01
8.1727171781e-04	4.4085531539e+01
8.3630842162e-04	4.5051577401e+01
8.5578854723e-04	4.6037937086e+01
8.7572242325e-04	4.7044987243e+01
8.9612061890e-04	4.8073108325e+01
9.1699394956e-04	4.9122685625e+01
9.3835348255e-04	5.0194105546e+01
9.6021054297e-04	5.1287762444e+01
9.8257671974e-04	5.2404047634e+01
1.0054638717e-03	5.3543361502e+01
1.0288841339e-03	5.4706102547e+01
1.0528499241e-03	5.5892675844e+01
1.0773739492e-03	5.7103482646e+01
1.1024692123e-03	5.8338932321e+01
1.1281490192e-03	5.9599432112e+01
1.1544269856e-03	6.0885390728e+01
1.1813170444e-03	6.2197217336e+01
1.2088334532e-03	6.3535322420e+01
1.2369908015e-03	6.4900114458e+01
1.2658040187e-03	6.6292002565e+01
1.2952883819e-03	6.7711393351e+01
1.3254595242e-03	6.9158692878e+01
1.3563334427e-03	7.0634302786e+01
1.3879265071e-03	7.2138623136e+01
1.4202554685e-03	7.3672049574e+01
1.4533374682e-03	7.5234973306e+01
1.4871900466e-03	7.6827780307e+01
1.5218311529e-03	7.8450850331e+01
1.5572791542e-03	8.0104555017e+01
1.5935528455e-03	8.1789259479e+01
1.6306714596e-03	8.3505319871e+01
1.6686546773e-03	8.5253081262e+01
1.7075226379e-03	8.7032878285e+01
1.7472959495e-03	8.8845033705e+01
1.7879957006e-03	9.0689856629e+01
1.8296434706e-03	9.2567642001e+01
1.8722613418e-03	9.4478666232e+01
1.9158719108e-03	9.6423193167e+01
1.9604983005e-03	9.8401463416e+01
2.0061641722e-03	1.0041369876e+02
2.0528937388e-03	1.0246010192e+02
2.1007117768e-03	1.0454085062e+02
2.1496436400e-03	1.0665609687e+02
2.1997152727e-03	1.0880594197e+02
2.2509532236e-03	1.1099044363e+02
2.3033846597e-03	1.1320973673e+02
2.3570373808e-03	1.1546385935e+02
2.4119398343e-03	1.1775281405e+02
2.4681211302e-03	1.2007657427e+02
2.5256110567e-03	1.2243507130e+02
2.5844400955e-03	1.2482819665e+02
2.6446394387e-03	1.2725581038e+02
2.7062410047e-03	1.2971772743e+02
2.7692774556e-03	1.3221370595e+02
2.8337822140e-03	1.3474347886e+02
2.8997894812e-03	1.3730671615e+02
2.9673342552e-03	1.3990304123e+02
3.0364523491e-03	1.4253203508e+02
3.1071804102e-03	1.4519321693e+02
3.1795559395e-03	1.4788604998e+02
3.2536173115e-03	1.5060995581e+02
3.3294037944e-03	1.5336427214e+02
3.4069555713e-03	1.5614830616e+02
3.4863137611e-03	1.5896128486e+02
3.5675204406e-03	1.6180238138e+02
3.6506186667e-03	1.6467070976e+02
3.7356524992e-03	1.6756530232e+02
3.8226670240e-03	1.7048514420e+02
3.9117083775e-03	1.7342914039e+02
4.0028237705e-03	1.7639614457e+02
4.0960615137e-03	1.7938491878e+02
4.1914710429e-03	1.8239415478e+02
4.2891029456e-03	1.8542250324e+02
4.3890089874e-03	1.8846851671e+02
4.4912421398e-03	1.9153070652e+02
4.5958566083e-03	1.9460744371e+02
4.7029078608e-03	1.9769712430e+02
4.8124526573e-03	2.0079796665e+02
4.9245490799e-03	2.0390811301e+02
5.0392565636e-03	2.0702606112e+02
5.1566359279e-03	2.1014968944e+02
5.2767494087e-03	2.1327700754e+02
5.3996606920e-03	2.1640601894e+02
5.5254349468e-03	2.1953457993e+02
5.6541388603e-03	2.2266051925e+02
5.7858406732e-03	2.2578163790e+02
5.9206102153e-03	2.2889558442e+02
6.0585189434e-03	2.3200009540e+02
6.1996399783e-03	2.3509259403e+02
6.3440481445e-03	2.3817074484e+02
6.4918200089e-03	2.4123187240e+02
6.6430339223e-03	2.4427337072e+02
6.7977700602e-03	2.4729269066e+02
6.9561104657e-03	2.5028680909e+02
7.1181390931e-03	2.5325314219e+02
7.2839418520e-03	2.5618865289e+02
7.4536066534e-03	2.5909047292e+02
7.6272234556e-03	2.6195548852e+02
7.8048843127e-03	2.6478060703e+02
7.9866834227e-03	2.6756279876e+02
8.1727171781e-03	2.7029870619e+02
8.3630842162e-03	2.7298504420e+02
8.5578854723e-03	2.7561840284e+02
8.7572242325e-03	2.7819533721e+02
8.9612061890e-03	2.8071224802e+02
9.1699394956e-03	2.8316548756e+02
9.3835348255e-03	2.8555132793e+02
9.6021054297e-03	2.8786590560e+02
9.8257671974e-03	2.9010542805e+02
1.0054638717e-02	2.9226579020e+02
1.0288841339e-02	2.9434305953e+02
1.0528499241e-02	2.9633308113e+02
1.0773739492e-02	2.9823156769e+02
1.1024692123e-02	3.0003441273e+02
1.1281490192e-02	3.0173708034e+02
1.1544269856e-02	3.0333521955e+02
1.1813170444e-02	3.0482437057e+02
1.2088334532e-02	3.0619974582e+02
1.2369908015e-02	3.0745714893e+02
1.2658040187e-02	3.0859163180e+02
1.2952883819e-02	3.0959861701e+02
1.3254595242e-02	3.1047376144e+02
1.3563334427e-02	3.1121232587e+02
1.3879265071e-02	3.1180967266e+02
1.4202554685e-02	3.1226114733e+02
1.4533374682e-02	3.1256237152e+02
1.4871900466e-02	3.1270894929e+02
1.5218311529e-02	3.1269648696e+02
1.5572791542e-02	3.1252143173e+02
1.5935528455e-02	3.1217992558e+02
1.6306714597e-02	3.1166766675e+02
1.6686546774e-02	3.1098115780e+02
1.7075226380e-02	3.1011733663e+02
1.7472959498e-02	3.0907345176e+02
1.7879957013e-02	3.0784650664e+02
1.8296434721e-02	3.0643444542e+02
1.8722613449e-02	3.0483544097e+02
1.9158719170e-02	3.0304812323e+02
1.9604983124e-02	3.0107155047e+02
2.0061641951e-02	2.9890530231e+02
2.0528937818e-02	2.9655063220e+02
2.1007118562e-02	2.9400710604e+02
2.1496437841e-02	2.9127770197e+02
2.1997155298e-02	2.8836404791e+02
2.2509536751e-02	2.8527000280e+02
2.3033854402e-02	2.8199869279e+02
2.3570387094e-02	2.7855652316e+02
2.4119420617e-02	2.7494730814e+02
2.4681248094e-02	2.7117918797e+02
2.5256170465e-02	2.6725847068e+02
2.5844497098e-02	2.6319376338e+02
2.6446546584e-02	2.5899367213e+02
2.7062647743e-02	2.5466814426e+02
2.7693140911e-02	2.5022701502e+02
2.8338379561e-02	2.4568157611e+02
2.8998732343e-02	2.4104317913e+02
2.9674585596e-02	2.3632475018e+02
3.0366346435e-02	2.3153902580e+02
3.1074446455e-02	2.2669857459e+02
3.1799346157e-02	2.2181880183e+02
3.2541540120e-02	2.1691269248e+02
3.3301562978e-02	2.1199423767e+02
3.4079996221e-02	2.0707964952e+02
3.4877475796e-02	2.0218261922e+02
3.5694700481e-02	1.9731900196e+02
3.6532440955e-02	1.9250179510e+02
3.7391549441e-02	1.8774862610e+02
3.8272969776e-02	1.8307292248e+02
3.9177747727e-02	1.7848789465e+02
4.0107041314e-02	1.7400775815e+02
4.1062130891e-02	1.6964479399e+02
4.2044428710e-02	1.6541008459e+02
4.3055487646e-02	1.6131523348e+02
4.4097008782e-02	1.5736828688e+02
4.5170847515e-02	1.5357629848e+02
4.6279017868e-02	1.4994596370e+02
4.7423694694e-02	1.4647994319e+02
4.8607213486e-02	1.4317985605e+02
4.9832067564e-02	1.4004457347e+02
5.1100902452e-02	1.3707029878e+02
5.2416507354e-02	1.3424847400e+02
5.3781803735e-02	1.3156806185e+02
5.5199831142e-02	1.2901088357e+02
5.6673730514e-02	1.2655448300e+02
5.8206725415e-02	1.2416890191e+02
5.9802101709e-02	1.2181895569e+02
6.1463186370e-02	1.1946313020e+02
6.3193326170e-02	1.1705490255e+02
6.4995867076e-02	1.1454285020e+02
6.6874135154e-02	1.1187523035e+02
6.8831419758e-02	1.0900111745e+02
7.0870959652e-02	1.0587556812e+02
7.2995932596e-02	1.0246492502e+02
7.5209448716e-02	9.8751805080e+01
7.7514547848e-02	9.4739491256e+01
7.9914200805e-02	9.0456018079e+01
8.2411314399e-02	8.5956463517e+01
8.5008739898e-02	8.1321698931e+01
8.7709284497e-02	7.6653837895e+01
9.0515725341e-02	7.2069708974e+01
9.3430825578e-02	6.7690524470e+01
9.6457351970e-02	6.3629749966e+01
9.9598093562e-02	5.9981149567e+01
1.0285588100e-01	5.6807573156e+01
1.0623360608e-01	5.4131667785e+01
1.0973424128e-01	5.1930640007e+01
1.1336085888e-01	5.0133594235e+01
1.1711664954e-01	4.8625238779e+01
1.2100494014e-01	4.7255198081e+01
1.2502921074e-01	4.5856853176e+01
1.2919311046e-01	4.4274845481e+01
1.3350047238e-01	4.2397963000e+01
1.3795532720e-01	4.0188540206e+01
1.4256191572e-01	3.7697057443e+01
1.4732470003e-01	3.5054202861e+01
1.5224837333e-01	3.2439905718e+01
1.5733786838e-01	3.0038201968e+01
1.6259836432e-01	2.7990952354e+01
1.6803529197e-01	2.6363074084e+01
1.7365433721e-01	2.5126708596e+01
1.7946144244e-01	2.4167986353e+01
1.8546280576e-01	2.3322940927e+01
1.9166487771e-01	2.2407771759e+01
1.9807435513e-01	2.1289420058e+01
2.0469817185e-01	1.9953321279e+01
2.1154348579e-01	1.8497603202e+01
2.1861766198e-01	1.7082013746e+01
2.2592825100e-01	1.5851928219e+01
2.3348296232e-01	1.4877328335e+01
2.4128963204e-01	1.4128479776e+01
2.4935618433e-01	1.3494638895e+01
2.5769058617e-01	1.2840944394e+01
2.6630079487e-01	1.2083963617e+01
2.7519469789e-01	1.1241094182e+01
2.8438004473e-01	1.0410657375e+01
2.9386437075e-01	9.6924507972e+00
3.0365491309e-01	9.1150216660e+00
3.1375851897e-01	8.6260103426e+00
3.2418154733e-01	8.1435942120e+00
3.3492976490e-01	7.6242695871e+00
3.4600823853e-01	7.0924309477e+00
3.5742122614e-01	6.6051819571e+00
3.6917206929e-01	6.1904529412e+00
3.8126309102e-01	5.8246557648e+00
3.9369550344e-01	5.4679337242e+00
4.0646933004e-01	5.1089588030e+00
4.1958334828e-01	4.7672747418e+00
4.3303505822e-01	4.4607707799e+00
4.4682068323e-01	4.1855765708e+00
4.6093520806e-01	3.9259264346e+00
4.7537245911e-01	3.6743049207e+00
4.9012523004e-01	3.4381214293e+00
5.0518545426e-01	3.2239392205e+00
5.2054442301e-01	3.0266070217e+00
5.3619304554e-01	2.8395565698e+00
5.5212214430e-01	2.6637345120e+00
5.6832277575e-01	2.5015798681e+00
5.8478656470e-01	2.3516557627e+00
6.0150603835e-01	2.2113623199e+00
6.1847494565e-01	2.0799371487e+00
6.3568854768e-01	1.9579274940e+00
6.5314386666e-01	1.8445531561e+00
6.7083988321e-01	1.7385433105e+00
6.8877767508e-01	1.6394208707e+00
7.0696049388e-01	1.5469685210e+00
7.2539378017e-01	1.4605897196e+00
7.4408512020e-01	1.3796422863e+00
7.6304415064e-01	1.3038007260e+00
7.8228241917e-01	1.2326914940e+00
8.0181321031e-01	1.1659230159e+00
8.2165134601e-01	1.1031329942e+00
8.4181297062e-01	1.0440567367e+00
8.6231532903e-01	9.8842210343e-01
8.8317654601e-01	9.3595263225e-01
9.0441541352e-01	8.8644554091e-01
9.2605119178e-01	8.3969387699e-01
9.4810342851e-01	7.9550363577e-01
9.7059179977e-01	7.5371068974e-01
9.9353597460e-01	7.1415931836e-01
1.0169555048e+00	6.7670619222e-01
1.0408697401e+00	6.4122558284e-01
1.0652977683e+00	6.0759963623e-01
1.0902583792e+00	5.7572038046e-01
1.1157700501e+00	5.4549056263e-01
1.1418509508e+00	5.1682326326e-01
1.1685189659e+00	4.8963381212e-01
1.1957917291e+00	4.6384433517e-01
1.2236866704e+00	4.3938011518e-01
1.2522210686e+00	4.1617201539e-01
1.2814121100e+00	3.9415483603e-01
1.3112769486e+00	3.7326753736e-01
1.3418327664e+00	3.5345514108e-01
1.3730968318e+00	3.3466285390e-01
1.4050865544e+00	3.1684138861e-01
1.4378195367e+00	2.9994222660e-01
1.4713136199e+00	2.8391827439e-01
1.5055869258e+00	2.6872481783e-01
1.5406578931e+00	2.5432123447e-01
1.5765453097e+00	2.4066603153e-01
1.6132683413e+00	2.2772347686e-01
1.6508465550e+00	2.1545773003e-01
1.6892999418e+00	2.0383525168e-01
1.7286489352e+00	1.9282287015e-01
1.7689144286e+00	1.8238850153e-01
1.8101177909e+00	1.7250361208e-01
1.8522808814e+00	1.6314060710e-01
1.8954260634e+00	1.5427316912e-01
1.9395762182e+00	1.4587510986e-01
1.9847547578e+00	1.3792286746e-01
2.0309856381e+00	1.3039328494e-01
2.0782933726e+00	1.2326423936e-01
2.1267030450e+00	1.1651527914e-01
2.1762403230e+00	1.1012745697e-01
2.2269314723e+00	1.0408175699e-01
2.2788033700e+00	9.8359844112e-02
2.3318835194e+00	9.2945357497e-02
2.3862000642e+00	8.7822290906e-02
2.4417818039e+00	8.2975213013e-02
2.4986582086e+00	7.8389634447e-02
2.5568594350e+00	7.4051927509e-02
2.6164163421e+00	6.9948694140e-02
2.6773605077e+00	6.6068640733e-02
2.7397242454e+00	6.2398911724e-02
2.8035406211e+00	5.8928923291e-02
2.8688434711e+00	5.5647774802e-02
2.9356674200e+00	5.2545569473e-02
3.0040478985e+00	4.9612926572e-02
3.0740211630e+00	4.6840439628e-02
3.1456243142e+00	4.4220361987e-02
3.2188953171e+00	4.1743739230e-02
3.2938730209e+00	3.9403121990e-02
3.3705971797e+00	3.7191302866e-02
3.4491084738e+00	3.5101376794e-02
3.5294485309e+00	3.3126538650e-02
3.6116599483e+00	3.1260880589e-02
3.6957863156e+00	2.9498406071e-02
3.7818722377e+00	2.7833567105e-02
3.8699633585e+00	2.6260876563e-02
3.9601063851e+00	2.4775575816e-02
4.0523491126e+00	2.3372847084e-02
4.1467404492e+00	2.2048316993e-02
4.2433304425e+00	2.0797354927e-02
4.3421703057e+00	1.9616265334e-02
4.4433124451e+00	1.8501132061e-02
4.5468104876e+00	1.7448376392e-02
4.6527193092e+00	1.6454564033e-02
4.7610950642e+00	1.5516456948e-02
4.8719952147e+00	1.4631041845e-02
4.9854785617e+00	1.3795234518e-02
5.1016052753e+00	1.3006434818e-02
5.2204369276e+00	1.2262135496e-02
5.3420365247e+00	1.1559787761e-02
5.4664685402e+00	1.0897037626e-02
5.5937989497e+00	1.0271711471e-02
5.7240952655e+00	9.6817907416e-03
5.8574265723e+00	9.1251532354e-03
5.9938635642e+00	8.6001385795e-03
6.1334785820e+00	8.1049383863e-03
6.2763456512e+00	7.6377454853e-03
6.4225405221e+00	7.1972424927e-03
6.5721407089e+00	6.7816983786e-03
6.7252255317e+00	6.3898946507e-03
6.8818761580e+00	6.0203570086e-03
7.0421756463e+00	5.6719021480e-03
7.2062089892e+00	5.3433697149e-03
7.3740631596e+00	5.0336159515e-03
7.5458271559e+00	4.7415764776e-03
7.7215920496e+00	4.4662841522e-03
7.9014510336e+00	4.2067591507e-03
8.0854994715e+00	3.9621131886e-03
8.2738349483e+00	3.7315233595e-03
8.4665573218e+00	3.5142009831e-03
8.6637687762e+00	3.3093721782e-03
8.8655738754e+00	3.1163430163e-03
9.0720796193e+00	2.9344437966e-03
9.2833954998e+00	2.7630188923e-03
9.4996335595e+00	2.6014962832e-03
9.7209084507e+00	2.4492954719e-03
9.9473374962e+00	2.3059186235e-03
1.0179040752e+01	2.1708218801e-03
1.0416141069e+01	2.0435680417e-03
1.0658764163e+01	1.9236651125e-03
1.0907038674e+01	1.8107290787e-03
1.1161096242e+01	1.7043557648e-03
1.1421071571e+01	1.6041532242e-03
1.1687102502e+01	1.5097865219e-03
1.1959330091e+01	1.4209113640e-03
1.2237898674e+01	1.3372062014e-03
1.2522955954e+01	1.2583830660e-03
1.2814653070e+01	1.1841513815e-03
1.3113144685e+01	1.1142548879e-03
1.3418589063e+01	1.0484513890e-03
1.3731148154e+01	9.8648671871e-04
1.4050987682e+01	9.2814576583e-04
1.4378277230e+01	8.7322259899e-04
1.4713190331e+01	8.2151423826e-04
1.5055904559e+01	7.7284129323e-04
1.5406601628e+01	7.2702141050e-04
1.5765467481e+01	6.8389038028e-04
1.6132692393e+01	6.4329737830e-04
1.6508471073e+01	6.0508756500e-04
1.6893002762e+01	5.6912406028e-04
1.7286491345e+01	5.3527672558e-04
1.7689145454e+01	5.0342202848e-04
1.8101178583e+01	4.7344805240e-04
1.8522809196e+01	4.4524085399e-04
1.8954260847e+01	4.1870080203e-04
1.9395762299e+01	3.9372814621e-04
1.9847547640e+01	3.7022773453e-04
2.0309856414e+01	3.4811666964e-04
2.0782933743e+01	3.2732326974e-04
2.1267030458e+01	3.0774798016e-04
2.1762403235e+01	2.8933887247e-04
2.2269314725e+01	2.7202061827e-04
2.2788033701e+01	2.5572997414e-04
2.3318835194e+01	2.4040742455e-04
2.3862000642e+01	2.2598904723e-04
2.4417818039e+01	2.1243259345e-04
2.4986582086e+01	1.9968062686e-04
2.5568594350e+01	1.8768689833e-04
2.6164163421e+01	1.7641054792e-04
2.6773605077e+01	1.6580244243e-04
2.7397242454e+01	1.5582744258e-04
2.8035406211e+01	1.4644740250e-04
2.8688434711e+01	1.3762692550e-04
2.9356674200e+01	1.2933376997e-04
3.0040478985e+01	1.2153432331e-04
