1.0528499241e-05	8.8513168161e+00
1.0773739492e-05	9.0495471145e+00
1.1024692123e-05	9.2522150590e+00
1.1281490192e-05	9.4594260866e+00
1.1544269856e-05	9.6712734152e+00
1.1813170444e-05	9.8878678886e+00
1.2088334532e-05	1.0109310750e+01
1.2369908015e-05	1.0335714831e+01
1.2658040187e-05	1.0567187542e+01
1.2952883819e-05	1.0803845129e+01
1.3254595242e-05	1.1045801941e+01
1.3563334427e-05	1.1293177711e+01
1.3879265071e-05	1.1546096184e+01
1.4202554685e-05	1.1804675705e+01
1.4533374682e-05	1.2069045048e+01
1.4871900466e-05	1.2339336540e+01
1.5218311529e-05	1.2615680340e+01
1.5572791542e-05	1.2898213866e+01
1.5935528455e-05	1.3187073511e+01
1.6306714596e-05	1.3482402870e+01
1.6686546774e-05	1.3784346903e+01
1.7075226379e-05	1.4093051311e+01
1.7472959495e-05	1.4408670544e+01
1.7879957006e-05	1.4731357281e+01
1.8296434706e-05	1.5061269646e+01
1.8722613418e-05	1.5398571548e+01
1.9158719108e-05	1.5743426028e+01
1.9604983005e-05	1.6096003975e+01
2.0061641722e-05	1.6456477386e+01
2.0528937388e-05	1.6825023464e+01
2.1007117768e-05	1.7201823330e+01
2.1496436400e-05	1.7587060789e+01
2.1997152727e-05	1.7980924844e+01
2.2509532236e-05	1.8383609014e+01
2.3033846597e-05	1.8795312324e+01
2.3570373808e-05	1.9216233721e+01
2.4119398343e-05	1.9646581669e+01
2.4681211302e-05	2.0086566981e+01
2.5256110567e-05	2.0536404487e+01
2.5844400955e-05	2.0996315761e+01
2.6446394387e-05	2.1466526268e+01
2.7062410047e-05	2.1947265472e+01
2.7692774556e-05	2.2438771060e+01
2.8337822140e-05	2.2941281906e+01
2.8997894812e-05	2.3455045745e+01
2.9673342552e-05	2.3980313735e+01
3.0364523491e-05	2.4517344269e+01
3.1071804102e-05	2.5066400275e+01
3.1795559395e-05	2.5627751184e+01
3.2536173115e-05	2.6201671466e+01
3.3294037944e-05	2.6788443034e+01
3.4069555713e-05	2.7388353245e+01
3.4863137611e-05	2.8001696777e+01
3.5675204406e-05	2.8628773731e+01
3.6506186667e-05	2.9269891738e+01
3.7356524992e-05	2.9925364900e+01
3.8226670240e-05	3.0595514968e+01
3.9117083775e-05	3.1280669447e+01
4.0028237705e-05	3.1981165264e+01
4.0960615137e-05	3.2697344560e+01
4.1914710429e-05	3.3429559338e+01
4.2891029456e-05	3.4178168045e+01
4.3890089874e-05	3.4943537652e+01
4.4912421398e-05	3.5726043121e+01
4.5958566083e-05	3.6526067722e+01
4.7029078608e-05	3.7344003363e+01
4.8124526573e-05	3.8180251039e+01
4.9245490799e-05	3.9035220267e+01
5.0392565636e-05	3.9909329642e+01
5.1566359279e-05	4.0803007723e+01
5.2767494087e-05	4.1716691832e+01
5.3996606920e-05	4.2650829698e+01
5.5254349468e-05	4.3605878559e+01
5.6541388603e-05	4.4582306373e+01
5.7858406732e-05	4.5580590653e+01
5.9206102153e-05	4.6601220662e+01
6.0585189434e-05	4.7644695988e+01
6.1996399783e-05	4.8711527287e+01
6.3440481445e-05	4.9802235915e+01
6.4918200089e-05	5.0917356894e+01
6.6430339223e-05	5.2057435254e+01
6.7977700602e-05	5.3223028643e+01
6.9561104657e-05	5.4414707552e+01
7.1181390931e-05	5.5633054841e+01
7.2839418520e-05	5.6878666032e+01
7.4536066534e-05	5.8152150576e+01
7.6272234556e-05	5.9454130566e+01
7.8048843127e-05	6.0785243138e+01
7.9866834227e-05	6.2146138359e+01
8.1727171781e-05	6.3537481561e+01
8.3630842162e-05	6.4959952310e+01
8.5578854723e-05	6.6414245420e+01
8.7572242325e-05	6.7901071101e+01
8.9612061890e-05	6.9421155408e+01
9.1699394956e-05	7.0975240406e+01
9.3835348255e-05	7.2564084508e+01
9.6021054297e-05	7.4188463056e+01
9.8257671974e-05	7.5849168301e+01
1.0054638717e-04	7.7547010003e+01
1.0288841339e-04	7.9282816449e+01
1.0528499241e-04	8.1057433197e+01
1.0773739492e-04	8.2871725012e+01
1.1024692123e-04	8.4726575759e+01
1.1281490192e-04	8.6622888420e+01
1.1544269856e-04	8.8561586302e+01
1.1813170444e-04	9.0543612544e+01
1.2088334532e-04	9.2569931189e+01
1.2369908015e-04	9.4641527763e+01
1.2658040187e-04	9.6759408572e+01
1.2952883819e-04	9.8924602817e+01
1.3254595242e-04	1.0113816172e+02
1.3563334427e-04	1.0340115962e+02
1.3879265071e-04	1.0571469424e+02
1.4202554685e-04	1.0807988746e+02
1.4533374682e-04	1.1049788497e+02
1.4871900466e-04	1.1296985795e+02
1.5218311529e-04	1.1549700302e+02
1.5572791542e-04	1.1808054214e+02
1.5935528455e-04	1.2072172465e+02
1.6306714596e-04	1.2342182616e+02
1.6686546773e-04	1.2618214969e+02
1.7075226379e-04	1.2900402704e+02
1.7472959495e-04	1.3188881794e+02
1.7879957006e-04	1.3483791181e+02
1.8296434706e-04	1.3785272750e+02
1.8722613418e-04	1.4093471406e+02
1.9158719108e-04	1.4408535190e+02
1.9604983005e-04	1.4730615270e+02
2.0061641722e-04	1.5059865971e+02
2.0528937388e-04	1.5396444983e+02
2.1007117768e-04	1.5740513244e+02
2.1496436400e-04	1.6092235116e+02
2.1997152727e-04	1.6451778403e+02
2.2509532236e-04	1.6819314411e+02
2.3033846597e-04	1.7195018070e+02
2.3570373808e-04	1.7579067842e+02
2.4119398343e-04	1.7971645986e+02
2.4681211302e-04	1.8372938437e+02
2.5256110567e-04	1.8783135153e+02
2.5844400955e-04	1.9202429636e+02
2.6446394387e-04	1.9631019701e+02
2.7062410047e-04	2.0069106947e+02
2.7692774556e-04	2.0516897131e+02
2.8337822140e-04	2.0974600117e+02
2.8997894812e-04	2.1442429998e+02
2.9673342552e-04	2.1920605167e+02
3.0364523491e-04	2.2409348232e+02
3.1071804102e-04	2.2908886295e+02
3.1795559395e-04	2.3419450883e+02
3.2536173115e-04	2.3941277940e+02
3.3294037944e-04	2.4474608138e+02
3.4069555713e-04	2.5019686616e+02
3.4863137611e-04	2.5576763247e+02
3.5675204406e-04	2.6146092659e+02
3.6506186667e-04	2.6727934153e+02
3.7356524992e-04	2.7322551982e+02
3.8226670240e-04	2.7930215195e+02
3.9117083775e-04	2.8551197718e+02
4.0028237705e-04	2.9185778551e+02
4.0960615137e-04	2.9834241696e+02
4.1914710429e-04	3.0496876076e+02
4.2891029456e-04	3.1173975691e+02
4.3890089874e-04	3.1865839769e+02
4.4912421398e-04	3.2572772396e+02
4.5958566083e-04	3.3295083145e+02
4.7029078608e-04	3.4033086461e+02
4.8124526573e-04	3.4787102002e+02
4.9245490799e-04	3.5557454669e+02
5.0392565636e-04	3.6344474485e+02
5.1566359279e-04	3.7148496607e+02
5.2767494087e-04	3.7969861188e+02
5.3996606920e-04	3.8808913972e+02
5.5254349468e-04	3.9666004961e+02
5.6541388603e-04	4.0541489941e+02
5.7858406732e-04	4.1435729448e+02
5.9206102153e-04	4.2349088643e+02
6.0585189434e-04	4.3281938020e+02
6.1996399783e-04	4.4234652199e+02
6.3440481445e-04	4.5207610939e+02
6.4918200089e-04	4.6201198547e+02
6.6430339223e-04	4.7215803401e+02
6.7977700602e-04	4.8251818380e+02
6.9561104657e-04	4.9309640504e+02
7.1181390931e-04	5.0389670132e+02
7.2839418520e-04	5.1492312685e+02
7.4536066534e-04	5.2617975077e+02
7.6272234556e-04	5.3767069322e+02
7.8048843127e-04	5.4940008796e+02
7.9866834227e-04	5.6137211973e+02
8.1727171781e-04	5.7359095370e+02
8.3630842162e-04	5.8606082492e+02
8.5578854723e-04	5.9878594982e+02
8.7572242325e-04	6.1177056470e+02
8.9612061890e-04	6.2501891008e+02
9.1699394956e-04	6.3853524138e+02
9.3835348255e-04	6.5232377720e+02
9.6021054297e-04	6.6638878514e+02
9.8257671974e-04	6.8073443537e+02
1.0054638717e-03	6.9536495441e+02
1.0288841339e-03	7.1028447889e+02
1.0528499241e-03	7.2549716140e+02
1.0773739492e-03	7.4100703119e+02
1.1024692123e-03	7.5681814458e+02
1.1281490192e-03	7.7293444730e+02
1.1544269856e-03	7.8935981596e+02
1.1813170444e-03	8.0609803982e+02
1.2088334532e-03	8.2315282623e+02
1.2369908015e-03	8.4052775179e+02
1.2658040187e-03	8.5822629038e+02
1.2952883819e-03	8.7625176609e+02
1.3254595242e-03	8.9460737175e+02
1.3563334427e-03	9.1329611181e+02
1.3879265071e-03	9.3232083172e+02
1.4202554685e-03	9.5168417352e+02
1.4533374682e-03	9.7138856760e+02
1.4871900466e-03	9.9143621411e+02
1.5218311529e-03	1.0118290615e+03
1.5572791542e-03	1.0325687731e+03
1.5935528455e-03	1.0536567387e+03
1.6306714596e-03	1.0750940329e+03
1.6686546773e-03	1.0968813786e+03
1.7075226379e-03	1.1190191448e+03
1.7472959495e-03	1.1415073181e+03
1.7879957006e-03	1.1643454687e+03
1.8296434706e-03	1.1875327337e+03
1.8722613418e-03	1.2110677496e+03
1.9158719108e-03	1.2349487183e+03
1.9604983005e-03	1.2591732586e+03
2.0061641722e-03	1.2837384523e+03
2.0528937388e-03	1.3086408300e+03
2.1007117768e-03	1.3338762838e+03
2.1496436400e-03	1.3594400485e+03
2.1997152727e-03	1.3853263903e+03
2.2509532236e-03	1.4115286813e+03
2.3033846597e-03	1.4380408444e+03
2.3570373808e-03	1.4648552439e+03
2.4119398343e-03	1.4919634163e+03
2.4681211302e-03	1.5193561438e+03
2.5256110567e-03	1.5470232834e+03
2.5844400955e-03	1.5749537936e+03
2.6446394387e-03	1.6031358355e+03
2.7062410047e-03	1.6315565995e+03
2.7692774556e-03	1.6602021596e+03
2.8337822140e-03	1.6890578729e+03
2.8997894812e-03	1.7181079116e+03
2.9673342552e-03	1.7473354761e+03
3.0364523491e-03	1.7767228580e+03
3.1071804102e-03	1.8062512119e+03
3.1795559395e-03	1.8359006455e+03
3.2536173115e-03	1.8656504194e+03
3.3294037944e-03	1.8954784479e+03
3.4069555713e-03	1.9253619890e+03
3.4863137611e-03	1.9552770640e+03
3.5675204406e-03	1.9851988207e+03
3.6506186667e-03	2.0151015112e+03
3.7356524992e-03	2.0449582630e+03
3.8226670240e-03	2.0747415545e+03
3.9117083775e-03	2.1044228690e+03
4.0028237705e-03	2.1339731093e+03
4.0960615137e-03	2.1633621737e+03
4.1914710429e-03	2.1925592899e+03
4.2891029456e-03	2.2215334393e+03
4.3890089874e-03	2.2502527501e+03
4.4912421398e-03	2.2786852607e+03
4.5958566083e-03	2.3067978230e+03
4.7029078608e-03	2.3345581547e+03
4.8124526573e-03	2.3619325176e+03
4.9245490799e-03	2.3888870157e+03
5.0392565636e-03	2.4153927131e+03
5.1566359279e-03	2.4414142797e+03
5.2767494087e-03	2.4669188760e+03
5.3996606920e-03	2.4918745826e+03
5.5254349468e-03	2.5162488109e+03
5.6541388603e-03	2.5400097319e+03
5.7858406732e-03	2.5631262813e+03
5.9206102153e-03	2.5855667425e+03
6.0585189434e-03	2.6073014568e+03
6.1996399783e-03	2.6282982523e+03
6.3440481445e-03	2.6485286236e+03
6.4918200089e-03	2.6679611245e+03
6.6430339223e-03	2.6865658419e+03
6.7977700602e-03	2.7043140803e+03
6.9561104657e-03	2.7211723897e+03
7.1181390931e-03	2.7371123842e+03
7.2839418520e-03	2.7521007886e+03
7.4536066534e-03	2.7661059900e+03
7.6272234556e-03	2.7790933423e+03
7.8048843127e-03	2.7910278134e+03
7.9866834227e-03	2.8018741820e+03
8.1727171781e-03	2.8115927372e+03
8.3630842162e-03	2.8201433495e+03
8.5578854723e-03	2.8274832933e+03
8.7572242325e-03	2.8335681434e+03
8.9612061890e-03	2.8383505962e+03
9.1699394956e-03	2.8417817048e+03
9.3835348255e-03	2.8438108043e+03
9.6021054297e-03	2.8443853413e+03
9.8257671974e-03	2.8434534304e+03
1.0054638717e-02	2.8409607075e+03
1.0288841339e-02	2.8368558745e+03
1.0528499241e-02	2.8310877154e+03
1.0773739492e-02	2.8236070036e+03
1.1024692123e-02	2.8143705272e+03
1.1281490192e-02	2.8033364026e+03
1.1544269856e-02	2.7904709619e+03
1.1813170444e-02	2.7757469641e+03
1.2088334532e-02	2.7591425059e+03
1.2369908015e-02	2.7406500038e+03
1.2658040187e-02	2.7202644406e+03
1.2952883819e-02	2.6979935740e+03
1.3254595242e-02	2.6738562844e+03
1.3563334427e-02	2.6478764230e+03
1.3879265071e-02	2.6200861734e+03
1.4202554685e-02	2.5905236731e+03
1.4533374682e-02	2.5592338329e+03
1.4871900466e-02	2.5262640902e+03
1.5218311529e-02	2.4916628487e+03
1.5572791542e-02	2.4554844969e+03
1.5935528455e-02	2.4177788063e+03
1.6306714597e-02	2.3785892539e+03
1.6686546774e-02	2.3379624526e+03
1.7075226380e-02	2.2959454040e+03
1.7472959498e-02	2.2525854169e+03
1.7879957013e-02	2.2079275628e+03
1.8296434721e-02	2.1620251670e+03
1.8722613449e-02	2.1149364074e+03
1.9158719170e-02	2.0667276188e+03
1.9604983124e-02	2.0174741902e+03
2.0061641951e-02	1.9672614893e+03
2.0528937818e-02	1.9161915961e+03
2.1007118562e-02	1.8643595925e+03
2.1496437841e-02	1.8118840802e+03
2.1997155298e-02	1.7588733600e+03
2.2509536751e-02	1.7054449309e+03
2.3033854402e-02	1.6517045759e+03
2.3570387094e-02	1.5977686228e+03
2.4119420617e-02	1.5437291240e+03
2.4681248094e-02	1.4896949098e+03
2.5256170465e-02	1.4357584405e+03
2.5844497098e-02	1.3820216558e+03
2.6446546584e-02	1.3285855562e+03
2.7062647743e-02	1.2755586878e+03
2.7693140911e-02	1.2230494711e+03
2.8338379561e-02	1.1711723985e+03
2.8998732343e-02	1.1200381487e+03
2.9674585596e-02	1.0697575483e+03
3.0366346435e-02	1.0204306357e+03
3.1074446455e-02	9.7214606934e+02
3.1799346157e-02	9.2499462902e+02
3.2541540120e-02	8.7904836159e+02
3.3301562978e-02	8.3437787945e+02
3.4079996221e-02	7.9105790908e+02
3.4877475796e-02	7.4914825701e+02
3.5694700481e-02	7.0871019971e+02
3.6532440955e-02	6.6978503777e+02
3.7391549441e-02	6.3241864991e+02
3.8272969776e-02	5.9662950291e+02
3.9177747727e-02	5.6242474719e+02
4.0107041314e-02	5.2980634651e+02
4.1062130891e-02	4.9876381276e+02
4.2044428710e-02	4.6927764853e+02
4.3055487646e-02	4.4132338789e+02
4.4097008782e-02	4.1485893453e+02
4.5170847515e-02	3.8983246664e+02
4.6279017868e-02	3.6618608956e+02
4.7423694694e-02	3.4385008870e+02
4.8607213486e-02	3.2275347640e+02
4.9832067564e-02	3.0282080344e+02
5.1100902452e-02	2.8397278518e+02
5.2416507354e-02	2.6612394602e+02
5.3781803735e-02	2.4919184349e+02
5.5199831142e-02	2.3309278220e+02
5.6673730514e-02	2.1775067496e+02
5.8206725415e-02	2.0309251338e+02
5.9802101709e-02	1.8905461896e+02
6.1463186370e-02	1.7558354857e+02
6.3193326170e-02	1.6263839918e+02
6.4995867076e-02	1.5018719652e+02
6.6874135154e-02	1.3820843964e+02
6.8831419758e-02	1.2668770952e+02
7.0870959652e-02	1.1561709682e+02
7.2995932596e-02	1.0499345751e+02
7.5209448716e-02	9.4819643297e+01
7.7514547848e-02	8.5107366375e+01
7.9914200805e-02	7.5881062650e+01
8.2411314399e-02	6.7182427167e+01
8.5008739898e-02	5.9069954361e+01
8.7709284497e-02	5.1611913101e+01
9.0515725341e-02	4.4874685093e+01
9.3430825578e-02	3.8905853713e+01
9.6457351970e-02	3.3719286854e+01
9.9598093562e-02	2.9287212559e+01
1.0285588100e-01	2.5542058243e+01
1.0623360608e-01	2.2387607700e+01
1.0973424128e-01	1.9716128929e+01
1.1336085888e-01	1.7425111391e+01
1.1711664954e-01	1.5429211536e+01
1.2100494014e-01	1.3662796762e+01
1.2502921074e-01	1.2074642614e+01
1.2919311046e-01	1.0620739577e+01
1.3350047238e-01	9.2640994501e+00
1.3795532720e-01	7.9843278946e+00
1.4256191572e-01	6.7880272734e+00
1.4732470003e-01	5.7054527405e+00
1.5224837333e-01	4.7698330756e+00
1.5733786838e-01	3.9946810150e+00
1.6259836432e-01	3.3675137949e+00
1.6803529197e-01	2.8617298984e+00
1.7365433721e-01	2.4518429090e+00
1.7946144244e-01	2.1177242528e+00
1.8546280576e-01	1.8388408069e+00
1.9166487771e-01	1.5903045240e+00
1.9807435513e-01	1.3549511380e+00
2.0469817185e-01	1.1349977781e+00
2.1154348579e-01	9.4207172916e-01
2.1861766198e-01	7.8050524938e-01
2.2592825100e-01	6.4727861651e-01
2.3348296232e-01	5.4090024976e-01
2.4128963204e-01	4.5884454974e-01
2.4935618433e-01	3.9181847168e-01
2.5769058617e-01	3.3138080987e-01
2.6630079487e-01	2.7732606330e-01
2.7519469789e-01	2.3031980384e-01
2.8438004473e-01	1.8934689122e-01
2.9386437075e-01	1.5640465676e-01
3.0365491309e-01	1.3111198457e-01
3.1375851897e-01	1.0987548878e-01
3.2418154733e-01	9.2057229230e-02
3.3492976490e-01	7.6657202478e-02
3.4600823853e-01	6.3014453959e-02
3.5742122614e-01	5.2222937556e-02
3.6917206929e-01	4.3300809193e-02
3.8126309102e-01	3.6152504494e-02
3.9369550344e-01	3.0115537947e-02
4.0646933004e-01	2.4912839846e-02
4.1958334828e-01	2.0674104120e-02
4.3303505822e-01	1.7119288049e-02
4.4682068323e-01	1.4305450618e-02
4.6093520806e-01	1.1885575063e-02
4.7537245911e-01	9.9156015839e-03
4.9012523004e-01	8.2372072814e-03
5.0518545426e-01	6.8866907406e-03
5.2054442301e-01	5.7621213539e-03
5.3619304554e-01	4.8166870566e-03
5.5212214430e-01	4.0472199355e-03
5.6832277575e-01	3.3862031484e-03
5.8478656470e-01	2.8607012495e-03
6.0150603835e-01	2.4057828974e-03
6.1847494565e-01	2.0309610854e-03
6.3568854768e-01	1.7226098347e-03
6.5314386666e-01	1.4549302698e-03
6.7083988321e-01	1.2386844681e-03
6.8877767508e-01	1.0542050320e-03
7.0696049388e-01	8.9556252769e-04
7.2539378017e-01	7.6687928307e-04
7.4408512020e-01	6.5571224525e-04
7.6304415064e-01	5.5969432273e-04
7.8228241917e-01	4.8106665173e-04
8.0181321031e-01	4.1358308033e-04
8.2165134601e-01	3.5434929141e-04
8.4181297062e-01	3.0484380111e-04
8.6231532903e-01	2.6329580645e-04
8.8317654601e-01	2.2683833134e-04
9.0441541352e-01	1.9508530050e-04
9.2605119178e-01	1.6829482552e-04
9.4810342851e-01	1.4563140855e-04
9.7059179977e-01	1.2595855199e-04
9.9353597460e-01	1.0871940698e-04
1.0169555048e+00	9.3769393634e-05
1.0408697401e+00	8.0952214208e-05
1.0652977683e+00	6.9983026917e-05
1.0902583792e+00	6.0554488313e-05
1.1157700501e+00	5.2402096311e-05
1.1418509508e+00	4.5337317353e-05
1.1685189659e+00	3.9212486063e-05
1.1957917291e+00	3.3903778012e-05
1.2236866704e+00	2.9305678857e-05
1.2522210686e+00	2.5322489148e-05
1.2814121100e+00	2.1871233437e-05
1.3112769486e+00	1.8882002786e-05
1.3418327664e+00	1.6299106299e-05
1.3730968318e+00	1.4078126283e-05
1.4050865544e+00	1.2177851909e-05
1.4378195367e+00	1.0542713603e-05
1.4713136199e+00	9.1094665430e-06
1.5055869258e+00	7.8464673197e-06
1.5406578931e+00	6.7691653849e-06
1.5765453097e+00	5.8632445930e-06
1.6132683413e+00	5.0581029320e-06
1.6508465550e+00	4.3550377122e-06
1.6892999418e+00	3.7732902456e-06
1.7286489352e+00	3.2466723410e-06
1.7689144286e+00	2.8075054843e-06
1.8101177909e+00	2.4188917529e-06
1.8522808814e+00	2.0902789959e-06
1.8954260634e+00	1.7993943265e-06
1.9395762182e+00	1.5576208695e-06
1.9847547578e+00	1.3383611982e-06
2.0309856381e+00	1.1558176245e-06
2.0782933726e+00	9.9871503546e-07
2.1267030450e+00	8.5942027902e-07
2.1762403230e+00	7.3967360121e-07
2.2269314723e+00	6.3837504327e-07
2.2788033700e+00	5.5119781891e-07
2.3318835194e+00	4.7554964928e-07
2.3862000642e+00	4.1007512823e-07
2.4417818039e+00	3.5339034197e-07
2.4986582086e+00	3.0442471172e-07
2.5568594350e+00	2.6197501974e-07
2.6164163421e+00	2.2532351736e-07
2.6773605077e+00	1.9411089180e-07
2.7397242454e+00	1.6770894699e-07
2.8035406211e+00	1.4447405577e-07
2.8688434711e+00	1.2403224369e-07
2.9356674200e+00	1.0724804557e-07
3.0040478985e+00	9.2058983741e-08
3.0740211630e+00	7.9547648721e-08
3.1456243142e+00	6.8223191195e-08
3.2188953171e+00	5.8955030351e-08
3.2938730209e+00	5.0737905263e-08
3.3705971797e+00	4.3556378884e-08
3.4491084738e+00	3.7489903202e-08
3.5294485309e+00	3.2297637625e-08
3.6116599483e+00	2.7812623561e-08
3.6957863156e+00	2.3926768172e-08
3.7818722377e+00	2.0572077350e-08
3.8699633585e+00	1.7707844178e-08
3.9601063851e+00	1.5285850817e-08
4.0523491126e+00	1.3142044039e-08
4.1467404492e+00	1.1280040074e-08
4.2433304425e+00	9.7381361924e-09
4.3421703057e+00	8.3525163276e-09
4.4433124451e+00	7.1888655521e-09
4.5468104876e+00	6.2008103835e-09
4.6527193092e+00	5.3290122172e-09
4.7610950642e+00	4.5782538650e-09
4.8719952147e+00	3.9373644213e-09
4.9854785617e+00	3.3898779165e-09
5.1016052753e+00	2.9171328423e-09
5.2204369276e+00	2.5001901584e-09
5.3420365247e+00	2.1513808843e-09
5.4664685402e+00	1.8512167737e-09
5.5937989497e+00	1.5918631481e-09
5.7240952655e+00	1.3645838020e-09
5.8574265723e+00	1.1744137707e-09
5.9938635642e+00	1.0105702403e-09
6.1334785820e+00	8.6819288526e-10
6.2763456512e+00	7.4496192175e-10
6.4225405221e+00	6.4110458333e-10
6.5721407089e+00	5.5226451310e-10
6.7252255317e+00	4.7305571901e-10
6.8818761580e+00	4.0693305188e-10
7.0421756463e+00	3.5050861852e-10
7.2062089892e+00	3.0118117824e-10
7.3740631596e+00	2.5873019221e-10
7.5458271559e+00	2.2189841477e-10
7.7215920496e+00	1.9022134374e-10
7.9014510336e+00	1.6405416178e-10
8.0854994715e+00	1.4052649063e-10
8.2738349483e+00	1.2052532251e-10
8.4665573218e+00	1.0354358874e-10
8.6637687762e+00	8.8923583103e-11
8.8655738754e+00	7.6616061587e-11
9.0720796193e+00	6.5684478983e-11
9.2833954998e+00	5.6548221259e-11
9.4996335595e+00	4.8437769189e-11
9.7209084507e+00	4.1582257741e-11
9.9473374962e+00	3.5784991525e-11
1.0179040752e+01	3.0685985255e-11
1.0416141069e+01	2.6348630955e-11
1.0658764163e+01	2.2564511857e-11
1.0907038674e+01	1.9365890375e-11
1.1161096242e+01	1.6642909436e-11
1.1421071571e+01	1.4333722179e-11
1.1687102502e+01	1.2260217117e-11
1.1959330091e+01	1.0515909263e-11
1.2237898674e+01	9.0256906358e-12
1.2522955954e+01	7.7674386407e-12
1.2814653070e+01	6.6566465170e-12
1.3113144685e+01	5.7287971253e-12
1.3418589063e+01	4.9153521350e-12
1.3731148154e+01	4.2038036925e-12
1.4050987682e+01	3.6203636122e-12
1.4378277230e+01	3.0986439587e-12
1.4713190331e+01	2.6616575708e-12
1.5055904559e+01	2.2844061643e-12
1.5406601628e+01	1.9596726203e-12
1.5765467481e+01	1.6801167566e-12
1.6132692393e+01	1.4444059604e-12
1.6508471073e+01	1.2336520512e-12
1.6893002762e+01	1.0580835877e-12
1.7286491345e+01	9.0832519212e-13
1.7689145454e+01	7.8097564488e-13
1.8101178583e+01	6.7041913445e-13
1.8522809196e+01	5.7396523791e-13
1.8954260847e+01	4.9261800654e-13
1.9395762299e+01	4.2206098498e-13
1.9847547640e+01	3.6277114770e-13
2.0309856414e+01	3.1029739690e-13
2.0782933743e+01	2.6633865050e-13
2.1267030458e+01	2.2828353162e-13
2.1762403235e+01	1.9606651702e-13
2.2269314725e+01	1.6754250044e-13
2.2788033701e+01	1.4410645954e-13
2.3318835194e+01	1.2333756068e-13
2.3862000642e+01	1.0593118214e-13
2.4417818039e+01	9.0863712334e-14
2.4986582086e+01	7.7568229771e-14
2.5568594350e+01	6.6520074098e-14
2.6164163421e+01	5.7237482080e-14
2.6773605077e+01	4.9054425673e-14
2.7397242454e+01	4.1889684377e-14
2.8035406211e+01	3.5896188928e-14
2.8688434711e+01	3.0906501239e-14
2.9356674200e+01	2.6475209159e-14
3.0040478985e+01	2.2649030593e-14
