1.0528499241e-05	5.1123732525e+01
1.3254595242e-05	6.3798736019e+01
1.6686546774e-05	7.9616166410e+01
2.1007117768e-05	9.9355048387e+01
2.6446394387e-05	1.2398748306e+02
3.3294037944e-05	1.5472643529e+02
4.1914710429e-05	1.9308531507e+02
5.2767494087e-05	2.4095220493e+02
6.6430339223e-05	3.0068218304e+02
8.3630842162e-05	3.7521205141e+02
1.0528499241e-04	4.6820245053e+02
1.3254595242e-04	5.8421317700e+02
1.6686546773e-04	7.2891805764e+02
2.1007117768e-04	9.0936553192e+02
2.6446394387e-04	1.1342896004e+03
3.3294037944e-04	1.4144716274e+03
4.1914710429e-04	1.7631452057e+03
5.2767494087e-04	2.1964222081e+03
6.6430339223e-04	2.7336957724e+03
8.3630842162e-04	3.3979347004e+03
1.0528499241e-03	4.2156894691e+03
1.3254595242e-03	5.2164380542e+03
1.6686546773e-03	6.4307018956e+03
2.1007117768e-03	7.8861753532e+03
2.6446394387e-03	9.6007682995e+03
3.3294037944e-03	1.1572352210e+04
4.1914710429e-03	1.3765812648e+04
5.2767494087e-03	1.6100837835e+04
6.6430339223e-03	1.8445599039e+04
8.3630842162e-03	2.0616957098e+04
1.0528499241e-02	2.2379783246e+04
1.3254595242e-02	2.3443845308e+04
1.6686546773e-02	2.3475334766e+04
2.1007117551e-02	2.2181094790e+04
2.6446239555e-02	1.9521134838e+04
3.3273743748e-02	1.5969624525e+04
4.1271830785e-02	1.2676863249e+04
4.7925021188e-02	1.0880454999e+04
5.2767007927e-02	1.0003372630e+04
5.6774330373e-02	9.4568135229e+03
6.0359120195e-02	9.0453241310e+03
6.3706246053e-02	8.6876938641e+03
6.6914030285e-02	8.3433915031e+03
7.0041631710e-02	7.9911148425e+03
7.3128010768e-02	7.6207236271e+03
7.6200682074e-02	7.2298593202e+03
7.9280208556e-02	6.8217794454e+03
8.2382704686e-02	6.4038860449e+03
8.5521322537e-02	5.9863020009e+03
8.8707180226e-02	5.5804123390e+03
9.1949966650e-02	5.1975204545e+03
9.5258349117e-02	4.8475486460e+03
9.8640256031e-02	4.5379534330e+03
1.0210307755e-01	4.2729791241e+03
1.0565381075e-01	4.0531519159e+03
1.0929916614e-01	3.8751975552e+03
1.1304564679e-01	3.7321389337e+03
1.1689960745e-01	3.6138006693e+03
1.2086729890e-01	3.5077408477e+03
1.2495490132e-01	3.4006944086e+03
1.2916854939e-01	3.2806779374e+03
1.3351435117e-01	3.1392951232e+03
1.3799840245e-01	2.9737980780e+03
1.4262679799e-01	2.7879874147e+03
1.4740564070e-01	2.5915411869e+03
1.5234104995e-01	2.3976990642e+03
1.5743916990e-01	2.2199292551e+03
1.6270617880e-01	2.0685643795e+03
1.6814830022e-01	1.9482190783e+03
1.7377181691e-01	1.8566687622e+03
1.7958308842e-01	1.7853778603e+03
1.8558857308e-01	1.7222366891e+03
1.9179485536e-01	1.6537538130e+03
1.9820867937e-01	1.5703837718e+03
2.0483698945e-01	1.4712686472e+03
2.1168697869e-01	1.3637028090e+03
2.1876614634e-01	1.2593485527e+03
2.2608236520e-01	1.1687738000e+03
2.3364396024e-01	1.0969962983e+03
2.4145979978e-01	1.0417130288e+03
2.4953940100e-01	9.9468389357e+02
2.5789305206e-01	9.4600549213e+02
2.6653195332e-01	8.8968979117e+02
2.7546838143e-01	8.2717777902e+02
2.8471588058e-01	7.6575648280e+02
2.9428948674e-01	7.1271783664e+02
3.0420599271e-01	6.7000717735e+02
3.1448426354e-01	6.3348275965e+02
3.2514561573e-01	5.9692130650e+02
3.3621427740e-01	5.5732287892e+02
3.4771795266e-01	5.1699906572e+02
3.5968852159e-01	4.8042899970e+02
3.7216291878e-01	4.4924190615e+02
3.8518424976e-01	4.2084616310e+02
3.9880322888e-01	3.9217264193e+02
4.1308005805e-01	3.6336013920e+02
4.2808691991e-01	3.3655545010e+02
4.4391134340e-01	3.1243707528e+02
4.6066083342e-01	2.8954330240e+02
4.7846937497e-01	2.6683112764e+02
4.9750678995e-01	2.4525788659e+02
5.1799256544e-01	2.2523951610e+02
5.4021693207e-01	2.0573362468e+02
5.6457416227e-01	1.8687495043e+02
5.9161741183e-01	1.6884903572e+02
6.2215357462e-01	1.5116222865e+02
6.5741709418e-01	1.3387016961e+02
6.9941077897e-01	1.1665351416e+02
7.5162760946e-01	9.9296342772e+01
8.2070208252e-01	8.1422824571e+01
9.2030782609e-01	6.2700746612e+01
1.0782225566e+00	4.3487357401e+01
1.3287993634e+00	2.6624287404e+01
1.6703883051e+00	1.5415010535e+01
2.1028497582e+00	8.8153262632e+00
2.6473308419e+00	5.0004185643e+00
3.3327920702e+00	2.8157558212e+00
4.1957366294e+00	1.5750483316e+00
5.2821194640e+00	8.7570594217e-01
6.6497944213e+00	4.8418229187e-01
8.3715951802e+00	2.6634714335e-01
1.0539213910e+01	1.4583023162e-01
1.3268084211e+01	7.9497565171e-02
1.6703528379e+01	4.3161754248e-02
2.1028496343e+01	2.3343674358e-02
2.6473308418e+01	1.2578902775e-02
3.3327920702e+01	6.7537369429e-03
