1.0528499241e-05	9.8181856711e-01
1.0773739492e-05	9.8181856647e-01
1.1024692123e-05	9.8181856580e-01
1.1281490192e-05	9.8181856510e-01
1.1544269856e-05	9.8181856437e-01
1.1813170444e-05	9.8181856360e-01
1.2088334532e-05	9.8181856280e-01
1.2369908015e-05	9.8181856196e-01
1.2658040187e-05	9.8181856108e-01
1.2952883819e-05	9.8181856015e-01
1.3254595242e-05	9.8181855919e-01
1.3563334427e-05	9.8181855818e-01
1.3879265071e-05	9.8181855712e-01
1.4202554685e-05	9.8181855601e-01
1.4533374682e-05	9.8181855485e-01
1.4871900466e-05	9.8181855363e-01
1.5218311529e-05	9.8181855236e-01
1.5572791542e-05	9.8181855102e-01
1.5935528455e-05	9.8181854963e-01
1.6306714596e-05	9.8181854816e-01
1.6686546774e-05	9.8181854663e-01
1.7075226379e-05	9.8181854503e-01
1.7472959495e-05	9.8181854335e-01
1.7879957006e-05	9.8181854159e-01
1.8296434706e-05	9.8181853975e-01
1.8722613418e-05	9.8181853783e-01
1.9158719108e-05	9.8181853581e-01
1.9604983005e-05	9.8181853369e-01
2.0061641722e-05	9.8181853148e-01
2.0528937388e-05	9.8181852916e-01
2.1007117768e-05	9.8181852674e-01
2.1496436400e-05	9.8181852420e-01
2.1997152727e-05	9.8181852153e-01
2.2509532236e-05	9.8181851875e-01
2.3033846597e-05	9.8181851583e-01
2.3570373808e-05	9.8181851278e-01
2.4119398343e-05	9.8181850958e-01
2.4681211302e-05	9.8181850623e-01
2.5256110567e-05	9.8181850272e-01
2.5844400955e-05	9.8181849905e-01
2.6446394387e-05	9.8181849520e-01
2.7062410047e-05	9.8181849117e-01
2.7692774556e-05	9.8181848696e-01
2.8337822140e-05	9.8181848254e-01
2.8997894812e-05	9.8181847792e-01
2.9673342552e-05	9.8181847308e-01
3.0364523491e-05	9.8181846801e-01
3.1071804102e-05	9.8181846270e-01
3.1795559395e-05	9.8181845714e-01
3.2536173115e-05	9.8181845132e-01
3.3294037944e-05	9.8181844522e-01
3.4069555713e-05	9.8181843884e-01
3.4863137611e-05	9.8181843216e-01
3.5675204406e-05	9.8181842516e-01
3.6506186667e-05	9.8181841783e-01
3.7356524992e-05	9.8181841016e-01
3.8226670240e-05	9.8181840212e-01
3.9117083775e-05	9.8181839371e-01
4.0028237705e-05	9.8181838490e-01
4.0960615137e-05	9.8181837567e-01
4.1914710429e-05	9.8181836601e-01
4.2891029456e-05	9.8181835589e-01
4.3890089874e-05	9.8181834530e-01
4.4912421398e-05	9.8181833421e-01
4.5958566083e-05	9.8181832260e-01
4.7029078608e-05	9.8181831044e-01
4.8124526573e-05	9.8181829770e-01
4.9245490799e-05	9.8181828437e-01
5.0392565636e-05	9.8181827040e-01
5.1566359279e-05	9.8181825578e-01
5.2767494087e-05	9.8181824047e-01
5.3996606920e-05	9.8181822444e-01
5.5254349468e-05	9.8181820765e-01
5.6541388603e-05	9.8181819007e-01
5.7858406732e-05	9.8181817167e-01
5.9206102153e-05	9.8181815239e-01
6.0585189434e-05	9.8181813221e-01
6.1996399783e-05	9.8181811108e-01
6.3440481445e-05	9.8181808895e-01
6.4918200089e-05	9.8181806577e-01
6.6430339223e-05	9.8181804151e-01
6.7977700602e-05	9.8181801610e-01
6.9561104657e-05	9.8181798950e-01
7.1181390931e-05	9.8181796164e-01
7.2839418520e-05	9.8181793247e-01
7.4536066534e-05	9.8181790192e-01
7.6272234556e-05	9.8181786993e-01
7.8048843127e-05	9.8181783644e-01
7.9866834227e-05	9.8181780137e-01
8.1727171781e-05	9.8181776465e-01
8.3630842162e-05	9.8181772619e-01
8.5578854723e-05	9.8181768593e-01
8.7572242325e-05	9.8181764376e-01
8.9612061890e-05	9.8181759961e-01
9.1699394956e-05	9.8181755338e-01
9.3835348255e-05	9.8181750497e-01
9.6021054297e-05	9.8181745428e-01
9.8257671974e-05	9.8181740120e-01
1.0054638717e-04	9.8181734562e-01
1.0288841339e-04	9.8181728742e-01
1.0528499241e-04	9.8181722648e-01
1.0773739492e-04	9.8181716267e-01
1.1024692123e-04	9.8181709585e-01
1.1281490192e-04	9.8181702588e-01
1.1544269856e-04	9.8181695262e-01
1.1813170444e-04	9.8181687590e-01
1.2088334532e-04	9.8181679557e-01
1.2369908015e-04	9.8181671146e-01
1.2658040187e-04	9.8181662338e-01
1.2952883819e-04	9.8181653116e-01
1.3254595242e-04	9.8181643458e-01
1.3563334427e-04	9.8181633346e-01
1.3879265071e-04	9.8181622758e-01
1.4202554685e-04	9.8181611670e-01
1.4533374682e-04	9.8181600061e-01
1.4871900466e-04	9.8181587904e-01
1.5218311529e-04	9.8181575175e-01
1.5572791542e-04	9.8181561846e-01
1.5935528455e-04	9.8181547889e-01
1.6306714596e-04	9.8181533275e-01
1.6686546773e-04	9.8181517973e-01
1.7075226379e-04	9.8181501950e-01
1.7472959495e-04	9.8181485172e-01
1.7879957006e-04	9.8181467604e-01
1.8296434706e-04	9.8181449208e-01
1.8722613418e-04	9.8181429947e-01
1.9158719108e-04	9.8181409778e-01
1.9604983005e-04	9.8181388659e-01
2.0061641722e-04	9.8181366546e-01
2.0528937388e-04	9.8181343392e-01
2.1007117768e-04	9.8181319147e-01
2.1496436400e-04	9.8181293761e-01
2.1997152727e-04	9.8181267180e-01
2.2509532236e-04	9.8181239347e-01
2.3033846597e-04	9.8181210204e-01
2.3570373808e-04	9.8181179689e-01
2.4119398343e-04	9.8181147737e-01
2.4681211302e-04	9.8181114282e-01
2.5256110567e-04	9.8181079252e-01
2.5844400955e-04	9.8181042573e-01
2.6446394387e-04	9.8181004168e-01
2.7062410047e-04	9.8180963956e-01
2.7692774556e-04	9.8180921852e-01
2.8337822140e-04	9.8180877767e-01
2.8997894812e-04	9.8180831608e-01
2.9673342552e-04	9.8180783277e-01
3.0364523491e-04	9.8180732673e-01
3.1071804102e-04	9.8180679688e-01
3.1795559395e-04	9.8180624212e-01
3.2536173115e-04	9.8180566126e-01
3.3294037944e-04	9.8180505310e-01
3.4069555713e-04	9.8180441634e-01
3.4863137611e-04	9.8180374965e-01
3.5675204406e-04	9.8180305162e-01
3.6506186667e-04	9.8180232078e-01
3.7356524992e-04	9.8180155559e-01
3.8226670240e-04	9.8180075445e-01
3.9117083775e-04	9.8179991568e-01
4.0028237705e-04	9.8179903750e-01
4.0960615137e-04	9.8179811808e-01
4.1914710429e-04	9.8179715548e-01
4.2891029456e-04	9.8179614769e-01
4.3890089874e-04	9.8179509259e-01
4.4912421398e-04	9.8179398797e-01
4.5958566083e-04	9.8179283152e-01
4.7029078608e-04	9.8179162081e-01
4.8124526573e-04	9.8179035331e-01
4.9245490799e-04	9.8178902637e-01
5.0392565636e-04	9.8178763723e-01
5.1566359279e-04	9.8178618297e-01
5.2767494087e-04	9.8178466056e-01
5.3996606920e-04	9.8178306684e-01
5.5254349468e-04	9.8178139847e-01
5.6541388603e-04	9.8177965199e-01
5.7858406732e-04	9.8177782377e-01
5.9206102153e-04	9.8177591000e-01
6.0585189434e-04	9.8177390672e-01
6.1996399783e-04	9.8177180977e-01
6.3440481445e-04	9.8176961481e-01
6.4918200089e-04	9.8176731730e-01
6.6430339223e-04	9.8176491249e-01
6.7977700602e-04	9.8176239541e-01
6.9561104657e-04	9.8175976088e-01
7.1181390931e-04	9.8175700348e-01
7.2839418520e-04	9.8175411754e-01
7.4536066534e-04	9.8175109714e-01
7.6272234556e-04	9.8174793608e-01
7.8048843127e-04	9.8174462791e-01
7.9866834227e-04	9.8174116586e-01
8.1727171781e-04	9.8173754289e-01
8.3630842162e-04	9.8173375161e-01
8.5578854723e-04	9.8172978433e-01
8.7572242325e-04	9.8172563302e-01
8.9612061890e-04	9.8172128928e-01
9.1699394956e-04	9.8171674435e-01
9.3835348255e-04	9.8171198908e-01
9.6021054297e-04	9.8170701393e-01
9.8257671974e-04	9.8170180894e-01
1.0054638717e-03	9.8169636372e-01
1.0288841339e-03	9.8169066744e-01
1.0528499241e-03	9.8168470879e-01
1.0773739492e-03	9.8167847598e-01
1.1024692123e-03	9.8167195674e-01
1.1281490192e-03	9.8166513825e-01
1.1544269856e-03	9.8165800717e-01
1.1813170444e-03	9.8165054961e-01
1.2088334532e-03	9.8164275109e-01
1.2369908015e-03	9.8163459654e-01
1.2658040187e-03	9.8162607026e-01
1.2952883819e-03	9.8161715594e-01
1.3254595242e-03	9.8160783658e-01
1.3563334427e-03	9.8159809453e-01
1.3879265071e-03	9.8158791142e-01
1.4202554685e-03	9.8157726818e-01
1.4533374682e-03	9.8156614499e-01
1.4871900466e-03	9.8155452126e-01
1.5218311529e-03	9.8154237562e-01
1.5572791542e-03	9.8152968593e-01
1.5935528455e-03	9.8151642920e-01
1.6306714596e-03	9.8150258160e-01
1.6686546773e-03	9.8148811848e-01
1.7075226379e-03	9.8147301427e-01
1.7472959495e-03	9.8145724256e-01
1.7879957006e-03	9.8144077600e-01
1.8296434706e-03	9.8142358637e-01
1.8722613418e-03	9.8140564449e-01
1.9158719108e-03	9.8138692028e-01
1.9604983005e-03	9.8136738270e-01
2.0061641722e-03	9.8134699981e-01
2.0528937388e-03	9.8132573871e-01
2.1007117768e-03	9.8130356557e-01
2.1496436400e-03	9.8128044565e-01
2.1997152727e-03	9.8125634368e-01
2.2509532236e-03	9.8123122365e-01
2.3033846597e-03	9.8120504726e-01
2.3570373808e-03	9.8117777628e-01
2.4119398343e-03	9.8114937168e-01
2.4681211302e-03	9.8111979370e-01
2.5256110567e-03	9.8108900185e-01
2.5844400955e-03	9.8105695503e-01
2.6446394387e-03	9.8102361156e-01
2.7062410047e-03	9.8098892926e-01
2.7692774556e-03	9.8095286558e-01
2.8337822140e-03	9.8091537765e-01
2.8997894812e-03	9.8087642241e-01
2.9673342552e-03	9.8083595675e-01
3.0364523491e-03	9.8079393765e-01
3.1071804102e-03	9.8075032231e-01
3.1795559395e-03	9.8070506831e-01
3.2536173115e-03	9.8065813385e-01
3.3294037944e-03	9.8060947785e-01
3.4069555713e-03	9.8055906027e-01
3.4863137611e-03	9.8050684223e-01
3.5675204406e-03	9.8045278633e-01
3.6506186667e-03	9.8039685688e-01
3.7356524992e-03	9.8033902014e-01
3.8226670240e-03	9.8027924464e-01
3.9117083775e-03	9.8021750147e-01
4.0028237705e-03	9.8015376455e-01
4.0960615137e-03	9.8008801098e-01
4.1914710429e-03	9.8002022134e-01
4.2891029456e-03	9.7995037998e-01
4.3890089874e-03	9.7987847538e-01
4.4912421398e-03	9.7980450042e-01
4.5958566083e-03	9.7972845269e-01
4.7029078608e-03	9.7965033476e-01
4.8124526573e-03	9.7957015441e-01
4.9245490799e-03	9.7948792487e-01
5.0392565636e-03	9.7940366498e-01
5.1566359279e-03	9.7931739929e-01
5.2767494087e-03	9.7922915813e-01
5.3996606920e-03	9.7913897761e-01
5.5254349468e-03	9.7904689940e-01
5.6541388603e-03	9.7895297065e-01
5.7858406732e-03	9.7885724363e-01
5.9206102153e-03	9.7875977526e-01
6.0585189434e-03	9.7866062658e-01
6.1996399783e-03	9.7855986197e-01
6.3440481445e-03	9.7845754833e-01
6.4918200089e-03	9.7835375398e-01
6.6430339223e-03	9.7824854752e-01
6.7977700602e-03	9.7814199639e-01
6.9561104657e-03	9.7803416544e-01
7.1181390931e-03	9.7792511514e-01
7.2839418520e-03	9.7781489989e-01
7.4536066534e-03	9.7770356604e-01
7.6272234556e-03	9.7759114994e-01
7.8048843127e-03	9.7747767595e-01
7.9866834227e-03	9.7736315447e-01
8.1727171781e-03	9.7724758004e-01
8.3630842162e-03	9.7713092971e-01
8.5578854723e-03	9.7701316152e-01
8.7572242325e-03	9.7689421342e-01
8.9612061890e-03	9.7677400266e-01
9.1699394956e-03	9.7665242559e-01
9.3835348255e-03	9.7652935826e-01
9.6021054297e-03	9.7640465761e-01
9.8257671974e-03	9.7627816352e-01
1.0054638717e-02	9.7614970173e-01
1.0288841339e-02	9.7601908753e-01
1.0528499241e-02	9.7588613046e-01
1.0773739492e-02	9.7575063961e-01
1.1024692123e-02	9.7561242975e-01
1.1281490192e-02	9.7547132787e-01
1.1544269856e-02	9.7532718000e-01
1.1813170444e-02	9.7517985797e-01
1.2088334532e-02	9.7502926581e-01
1.2369908015e-02	9.7487534535e-01
1.2658040187e-02	9.7471808057e-01
1.2952883819e-02	9.7455750038e-01
1.3254595242e-02	9.7439367938e-01
1.3563334427e-02	9.7422673626e-01
1.3879265071e-02	9.7405682974e-01
1.4202554685e-02	9.7388415195e-01
1.4533374682e-02	9.7370891941e-01
1.4871900466e-02	9.7353136204e-01
1.5218311529e-02	9.7335171080e-01
1.5572791542e-02	9.7317018485e-01
1.5935528455e-02	9.7298697929e-01
1.6306714597e-02	9.7280225456e-01
1.6686546774e-02	9.7261612890e-01
1.7075226380e-02	9.7242867470e-01
1.7472959498e-02	9.7223991965e-01
1.7879957013e-02	9.7204985299e-01
1.8296434721e-02	9.7185843651e-01
1.8722613449e-02	9.7166561947e-01
1.9158719170e-02	9.7147135565e-01
1.9604983124e-02	9.7127562039e-01
2.0061641951e-02	9.7107842501e-01
2.0528937818e-02	9.7087982605e-01
2.1007118562e-02	9.7067992712e-01
2.1496437841e-02	9.7047887243e-01
2.1997155298e-02	9.7027683188e-01
2.2509536751e-02	9.7007397983e-01
2.3033854402e-02	9.6987047071e-01
2.3570387094e-02	9.6966641616e-01
2.4119420617e-02	9.6946186851e-01
2.4681248094e-02	9.6925681493e-01
2.5256170465e-02	9.6905118444e-01
2.5844497098e-02	9.6884486747e-01
2.6446546584e-02	9.6863774417e-01
2.7062647743e-02	9.6842971486e-01
2.7693140911e-02	9.6822072501e-01
2.8338379561e-02	9.6801077723e-01
2.8998732343e-02	9.6779992678e-01
2.9674585596e-02	9.6758826151e-01
3.0366346435e-02	9.6737587293e-01
3.1074446455e-02	9.6716282909e-01
3.1799346157e-02	9.6694916036e-01
3.2541540120e-02	9.6673486507e-01
3.3301562978e-02	9.6651993465e-01
3.4079996221e-02	9.6630438890e-01
3.4877475796e-02	9.6608830645e-01
3.5694700481e-02	9.6587183585e-01
3.6532440955e-02	9.6565518087e-01
3.7391549441e-02	9.6543856631e-01
3.8272969776e-02	9.6522220156e-01
3.9177747727e-02	9.6500626207e-01
4.0107041314e-02	9.6479089916e-01
4.1062130891e-02	9.6457627064e-01
4.2044428710e-02	9.6436256894e-01
4.3055487646e-02	9.6415002131e-01
4.4097008782e-02	9.6393885417e-01
4.5170847515e-02	9.6372924020e-01
4.6279017868e-02	9.6352126290e-01
4.7423694694e-02	9.6331492048e-01
4.8607213486e-02	9.6311015572e-01
4.9832067564e-02	9.6290687065e-01
5.1100902452e-02	9.6270489945e-01
5.2416507354e-02	9.6250396417e-01
5.3781803735e-02	9.6230367148e-01
5.5199831142e-02	9.6210357415e-01
5.6673730514e-02	9.6190324768e-01
5.8206725415e-02	9.6170232210e-01
5.9802101709e-02	9.6150049453e-01
6.1463186370e-02	9.6129760227e-01
6.3193326170e-02	9.6109374395e-01
6.4995867076e-02	9.6088933803e-01
6.6874135154e-02	9.6068509719e-01
6.8831419758e-02	9.6048200545e-01
7.0870959652e-02	9.6028126332e-01
7.2995932596e-02	9.6008409420e-01
7.5209448716e-02	9.5989150474e-01
7.7514547848e-02	9.5970410341e-01
7.9914200805e-02	9.5952192596e-01
8.2411314399e-02	9.5934438455e-01
8.5008739898e-02	9.5917045006e-01
8.7709284497e-02	9.5899897297e-01
9.0515725341e-02	9.5882915257e-01
9.3430825578e-02	9.5866097772e-01
9.6457351970e-02	9.5849540584e-01
9.9598093562e-02	9.5833417176e-01
1.0285588100e-01	9.5817915963e-01
1.0623360608e-01	9.5803158424e-01
1.0973424128e-01	9.5789133702e-01
1.1336085888e-01	9.5775695591e-01
1.1711664954e-01	9.5762637408e-01
1.2100494014e-01	9.5749816839e-01
1.2502921074e-01	9.5737255213e-01
1.2919311046e-01	9.5725133647e-01
1.3350047238e-01	9.5713665534e-01
1.3795532720e-01	9.5702923792e-01
1.4256191572e-01	9.5692764296e-01
1.4732470003e-01	9.5682935526e-01
1.5224837333e-01	9.5673304175e-01
1.5733786838e-01	9.5663985748e-01
1.6259836432e-01	9.5655220146e-01
1.6803529197e-01	9.5647091014e-01
1.7365433721e-01	9.5639404849e-01
1.7946144244e-01	9.5631911946e-01
1.8546280576e-01	9.5624622027e-01
1.9166487771e-01	9.5617775156e-01
1.9807435513e-01	9.5611463084e-01
2.0469817185e-01	9.5605460129e-01
2.1154348579e-01	9.5599576782e-01
2.1861766198e-01	9.5593972066e-01
2.2592825100e-01	9.5588835911e-01
2.3348296232e-01	9.5583997175e-01
2.4128963204e-01	9.5579256071e-01
2.4935618433e-01	9.5574785928e-01
2.5769058617e-01	9.5570702697e-01
2.6630079487e-01	9.5566765775e-01
2.7519469789e-01	9.5562956288e-01
2.8438004473e-01	9.5559486638e-01
2.9386437075e-01	9.5556199167e-01
3.0365491309e-01	9.5553005348e-01
3.1375851897e-01	9.5550104053e-01
3.2418154733e-01	9.5547339013e-01
3.3492976490e-01	9.5544681424e-01
3.4600823853e-01	9.5542274371e-01
3.5742122614e-01	9.5539931937e-01
3.6917206929e-01	9.5537771177e-01
3.8126309102e-01	9.5535749901e-01
3.9369550344e-01	9.5533812928e-01
4.0646933004e-01	9.5532052211e-01
4.1958334828e-01	9.5530341052e-01
4.3303505822e-01	9.5528797364e-01
4.4682068323e-01	9.5527299718e-01
4.6093520806e-01	9.5525945331e-01
4.7537245911e-01	9.5524635203e-01
4.9012523004e-01	9.5523450140e-01
5.0518545426e-01	9.5522305684e-01
5.2054442301e-01	9.5521270844e-01
5.3619304554e-01	9.5520273145e-01
5.5212214430e-01	9.5519365851e-01
5.6832277575e-01	9.5518502145e-01
5.8478656470e-01	9.5517701086e-01
6.0150603835e-01	9.5516957272e-01
6.1847494565e-01	9.5516248209e-01
6.3568854768e-01	9.5515602403e-01
6.5314386666e-01	9.5514983424e-01
6.7083988321e-01	9.5514409647e-01
6.8877767508e-01	9.5513876088e-01
7.0696049388e-01	9.5513364595e-01
7.2539378017e-01	9.5512894054e-01
7.4408512020e-01	9.5512449475e-01
7.6304415064e-01	9.5512024956e-01
7.8228241917e-01	9.5511632680e-01
8.0181321031e-01	9.5511260769e-01
8.2165134601e-01	9.5510904509e-01
8.4181297062e-01	9.5510572399e-01
8.6231532903e-01	9.5510259408e-01
8.8317654601e-01	9.5509958471e-01
9.0441541352e-01	9.5509673129e-01
9.2605119178e-01	9.5509405442e-01
9.4810342851e-01	9.5509150990e-01
9.7059179977e-01	9.5508906697e-01
9.9353597460e-01	9.5508673570e-01
1.0169555048e+00	9.5508452778e-01
1.0408697401e+00	9.5508243477e-01
1.0652977683e+00	9.5508043999e-01
1.0902583792e+00	9.5507853188e-01
1.1157700501e+00	9.5507670705e-01
1.1418509508e+00	9.5507496346e-01
1.1685189659e+00	9.5507329962e-01
1.1957917291e+00	9.5507171233e-01
1.2236866704e+00	9.5507019783e-01
1.2522210686e+00	9.5506875253e-01
1.2814121100e+00	9.5506737306e-01
1.3112769486e+00	9.5506605628e-01
1.3418327664e+00	9.5506479907e-01
1.3730968318e+00	9.5506359786e-01
1.4050865544e+00	9.5506244847e-01
1.4378195367e+00	9.5506134772e-01
1.4713136199e+00	9.5506029515e-01
1.5055869258e+00	9.5505929331e-01
1.5406578931e+00	9.5505834114e-01
1.5765453097e+00	9.5505742865e-01
1.6132683413e+00	9.5505655098e-01
1.6508465550e+00	9.5505571790e-01
1.6892999418e+00	9.5505492499e-01
1.7286489352e+00	9.5505415983e-01
1.7689144286e+00	9.5505343600e-01
1.8101177909e+00	9.5505274055e-01
1.8522808814e+00	9.5505207776e-01
1.8954260634e+00	9.5505144431e-01
1.9395762182e+00	9.5505084018e-01
1.9847547578e+00	9.5505026044e-01
2.0309856381e+00	9.5504971139e-01
2.0782933726e+00	9.5504918218e-01
2.1267030450e+00	9.5504867824e-01
2.1762403230e+00	9.5504819929e-01
2.2269314723e+00	9.5504773991e-01
2.2788033700e+00	9.5504730007e-01
2.3318835194e+00	9.5504688045e-01
2.3862000642e+00	9.5504648014e-01
2.4417818039e+00	9.5504609807e-01
2.4986582086e+00	9.5504573302e-01
2.5568594350e+00	9.5504538452e-01
2.6164163421e+00	9.5504505141e-01
2.6773605077e+00	9.5504473382e-01
2.7397242454e+00	9.5504443073e-01
2.8035406211e+00	9.5504414050e-01
2.8688434711e+00	9.5504386255e-01
2.9356674200e+00	9.5504359840e-01
3.0040478985e+00	9.5504334586e-01
3.0740211630e+00	9.5504310381e-01
3.1456243142e+00	9.5504287391e-01
3.2188953171e+00	9.5504265328e-01
3.2938730209e+00	9.5504244291e-01
3.3705971797e+00	9.5504224257e-01
3.4491084738e+00	9.5504205043e-01
3.5294485309e+00	9.5504186692e-01
3.6116599483e+00	9.5504169192e-01
3.6957863156e+00	9.5504152482e-01
3.7818722377e+00	9.5504136520e-01
3.8699633585e+00	9.5504121276e-01
3.9601063851e+00	9.5504106642e-01
4.0523491126e+00	9.5504092660e-01
4.1467404492e+00	9.5504079369e-01
4.2433304425e+00	9.5504066747e-01
4.3421703057e+00	9.5504054625e-01
4.4433124451e+00	9.5504043065e-01
4.5468104876e+00	9.5504032022e-01
4.6527193092e+00	9.5504021502e-01
4.7610950642e+00	9.5504011372e-01
4.8719952147e+00	9.5504001745e-01
4.9854785617e+00	9.5503992543e-01
5.1016052753e+00	9.5503983775e-01
5.2204369276e+00	9.5503975437e-01
5.3420365247e+00	9.5503967439e-01
5.4664685402e+00	9.5503959728e-01
5.5937989497e+00	9.5503952440e-01
5.7240952655e+00	9.5503945466e-01
5.8574265723e+00	9.5503938811e-01
5.9938635642e+00	9.5503932442e-01
6.1334785820e+00	9.5503926364e-01
6.2763456512e+00	9.5503920553e-01
6.4225405221e+00	9.5503915022e-01
6.5721407089e+00	9.5503909701e-01
6.7252255317e+00	9.5503904666e-01
6.8818761580e+00	9.5503899817e-01
7.0421756463e+00	9.5503895218e-01
7.2062089892e+00	9.5503890789e-01
7.3740631596e+00	9.5503886567e-01
7.5458271559e+00	9.5503882548e-01
7.7215920496e+00	9.5503878715e-01
7.9014510336e+00	9.5503875020e-01
8.0854994715e+00	9.5503871504e-01
8.2738349483e+00	9.5503868182e-01
8.4665573218e+00	9.5503864975e-01
8.6637687762e+00	9.5503861906e-01
8.8655738754e+00	9.5503858970e-01
9.0720796193e+00	9.5503856162e-01
9.2833954998e+00	9.5503853486e-01
9.4996335595e+00	9.5503850934e-01
9.7209084507e+00	9.5503848520e-01
9.9473374962e+00	9.5503846157e-01
1.0179040752e+01	9.5503843939e-01
1.0416141069e+01	9.5503841797e-01
1.0658764163e+01	9.5503839752e-01
1.0907038674e+01	9.5503837826e-01
1.1161096242e+01	9.5503835940e-01
1.1421071571e+01	9.5503834162e-01
1.1687102502e+01	9.5503832451e-01
1.1959330091e+01	9.5503830821e-01
1.2237898674e+01	9.5503829252e-01
1.2522955954e+01	9.5503827760e-01
1.2814653070e+01	9.5503826330e-01
1.3113144685e+01	9.5503824946e-01
1.3418589063e+01	9.5503823636e-01
1.3731148154e+01	9.5503822387e-01
1.4050987682e+01	9.5503821182e-01
1.4378277230e+01	9.5503820012e-01
1.4713190331e+01	9.5503818900e-01
1.5055904559e+01	9.5503817837e-01
1.5406601628e+01	9.5503816814e-01
1.5765467481e+01	9.5503815835e-01
1.6132692393e+01	9.5503814893e-01
1.6508471073e+01	9.5503813987e-01
1.6893002762e+01	9.5503813117e-01
1.7286491345e+01	9.5503812280e-01
1.7689145454e+01	9.5503811471e-01
1.8101178583e+01	9.5503810694e-01
1.8522809196e+01	9.5503809947e-01
1.8954260847e+01	9.5503809228e-01
1.9395762299e+01	9.5503808525e-01
1.9847547640e+01	9.5503807853e-01
2.0309856414e+01	9.5503807192e-01
2.0782933743e+01	9.5503806559e-01
2.1267030458e+01	9.5503805947e-01
2.1762403235e+01	9.5503805347e-01
2.2269314725e+01	9.5503804767e-01
2.2788033701e+01	9.5503804205e-01
2.3318835194e+01	9.5503803651e-01
2.3862000642e+01	9.5503803113e-01
2.4417818039e+01	9.5503802590e-01
2.4986582086e+01	9.5503802072e-01
2.5568594350e+01	9.5503801567e-01
2.6164163421e+01	9.5503801068e-01
2.6773605077e+01	9.5503800578e-01
2.7397242454e+01	9.5503800094e-01
2.8035406211e+01	9.5503799617e-01
2.8688434711e+01	9.5503799143e-01
2.9356674200e+01	9.5503798671e-01
3.0040478985e+01	9.5503798205e-01
