1.0528499241e-05	3.0141501649e+01
1.0773739492e-05	3.0816538690e+01
1.1024692123e-05	3.1506687386e+01
1.1281490192e-05	3.2212306790e+01
1.1544269856e-05	3.2933714344e+01
1.1813170444e-05	3.3671287513e+01
1.2088334532e-05	3.4425371070e+01
1.2369908015e-05	3.5196349250e+01
1.2658040187e-05	3.5984587827e+01
1.2952883819e-05	3.6790482666e+01
1.3254595242e-05	3.7614423168e+01
1.3563334427e-05	3.8456817076e+01
1.3879265071e-05	3.9318085794e+01
1.4202554685e-05	4.0198632330e+01
1.4533374682e-05	4.1098895216e+01
1.4871900466e-05	4.2019325083e+01
1.5218311529e-05	4.2960365176e+01
1.5572791542e-05	4.3922483464e+01
1.5935528455e-05	4.4906144423e+01
1.6306714596e-05	4.5911837064e+01
1.6686546774e-05	4.6940055034e+01
1.7075226379e-05	4.7991294519e+01
1.7472959495e-05	4.9066081489e+01
1.7879957006e-05	5.0164935888e+01
1.8296434706e-05	5.1288396208e+01
1.8722613418e-05	5.2437020637e+01
1.9158719108e-05	5.3611364410e+01
1.9604983005e-05	5.4812009491e+01
2.0061641722e-05	5.6039541621e+01
2.0528937388e-05	5.7294564267e+01
2.1007117768e-05	5.8577694244e+01
2.1496436400e-05	5.9889557509e+01
2.1997152727e-05	6.1230797720e+01
2.2509532236e-05	6.2602073924e+01
2.3033846597e-05	6.4004063915e+01
2.3570373808e-05	6.5437445225e+01
2.4119398343e-05	6.6902927801e+01
2.4681211302e-05	6.8401229593e+01
2.5256110567e-05	6.9933082235e+01
2.5844400955e-05	7.1499240328e+01
2.6446394387e-05	7.3100471736e+01
2.7062410047e-05	7.4737557935e+01
2.7692774556e-05	7.6411308420e+01
2.8337822140e-05	7.8122536728e+01
2.8997894812e-05	7.9872086582e+01
2.9673342552e-05	8.1660813366e+01
3.0364523491e-05	8.3489597108e+01
3.1071804102e-05	8.5359333290e+01
3.1795559395e-05	8.7270939548e+01
3.2536173115e-05	8.9225350688e+01
3.3294037944e-05	9.1223526867e+01
3.4069555713e-05	9.3266446802e+01
3.4863137611e-05	9.5355114139e+01
3.5675204406e-05	9.7490551018e+01
3.6506186667e-05	9.9673805224e+01
3.7356524992e-05	1.0190594659e+02
3.8226670240e-05	1.0418807103e+02
3.9117083775e-05	1.0652129406e+02
4.0028237705e-05	1.0890676328e+02
4.0960615137e-05	1.1134564409e+02
4.1914710429e-05	1.1383913549e+02
4.2891029456e-05	1.1638845843e+02
4.3890089874e-05	1.1899486293e+02
4.4912421398e-05	1.2165962624e+02
4.5958566083e-05	1.2438405393e+02
4.7029078608e-05	1.2716948101e+02
4.8124526573e-05	1.3001727346e+02
4.9245490799e-05	1.3292882632e+02
5.0392565636e-05	1.3590556560e+02
5.1566359279e-05	1.3894895124e+02
5.2767494087e-05	1.4206047310e+02
5.3996606920e-05	1.4524165648e+02
5.5254349468e-05	1.4849405916e+02
5.6541388603e-05	1.5181927542e+02
5.7858406732e-05	1.5521893218e+02
5.9206102153e-05	1.5869469641e+02
6.0585189434e-05	1.6224827029e+02
6.1996399783e-05	1.6588139378e+02
6.3440481445e-05	1.6959584333e+02
6.4918200089e-05	1.7339344200e+02
6.6430339223e-05	1.7727604704e+02
6.7977700602e-05	1.8124555873e+02
6.9561104657e-05	1.8530392117e+02
7.1181390931e-05	1.8945312071e+02
7.2839418520e-05	1.9369518690e+02
7.4536066534e-05	1.9803219686e+02
7.6272234556e-05	2.0246627084e+02
7.8048843127e-05	2.0699958050e+02
7.9866834227e-05	2.1163434164e+02
8.1727171781e-05	2.1637282220e+02
8.3630842162e-05	2.2121733876e+02
8.5578854723e-05	2.2617025998e+02
8.7572242325e-05	2.3123400714e+02
8.9612061890e-05	2.3641105570e+02
9.1699394956e-05	2.4170393580e+02
9.3835348255e-05	2.4711523352e+02
9.6021054297e-05	2.5264759281e+02
9.8257671974e-05	2.5830371546e+02
1.0054638717e-04	2.6408636317e+02
1.0288841339e-04	2.6999836101e+02
1.0528499241e-04	2.7604259320e+02
1.0773739492e-04	2.8222200969e+02
1.1024692123e-04	2.8853962585e+02
1.1281490192e-04	2.9499852253e+02
1.1544269856e-04	3.0160185021e+02
1.1813170444e-04	3.0835282736e+02
1.2088334532e-04	3.1525474409e+02
1.2369908015e-04	3.2231096421e+02
1.2658040187e-04	3.2952492283e+02
1.2952883819e-04	3.3690013358e+02
1.3254595242e-04	3.4444018574e+02
1.3563334427e-04	3.5214874800e+02
1.3879265071e-04	3.6002956932e+02
1.4202554685e-04	3.6808648177e+02
1.4533374682e-04	3.7632339929e+02
1.4871900466e-04	3.8474432356e+02
1.5218311529e-04	3.9335334369e+02
1.5572791542e-04	4.0215463627e+02
1.5935528455e-04	4.1115247207e+02
1.6306714596e-04	4.2035121260e+02
1.6686546773e-04	4.2975531379e+02
1.7075226379e-04	4.3936933105e+02
1.7472959495e-04	4.4919791621e+02
1.7879957006e-04	4.5924582380e+02
1.8296434706e-04	4.6951791016e+02
1.8722613418e-04	4.8001913623e+02
1.9158719108e-04	4.9075457153e+02
1.9604983005e-04	5.0172939414e+02
2.0061641722e-04	5.1294889176e+02
2.0528937388e-04	5.2441846892e+02
2.1007117768e-04	5.3614364323e+02
2.1496436400e-04	5.4813005154e+02
2.1997152727e-04	5.6038345058e+02
2.2509532236e-04	5.7290971953e+02
2.3033846597e-04	5.8571486397e+02
2.3570373808e-04	5.9880501329e+02
2.4119398343e-04	6.1218642989e+02
2.4681211302e-04	6.2586550513e+02
2.5256110567e-04	6.3984877169e+02
2.5844400955e-04	6.5414288734e+02
2.6446394387e-04	6.6875466160e+02
2.7062410047e-04	6.8369103790e+02
2.7692774556e-04	6.9895910683e+02
2.8337822140e-04	7.1456610470e+02
2.8997894812e-04	7.3051941806e+02
2.9673342552e-04	7.4682658669e+02
3.0364523491e-04	7.6349530112e+02
3.1071804102e-04	7.8053341254e+02
3.1795559395e-04	7.9794893107e+02
3.2536173115e-04	8.1575002613e+02
3.3294037944e-04	8.3394503745e+02
3.4069555713e-04	8.5254246710e+02
3.4863137611e-04	8.7155098896e+02
3.5675204406e-04	8.9097945049e+02
3.6506186667e-04	9.1083687050e+02
3.7356524992e-04	9.3113244972e+02
3.8226670240e-04	9.5187556619e+02
3.9117083775e-04	9.7307577910e+02
4.0028237705e-04	9.9474283656e+02
4.0960615137e-04	1.0168866742e+03
4.1914710429e-04	1.0395174137e+03
4.2891029456e-04	1.0626453692e+03
4.3890089874e-04	1.0862810538e+03
4.4912421398e-04	1.1104351688e+03
4.5958566083e-04	1.1351186261e+03
4.7029078608e-04	1.1603425292e+03
4.8124526573e-04	1.1861181866e+03
4.9245490799e-04	1.2124571146e+03
5.0392565636e-04	1.2393710352e+03
5.1566359279e-04	1.2668718785e+03
5.2767494087e-04	1.2949717809e+03
5.3996606920e-04	1.3236831068e+03
5.5254349468e-04	1.3530184065e+03
5.6541388603e-04	1.3829904708e+03
5.7858406732e-04	1.4136122986e+03
5.9206102153e-04	1.4448970960e+03
6.0585189434e-04	1.4768583033e+03
6.1996399783e-04	1.5095095581e+03
6.3440481445e-04	1.5428647331e+03
6.4918200089e-04	1.5769379201e+03
6.6430339223e-04	1.6117434183e+03
6.7977700602e-04	1.6472957531e+03
6.9561104657e-04	1.6836096691e+03
7.1181390931e-04	1.7207001078e+03
7.2839418520e-04	1.7585822719e+03
7.4536066534e-04	1.7972715093e+03
7.6272234556e-04	1.8367834424e+03
7.8048843127e-04	1.8771338477e+03
7.9866834227e-04	1.9183387894e+03
8.1727171781e-04	1.9604143869e+03
8.3630842162e-04	2.0033771279e+03
8.5578854723e-04	2.0472435744e+03
8.7572242325e-04	2.0920305031e+03
8.9612061890e-04	2.1377548621e+03
9.1699394956e-04	2.1844338164e+03
9.3835348255e-04	2.2320845825e+03
9.6021054297e-04	2.2807247331e+03
9.8257671974e-04	2.3303717078e+03
1.0054638717e-03	2.3810433521e+03
1.0288841339e-03	2.4327574304e+03
1.0528499241e-03	2.4855320023e+03
1.0773739492e-03	2.5393849605e+03
1.1024692123e-03	2.5943345619e+03
1.1281490192e-03	2.6503989720e+03
1.1544269856e-03	2.7075964253e+03
1.1813170444e-03	2.7659451803e+03
1.2088334532e-03	2.8254635584e+03
1.2369908015e-03	2.8861697955e+03
1.2658040187e-03	2.9480821609e+03
1.2952883819e-03	3.0112188167e+03
1.3254595242e-03	3.0755979058e+03
1.3563334427e-03	3.1412373798e+03
1.3879265071e-03	3.2081551254e+03
1.4202554685e-03	3.2763688388e+03
1.4533374682e-03	3.3458960249e+03
1.4871900466e-03	3.4167539621e+03
1.5218311529e-03	3.4889596592e+03
1.5572791542e-03	3.5625297707e+03
1.5935528455e-03	3.6374806685e+03
1.6306714596e-03	3.7138283334e+03
1.6686546773e-03	3.7915882615e+03
1.7075226379e-03	3.8707754927e+03
1.7472959495e-03	3.9514045478e+03
1.7879957006e-03	4.0334893492e+03
1.8296434706e-03	4.1170431984e+03
1.8722613418e-03	4.2020785824e+03
1.9158719108e-03	4.2886074389e+03
1.9604983005e-03	4.3766406823e+03
2.0061641722e-03	4.4661884000e+03
2.0528937388e-03	4.5572598422e+03
2.1007117768e-03	4.6498631575e+03
2.1496436400e-03	4.7440053629e+03
2.1997152727e-03	4.8396912242e+03
2.2509532236e-03	4.9369235780e+03
2.3033846597e-03	5.0357087238e+03
2.3570373808e-03	5.1360486530e+03
2.4119398343e-03	5.2379437892e+03
2.4681211302e-03	5.3413932707e+03
2.5256110567e-03	5.4463943701e+03
2.5844400955e-03	5.5529426013e+03
2.6446394387e-03	5.6610320864e+03
2.7062410047e-03	5.7706549500e+03
2.7692774556e-03	5.8818007965e+03
2.8337822140e-03	5.9944581127e+03
2.8997894812e-03	6.1086125926e+03
2.9673342552e-03	6.2242478588e+03
3.0364523491e-03	6.3413456491e+03
3.1071804102e-03	6.4598849505e+03
3.1795559395e-03	6.5798422555e+03
3.2536173115e-03	6.7011921981e+03
3.3294037944e-03	6.8239056709e+03
3.4069555713e-03	6.9479521962e+03
3.4863137611e-03	7.0732977104e+03
3.5675204406e-03	7.1999057326e+03
3.6506186667e-03	7.3277371276e+03
3.7356524992e-03	7.4567490924e+03
3.8226670240e-03	7.5868966871e+03
3.9117083775e-03	7.7181313640e+03
4.0028237705e-03	7.8504022429e+03
4.0960615137e-03	7.9836543087e+03
4.1914710429e-03	8.1178293562e+03
4.2891029456e-03	8.2528672793e+03
4.3890089874e-03	8.3887035259e+03
4.4912421398e-03	8.5252716205e+03
4.5958566083e-03	8.6624987460e+03
4.7029078608e-03	8.8003130916e+03
4.8124526573e-03	8.9386348213e+03
4.9245490799e-03	9.0773805863e+03
5.0392565636e-03	9.2164827283e+03
5.1566359279e-03	9.3558458750e+03
5.2767494087e-03	9.4953803324e+03
5.3996606920e-03	9.6349959723e+03
5.5254349468e-03	9.7745959714e+03
5.6541388603e-03	9.9140820875e+03
5.7858406732e-03	1.0053354661e+04
5.9206102153e-03	1.0192307063e+04
6.0585189434e-03	1.0330836399e+04
6.1996399783e-03	1.0468825632e+04
6.3440481445e-03	1.0606168290e+04
6.4918200089e-03	1.0742742589e+04
6.6430339223e-03	1.0878429665e+04
6.7977700602e-03	1.1013113036e+04
6.9561104657e-03	1.1146654965e+04
7.1181390931e-03	1.1278937162e+04
7.2839418520e-03	1.1409821061e+04
7.4536066534e-03	1.1539175529e+04
7.6272234556e-03	1.1666858476e+04
7.8048843127e-03	1.1792728736e+04
7.9866834227e-03	1.1916647985e+04
8.1727171781e-03	1.2038463366e+04
8.3630842162e-03	1.2158025356e+04
8.5578854723e-03	1.2275179019e+04
8.7572242325e-03	1.2389768058e+04
8.9612061890e-03	1.2501629509e+04
9.1699394956e-03	1.2610598515e+04
9.3835348255e-03	1.2716506910e+04
9.6021054297e-03	1.2819180784e+04
9.8257671974e-03	1.2918449672e+04
1.0054638717e-02	1.3014129473e+04
1.0288841339e-02	1.3106044015e+04
1.0528499241e-02	1.3194007436e+04
1.0773739492e-02	1.3277828133e+04
1.1024692123e-02	1.3357322623e+04
1.1281490192e-02	1.3432288295e+04
1.1544269856e-02	1.3502530659e+04
1.1813170444e-02	1.3567850151e+04
1.2088334532e-02	1.3628032282e+04
1.2369908015e-02	1.3682888438e+04
1.2658040187e-02	1.3732196004e+04
1.2952883819e-02	1.3775748242e+04
1.3254595242e-02	1.3813348185e+04
1.3563334427e-02	1.3844780579e+04
1.3879265071e-02	1.3869834072e+04
1.4202554685e-02	1.3888296050e+04
1.4533374682e-02	1.3899965818e+04
1.4871900466e-02	1.3904641758e+04
1.5218311529e-02	1.3902122470e+04
1.5572791542e-02	1.3892244363e+04
1.5935528455e-02	1.3874831010e+04
1.6306714597e-02	1.3849687330e+04
1.6686546774e-02	1.3816655354e+04
1.7075226380e-02	1.3775598045e+04
1.7472959498e-02	1.3726393893e+04
1.7879957013e-02	1.3668912285e+04
1.8296434721e-02	1.3603066093e+04
1.8722613449e-02	1.3528779859e+04
1.9158719170e-02	1.3445999652e+04
1.9604983124e-02	1.3354691448e+04
2.0061641951e-02	1.3254844916e+04
2.0528937818e-02	1.3146524221e+04
2.1007118562e-02	1.3029718802e+04
2.1496437841e-02	1.2904569478e+04
2.1997155298e-02	1.2771157525e+04
2.2509536751e-02	1.2629663777e+04
2.3033854402e-02	1.2480237890e+04
2.3570387094e-02	1.2323176555e+04
2.4119420617e-02	1.2158664249e+04
2.4681248094e-02	1.1987079662e+04
2.5256170465e-02	1.1808723347e+04
2.5844497098e-02	1.1624000155e+04
2.6446546584e-02	1.1433316925e+04
2.7062647743e-02	1.1237140938e+04
2.7693140911e-02	1.1035934831e+04
2.8338379561e-02	1.0830225050e+04
2.8998732343e-02	1.0620539784e+04
2.9674585596e-02	1.0407475689e+04
3.0366346435e-02	1.0191620495e+04
3.1074446455e-02	9.9735545824e+03
3.1799346157e-02	9.7539836454e+03
3.2541540120e-02	9.5335074624e+03
3.3301562978e-02	9.3127702732e+03
3.4079996221e-02	9.0925130614e+03
3.4877475796e-02	8.8733639995e+03
3.5694700481e-02	8.6560431600e+03
3.6532440955e-02	8.4411415408e+03
3.7391549441e-02	8.2294496487e+03
3.8272969776e-02	8.0215707916e+03
3.9177747727e-02	7.8180964667e+03
4.0107041314e-02	7.6196599532e+03
4.1062130891e-02	7.4268068515e+03
4.2044428710e-02	7.2400261671e+03
4.3055487646e-02	7.0598244883e+03
4.4097008782e-02	6.8865471507e+03
4.5170847515e-02	6.7204910882e+03
4.6279017868e-02	6.5619334377e+03
4.7423694694e-02	6.4109707967e+03
4.8607213486e-02	6.2676490331e+03
4.9832067564e-02	6.1318866324e+03
5.1100902452e-02	6.0034767472e+03
5.2416507354e-02	5.8819954514e+03
5.3781803735e-02	5.7669023458e+03
5.5199831142e-02	5.6573360050e+03
5.6673730514e-02	5.5522377232e+03
5.8206725415e-02	5.4502087953e+03
5.9802101709e-02	5.3496113602e+03
6.1463186370e-02	5.2485225784e+03
6.3193326170e-02	5.1447942790e+03
6.4995867076e-02	5.0360593157e+03
6.6874135154e-02	4.9199377893e+03
6.8831419758e-02	4.7940951304e+03
7.0870959652e-02	4.6564772561e+03
7.2995932596e-02	4.5055535425e+03
7.5209448716e-02	4.3405496537e+03
7.7514547848e-02	4.1616532146e+03
7.9914200805e-02	3.9702027677e+03
8.2411314399e-02	3.7687948337e+03
8.5008739898e-02	3.5612250523e+03
8.7709284497e-02	3.3522712128e+03
9.0515725341e-02	3.1473786392e+03
9.3430825578e-02	2.9521684136e+03
9.6457351970e-02	2.7718650622e+03
9.9598093562e-02	2.6107378491e+03
1.0285588100e-01	2.4715872724e+03
1.0623360608e-01	2.3553315247e+03
1.0973424128e-01	2.2607831572e+03
1.1336085888e-01	2.1845497900e+03
1.1711664954e-01	2.1212226214e+03
1.2100494014e-01	2.0638222505e+03
1.2502921074e-01	2.0046737474e+03
1.2919311046e-01	1.9366701559e+03
1.3350047238e-01	1.8547711158e+03
1.3795532720e-01	1.7573349922e+03
1.4256191572e-01	1.6467745967e+03
1.4732470003e-01	1.5291831665e+03
1.5224837333e-01	1.4129015579e+03
1.5733786838e-01	1.3064269989e+03
1.6259836432e-01	1.2162703986e+03
1.6803529197e-01	1.1453579902e+03
1.7365433721e-01	1.0923211831e+03
1.7946144244e-01	1.0518319559e+03
1.8546280576e-01	1.0162677966e+03
1.9166487771e-01	9.7718363797e+02
1.9807435513e-01	9.2854370149e+02
2.0469817185e-01	8.6976000942e+02
2.1154348579e-01	8.0540177687e+02
2.1861766198e-01	7.4283635883e+02
2.2592825100e-01	6.8875107600e+02
2.3348296232e-01	6.4634726440e+02
2.4128963204e-01	6.1420933162e+02
2.4935618433e-01	5.8718254592e+02
2.5769058617e-01	5.5905129775e+02
2.6630079487e-01	5.2604186382e+02
2.7519469789e-01	4.8902482127e+02
2.8438004473e-01	4.5253001905e+02
2.9386437075e-01	4.2112499949e+02
3.0365491309e-01	3.9611115362e+02
3.1375851897e-01	3.7506049385e+02
3.2418154733e-01	3.5419694368e+02
3.3492976490e-01	3.3155434633e+02
3.4600823853e-01	3.0828577022e+02
3.5742122614e-01	2.8700719723e+02
3.6917206929e-01	2.6899904580e+02
3.8126309102e-01	2.5317299376e+02
3.9369550344e-01	2.3768894895e+02
4.0646933004e-01	2.2204528407e+02
4.1958334828e-01	2.0714776683e+02
4.3303505822e-01	1.9382010681e+02
4.4682068323e-01	1.8188445621e+02
4.6093520806e-01	1.7060596884e+02
4.7537245911e-01	1.5965596096e+02
4.9012523004e-01	1.4937803564e+02
5.0518545426e-01	1.4007258794e+02
5.2054442301e-01	1.3150356826e+02
5.3619304554e-01	1.2337230605e+02
5.5212214430e-01	1.1572693057e+02
5.6832277575e-01	1.0867929824e+02
5.8478656470e-01	1.0216702198e+02
6.0150603835e-01	9.6070098096e+01
6.1847494565e-01	9.0358067347e+01
6.3568854768e-01	8.5055953941e+01
6.5314386666e-01	8.0130567202e+01
6.7083988321e-01	7.5524177302e+01
6.8877767508e-01	7.1216990811e+01
7.0696049388e-01	6.7200126128e+01
7.2539378017e-01	6.3447203838e+01
7.4408512020e-01	5.9930395926e+01
7.6304415064e-01	5.6635080323e+01
7.8228241917e-01	5.3545950308e+01
8.0181321031e-01	5.0645093665e+01
8.2165134601e-01	4.7917262502e+01
8.4181297062e-01	4.5350836183e+01
8.6231532903e-01	4.2933821140e+01
8.8317654601e-01	4.0654539265e+01
9.0441541352e-01	3.8503820179e+01
9.2605119178e-01	3.6472847678e+01
9.4810342851e-01	3.4553278068e+01
9.7059179977e-01	3.2737744655e+01
9.9353597460e-01	3.1019620048e+01
1.0169555048e+00	2.9392740365e+01
1.0408697401e+00	2.7851502300e+01
1.0652977683e+00	2.6390805189e+01
1.0902583792e+00	2.5006042961e+01
1.1157700501e+00	2.3692960480e+01
1.1418509508e+00	2.2447729193e+01
1.1685189659e+00	2.1266680447e+01
1.1957917291e+00	2.0146460928e+01
1.2236866704e+00	1.9083830076e+01
1.2522210686e+00	1.8075772146e+01
1.2814121100e+00	1.7119444523e+01
1.3112769486e+00	1.6212193520e+01
1.3418327664e+00	1.5351632843e+01
1.3730968318e+00	1.4535384955e+01
1.4050865544e+00	1.3761309508e+01
1.4378195367e+00	1.3027298892e+01
1.4713136199e+00	1.2331306778e+01
1.5055869258e+00	1.1671390299e+01
1.5406578931e+00	1.1045784048e+01
1.5765453097e+00	1.0452684761e+01
1.6132683413e+00	9.8905396684e+00
1.6508465550e+00	9.3577908442e+00
1.6892999418e+00	8.8529832881e+00
1.7286489352e+00	8.3746787548e+00
1.7689144286e+00	7.9214840226e+00
1.8101177909e+00	7.4921547719e+00
1.8522808814e+00	7.0854885839e+00
1.8954260634e+00	6.7003499891e+00
1.9395762182e+00	6.3356027932e+00
1.9847547578e+00	5.9902137716e+00
2.0309856381e+00	5.6631848397e+00
2.0782933726e+00	5.3535546816e+00
2.1267030450e+00	5.0604295729e+00
2.1762403230e+00	4.7829944898e+00
2.2269314723e+00	4.5204146461e+00
2.2788033700e+00	4.2719014905e+00
2.3318835194e+00	4.0367389445e+00
2.3862000642e+00	3.8142336693e+00
2.4417818039e+00	3.6037172765e+00
2.4986582086e+00	3.4045567630e+00
2.5568594350e+00	3.2161620370e+00
2.6164163421e+00	3.0379519214e+00
2.6773605077e+00	2.8694353660e+00
2.7397242454e+00	2.7100533812e+00
2.8035406211e+00	2.5593463916e+00
2.8688434711e+00	2.4168412427e+00
2.9356674200e+00	2.2821079835e+00
3.0040478985e+00	2.1547391948e+00
3.0740211630e+00	2.0343262652e+00
3.1456243142e+00	1.9205326030e+00
3.2188953171e+00	1.8129695174e+00
3.2938730209e+00	1.7113137719e+00
3.3705971797e+00	1.6152519657e+00
3.4491084738e+00	1.5244837144e+00
3.5294485309e+00	1.4387143986e+00
3.6116599483e+00	1.3576866629e+00
3.6957863156e+00	1.2811405460e+00
3.7818722377e+00	1.2088346506e+00
3.8699633585e+00	1.1405312141e+00
3.9601063851e+00	1.0760230438e+00
4.0523491126e+00	1.0151010042e+00
4.1467404492e+00	9.5757535918e-01
4.2433304425e+00	9.0324488055e-01
4.3421703057e+00	8.5194904738e-01
4.4433124451e+00	8.0351775938e-01
4.5468104876e+00	7.5779559203e-01
4.6527193092e+00	7.1463344728e-01
4.7610950642e+00	6.7389067621e-01
4.8719952147e+00	6.3543628283e-01
4.9854785617e+00	5.9913644042e-01
5.1016052753e+00	5.6487821477e-01
5.2204369276e+00	5.3255267026e-01
5.3420365247e+00	5.0204909699e-01
5.4664685402e+00	4.7326534160e-01
5.5937989497e+00	4.4610692556e-01
5.7240952655e+00	4.2048619802e-01
5.8574265723e+00	3.9631098803e-01
5.9938635642e+00	3.7350918570e-01
6.1334785820e+00	3.5200224699e-01
6.2763456512e+00	3.3171169265e-01
6.4225405221e+00	3.1258032892e-01
6.5721407089e+00	2.9453291775e-01
6.7252255317e+00	2.7751660246e-01
6.8818761580e+00	2.6146730582e-01
7.0421756463e+00	2.4633365020e-01
7.2062089892e+00	2.3206524583e-01
7.3740631596e+00	2.1861241804e-01
7.5458271559e+00	2.0592893897e-01
7.7215920496e+00	1.9397279794e-01
7.9014510336e+00	1.8270143815e-01
8.0854994715e+00	1.7207629910e-01
8.2738349483e+00	1.6206162007e-01
8.4665573218e+00	1.5262315738e-01
8.6637687762e+00	1.4372730249e-01
8.8655738754e+00	1.3534391529e-01
9.0720796193e+00	1.2744391164e-01
9.2833954998e+00	1.1999881406e-01
9.4996335595e+00	1.1298377824e-01
9.7209084507e+00	1.0637359688e-01
9.9473374962e+00	1.0014664836e-01
1.0179040752e+01	9.4279309784e-02
1.0416141069e+01	8.8752593073e-02
1.0658764163e+01	8.3545132457e-02
1.0907038674e+01	7.8640250994e-02
1.1161096242e+01	7.4020391174e-02
1.1421071571e+01	6.9668532688e-02
1.1687102502e+01	6.5570129710e-02
1.1959330091e+01	6.1710228955e-02
1.2237898674e+01	5.8074864245e-02
1.2522955954e+01	5.4651529417e-02
1.2814653070e+01	5.1427604088e-02
1.3113144685e+01	4.8391959852e-02
1.3418589063e+01	4.5534077588e-02
1.3731148154e+01	4.2842918149e-02
1.4050987682e+01	4.0309139238e-02
1.4378277230e+01	3.7923796987e-02
1.4713190331e+01	3.5678076339e-02
1.5055904559e+01	3.3564186010e-02
1.5406601628e+01	3.1574205762e-02
1.5765467481e+01	2.9701004515e-02
1.6132692393e+01	2.7938031673e-02
1.6508471073e+01	2.6278562563e-02
1.6893002762e+01	2.4716651800e-02
1.7286491345e+01	2.3246648049e-02
1.7689145454e+01	2.1863185817e-02
1.8101178583e+01	2.0561404719e-02
1.8522809196e+01	1.9336355799e-02
1.8954260847e+01	1.8183712263e-02
1.9395762299e+01	1.7099141923e-02
1.9847547640e+01	1.6078511976e-02
2.0309856414e+01	1.5118222383e-02
2.0782933743e+01	1.4215159825e-02
2.1267030458e+01	1.3365000689e-02
2.1762403235e+01	1.2565489565e-02
2.2269314725e+01	1.1813354852e-02
2.2788033701e+01	1.1105850008e-02
2.3318835194e+01	1.0440390090e-02
2.3862000642e+01	9.8141989287e-03
2.4417818039e+01	9.2254417083e-03
2.4986582086e+01	8.6716238300e-03
2.5568594350e+01	8.1507367218e-03
2.6164163421e+01	7.6610057651e-03
2.6773605077e+01	7.2002971178e-03
2.7397242454e+01	6.7670846112e-03
2.8035406211e+01	6.3597115560e-03
2.8688434711e+01	5.9766406436e-03
2.9356674200e+01	5.6164716108e-03
3.0040478985e+01	5.2777446187e-03
