1.0528499241e-05	8.1382213078e-03
1.0773739492e-05	8.3204817635e-03
1.1024692123e-05	8.5068223837e-03
1.1281490192e-05	8.6973401128e-03
1.1544269856e-05	8.8921206613e-03
1.1813170444e-05	9.0912659458e-03
1.2088334532e-05	9.2948690563e-03
1.2369908015e-05	9.5030337370e-03
1.2658040187e-05	9.7158587487e-03
1.2952883819e-05	9.9334509757e-03
1.3254595242e-05	1.0155915558e-02
1.3563334427e-05	1.0383362586e-02
1.3879265071e-05	1.0615905843e-02
1.4202554685e-05	1.0853654141e-02
1.4533374682e-05	1.1096725886e-02
1.4871900466e-05	1.1345242750e-02
1.5218311529e-05	1.1599324411e-02
1.5572791542e-05	1.1859097222e-02
1.5935528455e-05	1.2124686595e-02
1.6306714596e-05	1.2396224566e-02
1.6686546774e-05	1.2673844421e-02
1.7075226379e-05	1.2957680131e-02
1.7472959495e-05	1.3247873715e-02
1.7879957006e-05	1.3544565557e-02
1.8296434706e-05	1.3847901057e-02
1.8722613418e-05	1.4158030927e-02
1.9158719108e-05	1.4475105083e-02
1.9604983005e-05	1.4799280662e-02
2.0061641722e-05	1.5130715817e-02
2.0528937388e-05	1.5469573491e-02
2.1007117768e-05	1.5816020223e-02
2.1496436400e-05	1.6170225032e-02
2.1997152727e-05	1.6532361711e-02
2.2509532236e-05	1.6902608206e-02
2.3033846597e-05	1.7281147527e-02
2.3570373808e-05	1.7668162617e-02
2.4119398343e-05	1.8063845168e-02
2.4681211302e-05	1.8468389035e-02
2.5256110567e-05	1.8881991767e-02
2.5844400955e-05	1.9304857115e-02
2.6446394387e-05	1.9737192411e-02
2.7062410047e-05	2.0179208663e-02
2.7692774556e-05	2.0631124447e-02
2.8337822140e-05	2.1093159429e-02
2.8997894812e-05	2.1565541427e-02
2.9673342552e-05	2.2048501406e-02
3.0364523491e-05	2.2542276989e-02
3.1071804102e-05	2.3047109972e-02
3.1795559395e-05	2.3563248130e-02
3.2536173115e-05	2.4090943881e-02
3.3294037944e-05	2.4630456483e-02
3.4069555713e-05	2.5182050209e-02
3.4863137611e-05	2.5745996068e-02
3.5675204406e-05	2.6322570055e-02
3.6506186667e-05	2.6912055102e-02
3.7356524992e-05	2.7514740087e-02
3.8226670240e-05	2.8130920932e-02
3.9117083775e-05	2.8760898856e-02
4.0028237705e-05	2.9404983745e-02
4.0960615137e-05	3.0063490289e-02
4.1914710429e-05	3.0736742255e-02
4.2891029456e-05	3.1425069340e-02
4.3890089874e-05	3.2128809084e-02
4.4912421398e-05	3.2848306393e-02
4.5958566083e-05	3.3583913820e-02
4.7029078608e-05	3.4335991862e-02
4.8124526573e-05	3.5104909394e-02
4.9245490799e-05	3.5891043133e-02
5.0392565636e-05	3.6694778158e-02
5.1566359279e-05	3.7516508727e-02
5.2767494087e-05	3.8356637165e-02
5.3996606920e-05	3.9215575387e-02
5.5254349468e-05	4.0093744064e-02
5.6541388603e-05	4.0991573748e-02
5.7858406732e-05	4.1909503797e-02
5.9206102153e-05	4.2847984398e-02
6.0585189434e-05	4.3807475242e-02
6.1996399783e-05	4.4788446224e-02
6.3440481445e-05	4.5791377109e-02
6.4918200089e-05	4.6816760259e-02
6.6430339223e-05	4.7865097264e-02
6.7977700602e-05	4.8936901351e-02
6.9561104657e-05	5.0032697599e-02
7.1181390931e-05	5.1153022469e-02
7.2839418520e-05	5.2298424149e-02
7.4536066534e-05	5.3469463639e-02
7.6272234556e-05	5.4666713619e-02
7.8048843127e-05	5.5890760669e-02
7.9866834227e-05	5.7142203285e-02
8.1727171781e-05	5.8421654081e-02
8.3630842162e-05	5.9729738793e-02
8.5578854723e-05	6.1067097258e-02
8.7572242325e-05	6.2434383544e-02
8.9612061890e-05	6.3832266358e-02
9.1699394956e-05	6.5261429199e-02
9.3835348255e-05	6.6722570691e-02
9.6021054297e-05	6.8216405113e-02
9.8257671974e-05	6.9743662395e-02
1.0054638717e-04	7.1305088678e-02
1.0288841339e-04	7.2901447227e-02
1.0528499241e-04	7.4533517323e-02
1.0773739492e-04	7.6202096031e-02
1.1024692123e-04	7.7907998125e-02
1.1281490192e-04	7.9652056098e-02
1.1544269856e-04	8.1435121287e-02
1.1813170444e-04	8.3258063471e-02
1.2088334532e-04	8.5121771770e-02
1.2369908015e-04	8.7027155285e-02
1.2658040187e-04	8.8975142428e-02
1.2952883819e-04	9.0966682902e-02
1.3254595242e-04	9.3002746871e-02
1.3563334427e-04	9.5084326023e-02
1.3879265071e-04	9.7212433814e-02
1.4202554685e-04	9.9388106215e-02
1.4533374682e-04	1.0161240139e-01
1.4871900466e-04	1.0388640130e-01
1.5218311529e-04	1.0621121161e-01
1.5572791542e-04	1.0858796173e-01
1.5935528455e-04	1.1101780661e-01
1.6306714596e-04	1.1350192586e-01
1.6686546773e-04	1.1604152467e-01
1.7075226379e-04	1.1863783527e-01
1.7472959495e-04	1.2129211608e-01
1.7879957006e-04	1.2400565342e-01
1.8296434706e-04	1.2677976128e-01
1.8722613418e-04	1.2961578207e-01
1.9158719108e-04	1.3251508774e-01
1.9604983005e-04	1.3547907980e-01
2.0061641722e-04	1.3850918955e-01
2.0528937388e-04	1.4160688014e-01
2.1007117768e-04	1.4477364546e-01
2.1496436400e-04	1.4801101195e-01
2.1997152727e-04	1.5132053872e-01
2.2509532236e-04	1.5470381825e-01
2.3033846597e-04	1.5816247752e-01
2.3570373808e-04	1.6169817734e-01
2.4119398343e-04	1.6531261483e-01
2.4681211302e-04	1.6900752236e-01
2.5256110567e-04	1.7278467095e-01
2.5844400955e-04	1.7664586589e-01
2.6446394387e-04	1.8059295397e-01
2.7062410047e-04	1.8462781873e-01
2.7692774556e-04	1.8875238406e-01
2.8337822140e-04	1.9296861384e-01
2.8997894812e-04	1.9727851324e-01
2.9673342552e-04	2.0168412955e-01
3.0364523491e-04	2.0618755156e-01
3.1071804102e-04	2.1079091234e-01
3.1795559395e-04	2.1549638874e-01
3.2536173115e-04	2.2030620169e-01
3.3294037944e-04	2.2522261909e-01
3.4069555713e-04	2.3024795384e-01
3.4863137611e-04	2.3538456643e-01
3.5675204406e-04	2.4063486553e-01
3.6506186667e-04	2.4600130743e-01
3.7356524992e-04	2.5148639906e-01
3.8226670240e-04	2.5709269678e-01
3.9117083775e-04	2.6282280757e-01
4.0028237705e-04	2.6867939123e-01
4.0960615137e-04	2.7466516012e-01
4.1914710429e-04	2.8078287892e-01
4.2891029456e-04	2.8703536647e-01
4.3890089874e-04	2.9342549775e-01
4.4912421398e-04	2.9995620099e-01
4.5958566083e-04	3.0663046408e-01
4.7029078608e-04	3.1345132950e-01
4.8124526573e-04	3.2042189818e-01
4.9245490799e-04	3.2754533043e-01
5.0392565636e-04	3.3482484565e-01
5.1566359279e-04	3.4226372327e-01
5.2767494087e-04	3.4986530230e-01
5.3996606920e-04	3.5763298782e-01
5.5254349468e-04	3.6557023950e-01
5.6541388603e-04	3.7368058688e-01
5.7858406732e-04	3.8196762111e-01
5.9206102153e-04	3.9043499476e-01
6.0585189434e-04	3.9908642961e-01
6.1996399783e-04	4.0792570717e-01
6.3440481445e-04	4.1695667924e-01
6.4918200089e-04	4.2618326401e-01
6.6430339223e-04	4.3560944344e-01
6.7977700602e-04	4.4523926891e-01
6.9561104657e-04	4.5507685986e-01
7.1181390931e-04	4.6512639830e-01
7.2839418520e-04	4.7539214682e-01
7.4536066534e-04	4.8587841795e-01
7.6272234556e-04	4.9658960995e-01
7.8048843127e-04	5.0753017473e-01
7.9866834227e-04	5.1870465504e-01
8.1727171781e-04	5.3011762233e-01
8.3630842162e-04	5.4177376237e-01
8.5578854723e-04	5.5367779674e-01
8.7572242325e-04	5.6583452185e-01
8.9612061890e-04	5.7824879818e-01
9.1699394956e-04	5.9092556392e-01
9.3835348255e-04	6.0386979137e-01
9.6021054297e-04	6.1708657078e-01
9.8257671974e-04	6.3058097931e-01
1.0054638717e-03	6.4435822819e-01
1.0288841339e-03	6.5842353278e-01
1.0528499241e-03	6.7278221581e-01
1.0773739492e-03	6.8743958413e-01
1.1024692123e-03	7.0240107434e-01
1.1281490192e-03	7.1767213153e-01
1.1544269856e-03	7.3325825462e-01
1.1813170444e-03	7.4916498620e-01
1.2088334532e-03	7.6539792558e-01
1.2369908015e-03	7.8196269108e-01
1.2658040187e-03	7.9886495455e-01
1.2952883819e-03	8.1611040619e-01
1.3254595242e-03	8.3370478100e-01
1.3563334427e-03	8.5165381519e-01
1.3879265071e-03	8.6996328354e-01
1.4202554685e-03	8.8863896866e-01
1.4533374682e-03	9.0768666411e-01
1.4871900466e-03	9.2711216845e-01
1.5218311529e-03	9.4692127707e-01
1.5572791542e-03	9.6711976343e-01
1.5935528455e-03	9.8771340239e-01
1.6306714596e-03	1.0087079448e+00
1.6686546773e-03	1.0301090968e+00
1.7075226379e-03	1.0519225316e+00
1.7472959495e-03	1.0741538774e+00
1.7879957006e-03	1.0968087007e+00
1.8296434706e-03	1.1198925048e+00
1.8722613418e-03	1.1434106823e+00
1.9158719108e-03	1.1673685929e+00
1.9604983005e-03	1.1917714389e+00
2.0061641722e-03	1.2166243249e+00
2.0528937388e-03	1.2419322593e+00
2.1007117768e-03	1.2677000890e+00
2.1496436400e-03	1.2939324957e+00
2.1997152727e-03	1.3206336857e+00
2.2509532236e-03	1.3478074855e+00
2.3033846597e-03	1.3754588714e+00
2.3570373808e-03	1.4035917837e+00
2.4119398343e-03	1.4322099042e+00
2.4681211302e-03	1.4613167395e+00
2.5256110567e-03	1.4909154658e+00
2.5844400955e-03	1.5210089618e+00
2.6446394387e-03	1.5515999129e+00
2.7062410047e-03	1.5826906486e+00
2.7692774556e-03	1.6142830003e+00
2.8337822140e-03	1.6463786878e+00
2.8997894812e-03	1.6789788603e+00
2.9673342552e-03	1.7120842926e+00
3.0364523491e-03	1.7456954355e+00
3.1071804102e-03	1.7798121745e+00
3.1795559395e-03	1.8144338949e+00
3.2536173115e-03	1.8495596507e+00
3.3294037944e-03	1.8851876377e+00
3.4069555713e-03	1.9213158370e+00
3.4863137611e-03	1.9579413901e+00
3.5675204406e-03	1.9950609075e+00
3.6506186667e-03	2.0326703856e+00
3.7356524992e-03	2.0707649046e+00
3.8226670240e-03	2.1093390294e+00
3.9117083775e-03	2.1483863757e+00
4.0028237705e-03	2.1878999316e+00
4.0960615137e-03	2.2278715257e+00
4.1914710429e-03	2.2682920473e+00
4.2891029456e-03	2.3091517687e+00
4.3890089874e-03	2.3504395866e+00
4.4912421398e-03	2.3921436782e+00
4.5958566083e-03	2.4342502085e+00
4.7029078608e-03	2.4767453340e+00
4.8124526573e-03	2.5196126031e+00
4.9245490799e-03	2.5628341552e+00
5.0392565636e-03	2.6063960803e+00
5.1566359279e-03	2.6502760974e+00
5.2767494087e-03	2.6944529010e+00
5.3996606920e-03	2.7389043648e+00
5.5254349468e-03	2.7836056789e+00
5.6541388603e-03	2.8285307879e+00
5.7858406732e-03	2.8736523129e+00
5.9206102153e-03	2.9189398934e+00
6.0585189434e-03	2.9643631819e+00
6.1996399783e-03	3.0098866592e+00
6.3440481445e-03	3.0554766679e+00
6.4918200089e-03	3.1010939364e+00
6.6430339223e-03	3.1466987864e+00
6.7977700602e-03	3.1922509743e+00
6.9561104657e-03	3.2377028438e+00
7.1181390931e-03	3.2830111337e+00
7.2839418520e-03	3.3281254966e+00
7.4536066534e-03	3.3729966114e+00
7.6272234556e-03	3.4175709091e+00
7.8048843127e-03	3.4617941519e+00
7.9866834227e-03	3.5056121434e+00
8.1727171781e-03	3.5489657887e+00
8.3630842162e-03	3.5917965243e+00
8.5578854723e-03	3.6340439577e+00
8.7572242325e-03	3.6756472876e+00
8.9612061890e-03	3.7165439777e+00
9.1699394956e-03	3.7566714111e+00
9.3835348255e-03	3.7959667268e+00
9.6021054297e-03	3.8343663252e+00
9.8257671974e-03	3.8718088413e+00
1.0054638717e-02	3.9082302241e+00
1.0288841339e-02	3.9435703494e+00
1.0528499241e-02	3.9777678388e+00
1.0773739492e-02	4.0107612678e+00
1.1024692123e-02	4.0424933241e+00
1.1281490192e-02	4.0729024592e+00
1.1544269856e-02	4.1019309205e+00
1.1813170444e-02	4.1295204817e+00
1.2088334532e-02	4.1556090674e+00
1.2369908015e-02	4.1801427435e+00
1.2658040187e-02	4.2030569709e+00
1.2952883819e-02	4.2242912823e+00
1.3254595242e-02	4.2437868925e+00
1.3563334427e-02	4.2614775593e+00
1.3879265071e-02	4.2772958958e+00
1.4202554685e-02	4.2911713733e+00
1.4533374682e-02	4.3030341002e+00
1.4871900466e-02	4.3128107131e+00
1.5218311529e-02	4.3204247317e+00
1.5572791542e-02	4.3258084263e+00
1.5935528455e-02	4.3288874646e+00
1.6306714597e-02	4.3295795263e+00
1.6686546774e-02	4.3278123067e+00
1.7075226380e-02	4.3235192067e+00
1.7472959498e-02	4.3166383662e+00
1.7879957013e-02	4.3071055684e+00
1.8296434721e-02	4.2948713154e+00
1.8722613449e-02	4.2798912376e+00
1.9158719170e-02	4.2621293911e+00
1.9604983124e-02	4.2415577370e+00
2.0061641951e-02	4.2181571357e+00
2.0528937818e-02	4.1919331924e+00
2.1007118562e-02	4.1628683035e+00
2.1496437841e-02	4.1309932685e+00
2.1997155298e-02	4.0963196548e+00
2.2509536751e-02	4.0588904113e+00
2.3033854402e-02	4.0187379250e+00
2.3570387094e-02	3.9759414353e+00
2.4119420617e-02	3.9305438424e+00
2.4681248094e-02	3.8826508310e+00
2.5256170465e-02	3.8323433221e+00
2.5844497098e-02	3.7797366954e+00
2.6446546584e-02	3.7249478292e+00
2.7062647743e-02	3.6681141215e+00
2.7693140911e-02	3.6093722792e+00
2.8338379561e-02	3.5488806444e+00
2.8998732343e-02	3.4867990395e+00
2.9674585596e-02	3.4233109025e+00
3.0366346435e-02	3.3585983130e+00
3.1074446455e-02	3.2928428569e+00
3.1799346157e-02	3.2262697639e+00
3.2541540120e-02	3.1590717151e+00
3.3301562978e-02	3.0914581745e+00
3.4079996221e-02	3.0236723581e+00
3.4877475796e-02	2.9559210280e+00
3.5694700481e-02	2.8884419043e+00
3.6532440955e-02	2.8214298464e+00
3.7391549441e-02	2.7551467612e+00
3.8272969776e-02	2.6897931696e+00
3.9177747727e-02	2.6255675183e+00
4.0107041314e-02	2.5626849858e+00
4.1062130891e-02	2.5013343852e+00
4.2044428710e-02	2.4416883073e+00
4.3055487646e-02	2.3839274775e+00
4.4097008782e-02	2.3281796029e+00
4.5170847515e-02	2.2745567180e+00
4.6279017868e-02	2.2231647739e+00
4.7423694694e-02	2.1740497137e+00
4.8607213486e-02	2.1272424208e+00
4.9832067564e-02	2.0827339906e+00
5.1100902452e-02	2.0404772799e+00
5.2416507354e-02	2.0003556825e+00
5.3781803735e-02	1.9622162951e+00
5.5199831142e-02	1.9257990644e+00
5.6673730514e-02	1.8907784976e+00
5.8206725415e-02	1.8567162054e+00
5.9802101709e-02	1.8230966358e+00
6.1463186370e-02	1.7893108475e+00
6.3193326170e-02	1.7546732393e+00
6.4995867076e-02	1.7184192942e+00
6.6874135154e-02	1.6797736468e+00
6.8831419758e-02	1.6379692994e+00
7.0870959652e-02	1.5923250139e+00
7.2995932596e-02	1.5423219453e+00
7.5209448716e-02	1.4876781928e+00
7.7514547848e-02	1.4284196822e+00
7.9914200805e-02	1.3649473591e+00
8.2411314399e-02	1.2980741290e+00
8.5008739898e-02	1.2290079995e+00
8.7709284497e-02	1.1592884883e+00
9.0515725341e-02	1.0906899597e+00
9.3430825578e-02	1.0250610413e+00
9.6457351970e-02	9.6413830778e-01
9.9598093562e-02	9.0936260652e-01
1.0285588100e-01	8.6170389107e-01
1.0623360608e-01	8.2151866418e-01
1.0973424128e-01	7.8847099477e-01
1.1336085888e-01	7.6149277146e-01
1.1711664954e-01	7.3884331703e-01
1.2100494014e-01	7.1825323150e-01
1.2502921074e-01	6.9721028673e-01
1.2919311046e-01	6.7337316070e-01
1.3350047238e-01	6.4506266804e-01
1.3795532720e-01	6.1170147840e-01
1.4256191572e-01	5.7403643883e-01
1.4732470003e-01	5.3402872099e-01
1.5224837333e-01	4.9439820687e-01
1.5733786838e-01	4.5794595918e-01
1.6259836432e-01	4.2684677616e-01
1.6803529197e-01	4.0210809907e-01
1.7365433721e-01	3.8331797133e-01
1.7946144244e-01	3.6874543850e-01
1.8546280576e-01	3.5589423213e-01
1.9166487771e-01	3.4197137043e-01
1.9807435513e-01	3.2496048991e-01
2.0469817185e-01	3.0464151667e-01
2.1154348579e-01	2.8249548748e-01
2.1861766198e-01	2.6093983793e-01
2.2592825100e-01	2.4218870816e-01
2.3348296232e-01	2.2732191777e-01
2.4128963204e-01	2.1589674817e-01
2.4935618433e-01	2.0622433698e-01
2.5769058617e-01	1.9624746170e-01
2.6630079487e-01	1.8469989355e-01
2.7519469789e-01	1.7184699520e-01
2.8438004473e-01	1.5917706532e-01
2.9386437075e-01	1.4820869283e-01
3.0365491309e-01	1.3938652363e-01
3.1375851897e-01	1.3191519208e-01
3.2418154733e-01	1.2454326007e-01
3.3492976490e-01	1.1661047615e-01
3.4600823853e-01	1.0848869968e-01
3.5742122614e-01	1.0104262946e-01
3.6917206929e-01	9.4701982816e-02
3.8126309102e-01	8.9109841713e-02
3.9369550344e-01	8.3655304709e-02
4.0646933004e-01	7.8168392473e-02
4.1958334828e-01	7.2945080212e-02
4.3303505822e-01	6.8257192775e-02
4.4682068323e-01	6.4048702522e-02
4.6093520806e-01	6.0076982166e-02
4.7537245911e-01	5.6229132849e-02
4.9012523004e-01	5.2616530661e-02
5.0518545426e-01	4.9339982025e-02
5.2054442301e-01	4.6321190404e-02
5.3619304554e-01	4.3459466694e-02
5.5212214430e-01	4.0769797165e-02
5.6832277575e-01	3.8288595798e-02
5.8478656470e-01	3.5994762599e-02
6.0150603835e-01	3.3847933184e-02
6.1847494565e-01	3.1837048278e-02
6.3568854768e-01	2.9969883988e-02
6.5314386666e-01	2.8234986980e-02
6.7083988321e-01	2.6612628701e-02
6.8877767508e-01	2.5095703083e-02
7.0696049388e-01	2.3680799721e-02
7.2539378017e-01	2.2358758667e-02
7.4408512020e-01	2.1119926009e-02
7.6304415064e-01	1.9959075044e-02
7.8228241917e-01	1.8870771562e-02
8.0181321031e-01	1.7848768774e-02
8.2165134601e-01	1.6887710542e-02
8.4181297062e-01	1.5983477629e-02
8.6231532903e-01	1.5131855570e-02
8.8317654601e-01	1.4328746952e-02
9.0441541352e-01	1.3570916272e-02
9.2605119178e-01	1.2855257728e-02
9.4810342851e-01	1.2178839317e-02
9.7059179977e-01	1.1539066844e-02
9.9353597460e-01	1.0933605703e-02
1.0169555048e+00	1.0360287034e-02
1.0408697401e+00	9.8171380229e-03
1.0652977683e+00	9.3023624838e-03
1.0902583792e+00	8.8143388033e-03
1.1157700501e+00	8.3515685635e-03
1.1418509508e+00	7.9127037472e-03
1.1685189659e+00	7.4964525784e-03
1.1957917291e+00	7.1016341547e-03
1.2236866704e+00	6.7271073193e-03
1.2522210686e+00	6.3718100001e-03
1.2814121100e+00	6.0347409725e-03
1.3112769486e+00	5.7149655607e-03
1.3418327664e+00	5.4116432484e-03
1.3730968318e+00	5.1239365204e-03
1.4050865544e+00	4.8510914814e-03
1.4378195367e+00	4.5923657446e-03
1.4713136199e+00	4.3470384421e-03
1.5055869258e+00	4.1144251050e-03
1.5406578931e+00	3.8939037559e-03
1.5765453097e+00	3.6848390296e-03
1.6132683413e+00	3.4866838328e-03
1.6508465550e+00	3.2988892541e-03
1.6892999418e+00	3.1209426720e-03
1.7286489352e+00	2.9523373130e-03
1.7689144286e+00	2.7925822299e-03
1.8101177909e+00	2.6412389339e-03
1.8522808814e+00	2.4978836949e-03
1.8954260634e+00	2.3621163870e-03
1.9395762182e+00	2.2335366337e-03
1.9847547578e+00	2.1117803244e-03
2.0309856381e+00	1.9964957042e-03
2.0782933726e+00	1.8873439655e-03
2.1267030450e+00	1.7840101299e-03
2.1762403230e+00	1.6862069733e-03
2.2269314723e+00	1.5936402887e-03
2.2788033700e+00	1.5060321413e-03
2.3318835194e+00	1.4231301378e-03
2.3862000642e+00	1.3446899080e-03
2.4417818039e+00	1.2704758803e-03
2.4986582086e+00	1.2002649408e-03
2.5568594350e+00	1.1338490902e-03
2.6164163421e+00	1.0710234754e-03
2.6773605077e+00	1.0116150210e-03
2.7397242454e+00	9.5542668994e-04
2.8035406211e+00	9.0229648363e-04
2.8688434711e+00	8.5205761833e-04
2.9356674200e+00	8.0455854366e-04
3.0040478985e+00	7.5965564478e-04
3.0740211630e+00	7.1720488231e-04
3.1456243142e+00	6.7708761046e-04
3.2188953171e+00	6.3916681297e-04
3.2938730209e+00	6.0332854473e-04
3.3705971797e+00	5.6946232927e-04
3.4491084738e+00	5.3746227833e-04
3.5294485309e+00	5.0722453272e-04
3.6116599483e+00	4.7865837079e-04
3.6957863156e+00	4.5167215175e-04
3.7818722377e+00	4.2618077729e-04
3.8699633585e+00	4.0210043062e-04
3.9601063851e+00	3.7935807114e-04
4.0523491126e+00	3.5787997344e-04
4.1467404492e+00	3.3759924780e-04
4.2433304425e+00	3.1844496550e-04
4.3421703057e+00	3.0036052474e-04
4.4433124451e+00	2.8328596571e-04
4.5468104876e+00	2.6716649581e-04
4.6527193092e+00	2.5194955366e-04
4.7610950642e+00	2.3758555399e-04
4.8719952147e+00	2.2402831728e-04
4.9854785617e+00	2.1123066273e-04
5.1016052753e+00	1.9915277737e-04
5.2204369276e+00	1.8775625769e-04
5.3420365247e+00	1.7700207429e-04
5.4664685402e+00	1.6685421133e-04
5.5937989497e+00	1.5727936510e-04
5.7240952655e+00	1.4824663179e-04
5.8574265723e+00	1.3972351698e-04
5.9938635642e+00	1.3168460139e-04
6.1334785820e+00	1.2410219187e-04
6.2763456512e+00	1.1694862275e-04
6.4225405221e+00	1.1020372886e-04
6.5721407089e+00	1.0384098613e-04
6.7252255317e+00	9.7841760466e-05
6.8818761580e+00	9.2183460988e-05
7.0421756463e+00	8.6847974387e-05
7.2062089892e+00	8.1817536193e-05
7.3740631596e+00	7.7074632957e-05
7.5458271559e+00	7.2602967765e-05
7.7215920496e+00	6.8387729347e-05
7.9014510336e+00	6.4413914279e-05
8.0854994715e+00	6.0667928337e-05
8.2738349483e+00	5.7137163717e-05
8.4665573218e+00	5.3809547621e-05
8.6637687762e+00	5.0673231200e-05
8.8655738754e+00	4.7717588653e-05
9.0720796193e+00	4.4932366314e-05
9.2833954998e+00	4.2307524116e-05
9.4996335595e+00	3.9834303553e-05
9.7209084507e+00	3.7503817069e-05
9.9473374962e+00	3.5308442244e-05
1.0179040752e+01	3.3239850498e-05
1.0416141069e+01	3.1291347719e-05
1.0658764163e+01	2.9455401260e-05
1.0907038674e+01	2.7726131355e-05
1.1161096242e+01	2.6097348246e-05
1.1421071571e+01	2.4563051184e-05
1.1687102502e+01	2.3118111894e-05
1.1959330091e+01	2.1757258655e-05
1.2237898674e+01	2.0475567579e-05
1.2522955954e+01	1.9268629465e-05
1.2814653070e+01	1.8131994949e-05
1.3113144685e+01	1.7061740589e-05
1.3418589063e+01	1.6054157842e-05
1.3731148154e+01	1.5105354751e-05
1.4050987682e+01	1.4212037661e-05
1.4378277230e+01	1.3371053281e-05
1.4713190331e+01	1.2579293864e-05
1.5055904559e+01	1.1834012465e-05
1.5406601628e+01	1.1132416805e-05
1.5765467481e+01	1.0471992708e-05
1.6132692393e+01	9.8504307441e-06
1.6508471073e+01	9.2653600662e-06
1.6893002762e+01	8.7146845699e-06
1.7286491345e+01	8.1964118439e-06
1.7689145454e+01	7.7086502223e-06
1.8101178583e+01	7.2496861520e-06
1.8522809196e+01	6.8177748250e-06
1.8954260847e+01	6.4113907955e-06
1.9395762299e+01	6.0290067164e-06
1.9847547640e+01	5.6691655165e-06
2.0309856414e+01	5.3305979820e-06
2.0782933743e+01	5.0122064905e-06
2.1267030458e+01	4.7124666892e-06
2.1762403235e+01	4.4305834336e-06
2.2269314725e+01	4.1654032843e-06
2.2788033701e+01	3.9159579227e-06
2.3318835194e+01	3.6813360039e-06
2.3862000642e+01	3.4605587465e-06
2.4417818039e+01	3.2529792957e-06
2.4986582086e+01	3.0577181373e-06
2.5568594350e+01	2.8740671364e-06
2.6164163421e+01	2.7014006438e-06
2.6773605077e+01	2.5389663307e-06
2.7397242454e+01	2.3862261463e-06
2.8035406211e+01	2.2425960043e-06
2.8688434711e+01	2.1075339099e-06
2.9356674200e+01	1.9805461912e-06
3.0040478985e+01	1.8611181571e-06
