1.0528499241e-05	4.8928447258e-03
1.3254595242e-05	6.1059184010e-03
1.6686546774e-05	7.6197417070e-03
2.1007117768e-05	9.5088726686e-03
2.6446394387e-05	1.1866348626e-02
3.3294037944e-05	1.4808260446e-02
4.1914710429e-05	1.8479456258e-02
5.2767494087e-05	2.3060648302e-02
6.6430339223e-05	2.8777254371e-02
8.3630842162e-05	3.5910388935e-02
1.0528499241e-04	4.4810486351e-02
1.3254595242e-04	5.5914122659e-02
1.6686546773e-04	6.9764665707e-02
2.1007117768e-04	8.7037382403e-02
2.6446394387e-04	1.0856952937e-01
3.3294037944e-04	1.3539563129e-01
4.1914710429e-04	1.6878750659e-01
5.2767494087e-04	2.1029753808e-01
6.6430339223e-04	2.6180208115e-01
8.3630842162e-04	3.2553893470e-01
1.0528499241e-03	4.0412550297e-01
1.3254595242e-03	5.0052866986e-01
1.6686546773e-03	6.1794219916e-01
2.1007117768e-03	7.5951241257e-01
2.6446394387e-03	9.2781444175e-01
3.3294037944e-03	1.1240325745e+00
4.1914710429e-03	1.3467771292e+00
5.2767494087e-03	1.5905520187e+00
6.6430339223e-03	1.8439547635e+00
8.3630842162e-03	2.0880023854e+00
1.0528499241e-02	2.2964562415e+00
1.3254595242e-02	2.4392983861e+00
1.6686546773e-02	2.4802298489e+00
2.1007117551e-02	2.3783879557e+00
2.6446239555e-02	2.1232285752e+00
3.3273743748e-02	1.7600884634e+00
4.1271830785e-02	1.4134503884e+00
4.7925021188e-02	1.2222304768e+00
5.2767007927e-02	1.1287656825e+00
5.6774330373e-02	1.0705792825e+00
6.0359120195e-02	1.0266911836e+00
6.3706246053e-02	9.8831276406e-01
6.6914030285e-02	9.5102304814e-01
7.0041631710e-02	9.1248180006e-01
7.3128010768e-02	8.7158486751e-01
7.6200682074e-02	8.2809233881e-01
7.9280208556e-02	7.8239913807e-01
8.2382704686e-02	7.3537817530e-01
8.5521322537e-02	6.8821220408e-01
8.8707180226e-02	6.4223083027e-01
9.1949966650e-02	5.9875829655e-01
9.5258349117e-02	5.5895966662e-01
9.8640256031e-02	5.2371777735e-01
1.0210307755e-01	4.9354602999e-01
1.0565381075e-01	4.6852687491e-01
1.0929916614e-01	4.4830201800e-01
1.1304564679e-01	4.3208047722e-01
1.1689960745e-01	4.1869542792e-01
1.2086729890e-01	4.0671119409e-01
1.2495490132e-01	3.9458990199e-01
1.2916854939e-01	3.8093725567e-01
1.3351435117e-01	3.6477189857e-01
1.3799840245e-01	3.4576773030e-01
1.4262679799e-01	3.2436102118e-01
1.4740564070e-01	3.0167488540e-01
1.5234104995e-01	2.7925169410e-01
1.5743916990e-01	2.5866567734e-01
1.6270617880e-01	2.4112993184e-01
1.6814830022e-01	2.2719271379e-01
1.7377181691e-01	2.1660360812e-01
1.7958308842e-01	2.0837277562e-01
1.8558857308e-01	2.0108909545e-01
1.9179485536e-01	1.9317593810e-01
1.9820867937e-01	1.8351402554e-01
2.0483698945e-01	1.7199790520e-01
2.1168697869e-01	1.5947718549e-01
2.1876614634e-01	1.4731649112e-01
2.2608236520e-01	1.3675612326e-01
2.3364396024e-01	1.2838851176e-01
2.4145979978e-01	1.2194869824e-01
2.4953940100e-01	1.1647430570e-01
2.5789305206e-01	1.1080482854e-01
2.6653195332e-01	1.0423610226e-01
2.7546838143e-01	9.6934656363e-02
2.8471588058e-01	8.9754252455e-02
2.9428948674e-01	8.3551642757e-02
3.0420599271e-01	7.8557786686e-02
3.1448426354e-01	7.4288701826e-02
3.2514561573e-01	7.0014241622e-02
3.3621427740e-01	6.5381114321e-02
3.4771795266e-01	6.0659631476e-02
3.5968852159e-01	5.6376078619e-02
3.7216291878e-01	5.2723077051e-02
3.8518424976e-01	4.9397211899e-02
3.9880322888e-01	4.6037772260e-02
4.1308005805e-01	4.2660437722e-02
4.2808691991e-01	3.9517502207e-02
4.4391134340e-01	3.6689386916e-02
4.6066083342e-01	3.4004608173e-02
4.7846937497e-01	3.1340331538e-02
4.9750678995e-01	2.8809042872e-02
5.1799256544e-01	2.6459979344e-02
5.4021693207e-01	2.4170654460e-02
5.6457416227e-01	2.1956853061e-02
5.9161741183e-01	1.9840526938e-02
6.2215357462e-01	1.7763683082e-02
6.5741709418e-01	1.5732876012e-02
6.9941077897e-01	1.3710617365e-02
7.5162760946e-01	1.1671544706e-02
8.2070208252e-01	9.5714749798e-03
9.2030782609e-01	7.3713328163e-03
1.0782225566e+00	5.1130474331e-03
1.3287993634e+00	3.1306566226e-03
1.6703883051e+00	1.8127204765e-03
2.1028497582e+00	1.0366805914e-03
2.6473308419e+00	5.8806592785e-04
3.3327920702e+00	3.3114901813e-04
4.1957366294e+00	1.8523738754e-04
5.2821194640e+00	1.0299067529e-04
6.6497944213e+00	5.6944612950e-05
8.3715951802e+00	3.1325350281e-05
1.0539213910e+01	1.7151427766e-05
1.3268084211e+01	9.3500280622e-06
1.6703528379e+01	5.0765339831e-06
2.1028496343e+01	2.7456875015e-06
2.6473308418e+01	1.4796047042e-06
3.3327920702e+01	7.9447438275e-07
