1.0528499241e-05	9.8181503172e-01
1.3254595242e-05	9.8181487006e-01
1.6686546774e-05	9.8181461400e-01
2.1007117768e-05	9.8181420854e-01
2.6446394387e-05	9.8181356479e-01
3.3294037944e-05	9.8181254440e-01
4.1914710429e-05	9.8181092756e-01
5.2767494087e-05	9.8180836473e-01
6.6430339223e-05	9.8180430240e-01
8.3630842162e-05	9.8179786553e-01
1.0528499241e-04	9.8178766426e-01
1.3254595242e-04	9.8177150047e-01
1.6686546773e-04	9.8174589029e-01
2.1007117768e-04	9.8170531980e-01
2.6446394387e-04	9.8164106920e-01
3.3294037944e-04	9.8153936254e-01
4.1914710429e-04	9.8137847892e-01
5.2767494087e-04	9.8112427683e-01
6.6430339223e-04	9.8072335702e-01
8.3630842162e-04	9.8009288482e-01
1.0528499241e-03	9.7910610904e-01
1.3254595242e-03	9.7757361406e-01
1.6686546773e-03	9.7522435014e-01
2.1007117768e-03	9.7170323185e-01
2.6446394387e-03	9.6663761328e-01
3.3294037944e-03	9.5993811120e-01
4.1914710429e-03	9.5275984727e-01
5.2767494087e-03	9.5024879077e-01
6.6430339223e-03	9.6814172560e-01
8.3630842162e-03	1.0413875516e+00
1.0528499241e-02	1.1979055868e+00
1.3254595242e-02	1.3370231605e+00
1.6686546773e-02	1.3124000105e+00
2.1007117551e-02	1.2674163255e+00
2.6446239555e-02	1.1013820272e+00
3.3273743748e-02	7.8785284281e-01
4.1271830785e-02	2.5219613504e-01
4.7925021188e-02	-3.1208320914e-01
5.2767007927e-02	-7.8192064080e-01
5.6774330373e-02	-1.1954447538e+00
6.0359120195e-02	-1.5830403788e+00
6.3706246053e-02	-1.9451263842e+00
6.6914030285e-02	-2.2839863452e+00
7.0041631710e-02	-2.5924325586e+00
7.3128010768e-02	-2.8559609441e+00
7.6200682074e-02	-3.0587740963e+00
7.9280208556e-02	-3.1689736289e+00
8.2382704686e-02	-3.1525380889e+00
8.5521322537e-02	-2.9573529511e+00
8.8707180226e-02	-2.5185015503e+00
9.1949966650e-02	-1.7663745947e+00
9.5258349117e-02	-6.1360802190e-01
9.8640256031e-02	9.9932841414e-01
1.0210307755e-01	3.1060790197e+00
1.0565381075e-01	5.6611477291e+00
1.0929916614e-01	8.5156174729e+00
1.1304564679e-01	1.1435666725e+01
1.1689960745e-01	1.4125263396e+01
1.2086729890e-01	1.6336461305e+01
1.2495490132e-01	1.7906107857e+01
1.2916854939e-01	1.8802407660e+01
1.3351435117e-01	1.9080063408e+01
1.3799840245e-01	1.8849882134e+01
1.4262679799e-01	1.8228834773e+01
1.4740564070e-01	1.7322521715e+01
1.5234104995e-01	1.6211965947e+01
1.5743916990e-01	1.4954159833e+01
1.6270617880e-01	1.3585659097e+01
1.6814830022e-01	1.2125871706e+01
1.7377181691e-01	1.0581651709e+01
1.7958308842e-01	8.9500458666e+00
1.8558857308e-01	7.2199020306e+00
1.9179485536e-01	5.3728807230e+00
1.9820867937e-01	3.3833827625e+00
2.0483698945e-01	1.2173746281e+00
2.1168697869e-01	-1.1698133292e+00
2.1876614634e-01	-3.8370416193e+00
2.2608236520e-01	-6.8628754016e+00
2.3364396024e-01	-1.0353877353e+01
2.4145979978e-01	-1.4456698624e+01
2.4953940100e-01	-1.9374374877e+01
2.5789305206e-01	-2.5381635772e+01
2.6653195332e-01	-3.2803636054e+01
2.7546838143e-01	-4.1766467915e+01
2.8471588058e-01	-5.0702509986e+01
2.9428948674e-01	-4.8754928952e+01
3.0420599271e-01	2.0194462553e-01
3.1448426354e-01	7.1703317284e+01
3.2514561573e-01	8.0573859453e+01
3.3621427740e-01	6.5297524087e+01
3.4771795266e-01	4.9875646520e+01
3.5968852159e-01	3.7150735062e+01
3.7216291878e-01	2.6384870731e+01
3.8518424976e-01	1.6636901194e+01
3.9880322888e-01	7.0834263898e+00
4.1308005805e-01	-3.1017335124e+00
4.2808691991e-01	-1.4930560917e+01
4.4391134340e-01	-3.0249979980e+01
4.6066083342e-01	-5.2876542274e+01
4.7846937497e-01	-9.2671822541e+01
4.9750678995e-01	-1.5782143259e+02
5.1799256544e-01	2.2929211848e+02
5.4021693207e-01	1.1121550599e+02
5.6457416227e-01	5.7031430851e+01
5.9161741183e-01	2.1220177429e+01
6.2215357462e-01	-1.2477841316e+01
6.5741709418e-01	-6.6373503246e+01
6.9941077897e-01	-3.1470022543e+02
7.5162760946e-01	1.2555848463e+02
8.2070208252e-01	-1.0253799311e+01
9.2030782609e-01	1.5041484898e+03
1.0782225566e+00	-1.8259138518e+02
1.3287993634e+00	2.8965820831e+03
1.6703883051e+00	-1.5976710518e+02
2.1028497582e+00	-4.5767438129e+02
2.6473308419e+00	-2.9536178798e+01
3.3327920702e+00	-1.9310855996e+03
4.1957366294e+00	1.0377029812e+03
5.2821194640e+00	1.3042630495e+00
6.6497944213e+00	9.3104731039e+02
8.3715951802e+00	-8.2578838332e+02
1.0539213910e+01	5.1559394412e+02
1.3268084211e+01	-2.5947412531e+03
1.6703528379e+01	-1.8641742745e+03
2.1028496343e+01	-7.4126341806e+03
2.6473308418e+01	-5.7906978652e+03
3.3327920702e+01	-6.2446757647e+02
