1.0528499241e-05	5.3081531102e-01
1.0773739492e-05	5.3081531086e-01
1.1024692123e-05	5.3081531070e-01
1.1281490192e-05	5.3081531052e-01
1.1544269856e-05	5.3081531034e-01
1.1813170444e-05	5.3081531015e-01
1.2088334532e-05	5.3081530995e-01
1.2369908015e-05	5.3081530974e-01
1.2658040187e-05	5.3081530952e-01
1.2952883819e-05	5.3081530929e-01
1.3254595242e-05	5.3081530905e-01
1.3563334427e-05	5.3081530880e-01
1.3879265071e-05	5.3081530854e-01
1.4202554685e-05	5.3081530827e-01
1.4533374682e-05	5.3081530798e-01
1.4871900466e-05	5.3081530768e-01
1.5218311529e-05	5.3081530736e-01
1.5572791542e-05	5.3081530703e-01
1.5935528455e-05	5.3081530668e-01
1.6306714596e-05	5.3081530632e-01
1.6686546774e-05	5.3081530594e-01
1.7075226379e-05	5.3081530554e-01
1.7472959495e-05	5.3081530513e-01
1.7879957006e-05	5.3081530469e-01
1.8296434706e-05	5.3081530423e-01
1.8722613418e-05	5.3081530375e-01
1.9158719108e-05	5.3081530325e-01
1.9604983005e-05	5.3081530273e-01
2.0061641722e-05	5.3081530218e-01
2.0528937388e-05	5.3081530161e-01
2.1007117768e-05	5.3081530100e-01
2.1496436400e-05	5.3081530037e-01
2.1997152727e-05	5.3081529971e-01
2.2509532236e-05	5.3081529902e-01
2.3033846597e-05	5.3081529830e-01
2.3570373808e-05	5.3081529754e-01
2.4119398343e-05	5.3081529675e-01
2.4681211302e-05	5.3081529591e-01
2.5256110567e-05	5.3081529504e-01
2.5844400955e-05	5.3081529413e-01
2.6446394387e-05	5.3081529318e-01
2.7062410047e-05	5.3081529218e-01
2.7692774556e-05	5.3081529113e-01
2.8337822140e-05	5.3081529004e-01
2.8997894812e-05	5.3081528889e-01
2.9673342552e-05	5.3081528769e-01
3.0364523491e-05	5.3081528643e-01
3.1071804102e-05	5.3081528511e-01
3.1795559395e-05	5.3081528374e-01
3.2536173115e-05	5.3081528229e-01
3.3294037944e-05	5.3081528078e-01
3.4069555713e-05	5.3081527920e-01
3.4863137611e-05	5.3081527754e-01
3.5675204406e-05	5.3081527580e-01
3.6506186667e-05	5.3081527398e-01
3.7356524992e-05	5.3081527208e-01
3.8226670240e-05	5.3081527009e-01
3.9117083775e-05	5.3081526800e-01
4.0028237705e-05	5.3081526581e-01
4.0960615137e-05	5.3081526352e-01
4.1914710429e-05	5.3081526113e-01
4.2891029456e-05	5.3081525862e-01
4.3890089874e-05	5.3081525599e-01
4.4912421398e-05	5.3081525324e-01
4.5958566083e-05	5.3081525035e-01
4.7029078608e-05	5.3081524734e-01
4.8124526573e-05	5.3081524418e-01
4.9245490799e-05	5.3081524087e-01
5.0392565636e-05	5.3081523741e-01
5.1566359279e-05	5.3081523378e-01
5.2767494087e-05	5.3081522998e-01
5.3996606920e-05	5.3081522600e-01
5.5254349468e-05	5.3081522184e-01
5.6541388603e-05	5.3081521747e-01
5.7858406732e-05	5.3081521291e-01
5.9206102153e-05	5.3081520813e-01
6.0585189434e-05	5.3081520312e-01
6.1996399783e-05	5.3081519787e-01
6.3440481445e-05	5.3081519238e-01
6.4918200089e-05	5.3081518664e-01
6.6430339223e-05	5.3081518061e-01
6.7977700602e-05	5.3081517431e-01
6.9561104657e-05	5.3081516771e-01
7.1181390931e-05	5.3081516080e-01
7.2839418520e-05	5.3081515356e-01
7.4536066534e-05	5.3081514598e-01
7.6272234556e-05	5.3081513805e-01
7.8048843127e-05	5.3081512974e-01
7.9866834227e-05	5.3081512103e-01
8.1727171781e-05	5.3081511192e-01
8.3630842162e-05	5.3081510238e-01
8.5578854723e-05	5.3081509239e-01
8.7572242325e-05	5.3081508193e-01
8.9612061890e-05	5.3081507098e-01
9.1699394956e-05	5.3081505951e-01
9.3835348255e-05	5.3081504749e-01
9.6021054297e-05	5.3081503492e-01
9.8257671974e-05	5.3081502175e-01
1.0054638717e-04	5.3081500796e-01
1.0288841339e-04	5.3081499352e-01
1.0528499241e-04	5.3081497840e-01
1.0773739492e-04	5.3081496257e-01
1.1024692123e-04	5.3081494599e-01
1.1281490192e-04	5.3081492863e-01
1.1544269856e-04	5.3081491045e-01
1.1813170444e-04	5.3081489141e-01
1.2088334532e-04	5.3081487148e-01
1.2369908015e-04	5.3081485061e-01
1.2658040187e-04	5.3081482876e-01
1.2952883819e-04	5.3081480588e-01
1.3254595242e-04	5.3081478192e-01
1.3563334427e-04	5.3081475683e-01
1.3879265071e-04	5.3081473055e-01
1.4202554685e-04	5.3081470305e-01
1.4533374682e-04	5.3081467424e-01
1.4871900466e-04	5.3081464408e-01
1.5218311529e-04	5.3081461249e-01
1.5572791542e-04	5.3081457942e-01
1.5935528455e-04	5.3081454479e-01
1.6306714596e-04	5.3081450853e-01
1.6686546773e-04	5.3081447056e-01
1.7075226379e-04	5.3081443081e-01
1.7472959495e-04	5.3081438918e-01
1.7879957006e-04	5.3081434559e-01
1.8296434706e-04	5.3081429994e-01
1.8722613418e-04	5.3081425215e-01
1.9158719108e-04	5.3081420211e-01
1.9604983005e-04	5.3081414971e-01
2.0061641722e-04	5.3081409484e-01
2.0528937388e-04	5.3081403738e-01
2.1007117768e-04	5.3081397723e-01
2.1496436400e-04	5.3081391424e-01
2.1997152727e-04	5.3081384828e-01
2.2509532236e-04	5.3081377922e-01
2.3033846597e-04	5.3081370690e-01
2.3570373808e-04	5.3081363118e-01
2.4119398343e-04	5.3081355190e-01
2.4681211302e-04	5.3081346889e-01
2.5256110567e-04	5.3081338196e-01
2.5844400955e-04	5.3081329095e-01
2.6446394387e-04	5.3081319565e-01
2.7062410047e-04	5.3081309587e-01
2.7692774556e-04	5.3081299139e-01
2.8337822140e-04	5.3081288199e-01
2.8997894812e-04	5.3081276745e-01
2.9673342552e-04	5.3081264751e-01
3.0364523491e-04	5.3081252193e-01
3.1071804102e-04	5.3081239045e-01
3.1795559395e-04	5.3081225278e-01
3.2536173115e-04	5.3081210864e-01
3.3294037944e-04	5.3081195771e-01
3.4069555713e-04	5.3081179969e-01
3.4863137611e-04	5.3081163424e-01
3.5675204406e-04	5.3081146101e-01
3.6506186667e-04	5.3081127963e-01
3.7356524992e-04	5.3081108973e-01
3.8226670240e-04	5.3081089090e-01
3.9117083775e-04	5.3081068273e-01
4.0028237705e-04	5.3081046477e-01
4.0960615137e-04	5.3081023658e-01
4.1914710429e-04	5.3080999767e-01
4.2891029456e-04	5.3080974753e-01
4.3890089874e-04	5.3080948565e-01
4.4912421398e-04	5.3080921147e-01
4.5958566083e-04	5.3080892442e-01
4.7029078608e-04	5.3080862390e-01
4.8124526573e-04	5.3080830927e-01
4.9245490799e-04	5.3080797989e-01
5.0392565636e-04	5.3080763505e-01
5.1566359279e-04	5.3080727404e-01
5.2767494087e-04	5.3080689610e-01
5.3996606920e-04	5.3080650045e-01
5.5254349468e-04	5.3080608625e-01
5.6541388603e-04	5.3080565265e-01
5.7858406732e-04	5.3080519874e-01
5.9206102153e-04	5.3080472358e-01
6.0585189434e-04	5.3080422617e-01
6.1996399783e-04	5.3080370549e-01
6.3440481445e-04	5.3080316045e-01
6.4918200089e-04	5.3080258992e-01
6.6430339223e-04	5.3080199273e-01
6.7977700602e-04	5.3080136762e-01
6.9561104657e-04	5.3080071332e-01
7.1181390931e-04	5.3080002847e-01
7.2839418520e-04	5.3079931166e-01
7.4536066534e-04	5.3079856141e-01
7.6272234556e-04	5.3079777618e-01
7.8048843127e-04	5.3079695436e-01
7.9866834227e-04	5.3079609426e-01
8.1727171781e-04	5.3079519412e-01
8.3630842162e-04	5.3079425211e-01
8.5578854723e-04	5.3079326629e-01
8.7572242325e-04	5.3079223468e-01
8.9612061890e-04	5.3079115516e-01
9.1699394956e-04	5.3079002554e-01
9.3835348255e-04	5.3078884356e-01
9.6021054297e-04	5.3078760680e-01
9.8257671974e-04	5.3078631280e-01
1.0054638717e-03	5.3078495894e-01
1.0288841339e-03	5.3078354252e-01
1.0528499241e-03	5.3078206069e-01
1.0773739492e-03	5.3078051052e-01
1.1024692123e-03	5.3077888892e-01
1.1281490192e-03	5.3077719267e-01
1.1544269856e-03	5.3077541844e-01
1.1813170444e-03	5.3077356272e-01
1.2088334532e-03	5.3077162189e-01
1.2369908015e-03	5.3076959215e-01
1.2658040187e-03	5.3076746955e-01
1.2952883819e-03	5.3076524999e-01
1.3254595242e-03	5.3076292919e-01
1.3563334427e-03	5.3076050268e-01
1.3879265071e-03	5.3075796584e-01
1.4202554685e-03	5.3075531385e-01
1.4533374682e-03	5.3075254169e-01
1.4871900466e-03	5.3074964415e-01
1.5218311529e-03	5.3074661582e-01
1.5572791542e-03	5.3074345108e-01
1.5935528455e-03	5.3074014409e-01
1.6306714596e-03	5.3073668878e-01
1.6686546773e-03	5.3073307888e-01
1.7075226379e-03	5.3072930787e-01
1.7472959495e-03	5.3072536900e-01
1.7879957006e-03	5.3072125526e-01
1.8296434706e-03	5.3071695943e-01
1.8722613418e-03	5.3071247400e-01
1.9158719108e-03	5.3070779123e-01
1.9604983005e-03	5.3070290312e-01
2.0061641722e-03	5.3069780140e-01
2.0528937388e-03	5.3069247755e-01
2.1007117768e-03	5.3068692276e-01
2.1496436400e-03	5.3068112799e-01
2.1997152727e-03	5.3067508395e-01
2.2509532236e-03	5.3066878111e-01
2.3033846597e-03	5.3066220952e-01
2.3570373808e-03	5.3065535907e-01
2.4119398343e-03	5.3064821939e-01
2.4681211302e-03	5.3064077986e-01
2.5256110567e-03	5.3063302964e-01
2.5844400955e-03	5.3062495762e-01
2.6446394387e-03	5.3061655250e-01
2.7062410047e-03	5.3060780275e-01
2.7692774556e-03	5.3059869665e-01
2.8337822140e-03	5.3058922231e-01
2.8997894812e-03	5.3057936767e-01
2.9673342552e-03	5.3056912053e-01
3.0364523491e-03	5.3055846859e-01
3.1071804102e-03	5.3054739944e-01
3.1795559395e-03	5.3053590062e-01
3.2536173115e-03	5.3052395966e-01
3.3294037944e-03	5.3051156406e-01
3.4069555713e-03	5.3049870140e-01
3.4863137611e-03	5.3048535931e-01
3.5675204406e-03	5.3047152557e-01
3.6506186667e-03	5.3045718813e-01
3.7356524992e-03	5.3044233513e-01
3.8226670240e-03	5.3042695501e-01
3.9117083775e-03	5.3041103651e-01
4.0028237705e-03	5.3039456873e-01
4.0960615137e-03	5.3037754121e-01
4.1914710429e-03	5.3035994395e-01
4.2891029456e-03	5.3034176749e-01
4.3890089874e-03	5.3032300291e-01
4.4912421398e-03	5.3030364194e-01
4.5958566083e-03	5.3028367697e-01
4.7029078608e-03	5.3026310108e-01
4.8124526573e-03	5.3024190809e-01
4.9245490799e-03	5.3022009256e-01
5.0392565636e-03	5.3019764983e-01
5.1566359279e-03	5.3017457596e-01
5.2767494087e-03	5.3015086778e-01
5.3996606920e-03	5.3012652278e-01
5.5254349468e-03	5.3010153922e-01
5.6541388603e-03	5.3007591588e-01
5.7858406732e-03	5.3004965202e-01
5.9206102153e-03	5.3002274726e-01
6.0585189434e-03	5.2999520141e-01
6.1996399783e-03	5.2996701432e-01
6.3440481445e-03	5.2993818563e-01
6.4918200089e-03	5.2990871457e-01
6.6430339223e-03	5.2987859964e-01
6.7977700602e-03	5.2984783834e-01
6.9561104657e-03	5.2981642681e-01
7.1181390931e-03	5.2978435953e-01
7.2839418520e-03	5.2975162887e-01
7.4536066534e-03	5.2971822478e-01
7.6272234556e-03	5.2968413439e-01
7.8048843127e-03	5.2964934162e-01
7.9866834227e-03	5.2961382685e-01
8.1727171781e-03	5.2957756661e-01
8.3630842162e-03	5.2954053334e-01
8.5578854723e-03	5.2950269516e-01
8.7572242325e-03	5.2946401584e-01
8.9612061890e-03	5.2942445478e-01
9.1699394956e-03	5.2938396718e-01
9.3835348255e-03	5.2934250432e-01
9.6021054297e-03	5.2930001401e-01
9.8257671974e-03	5.2925644123e-01
1.0054638717e-02	5.2921172887e-01
1.0288841339e-02	5.2916581873e-01
1.0528499241e-02	5.2911865256e-01
1.0773739492e-02	5.2907017332e-01
1.1024692123e-02	5.2902032644e-01
1.1281490192e-02	5.2896906118e-01
1.1544269856e-02	5.2891633192e-01
1.1813170444e-02	5.2886209936e-01
1.2088334532e-02	5.2880633156e-01
1.2369908015e-02	5.2874900471e-01
1.2658040187e-02	5.2869010353e-01
1.2952883819e-02	5.2862962132e-01
1.3254595242e-02	5.2856755948e-01
1.3563334427e-02	5.2850392658e-01
1.3879265071e-02	5.2843873693e-01
1.4202554685e-02	5.2837200867e-01
1.4533374682e-02	5.2830376153e-01
1.4871900466e-02	5.2823401439e-01
1.5218311529e-02	5.2816278275e-01
1.5572791542e-02	5.2809007644e-01
1.5935528455e-02	5.2801589772e-01
1.6306714597e-02	5.2794024003e-01
1.6686546774e-02	5.2786308766e-01
1.7075226380e-02	5.2778441629e-01
1.7472959498e-02	5.2770419467e-01
1.7879957013e-02	5.2762238722e-01
1.8296434721e-02	5.2753895727e-01
1.8722613449e-02	5.2745387079e-01
1.9158719170e-02	5.2736709983e-01
1.9604983124e-02	5.2727862550e-01
2.0061641951e-02	5.2718843966e-01
2.0528937818e-02	5.2709654514e-01
2.1007118562e-02	5.2700295424e-01
2.1496437841e-02	5.2690768565e-01
2.1997155298e-02	5.2681076023e-01
2.2509536751e-02	5.2671219638e-01
2.3033854402e-02	5.2661200605e-01
2.3570387094e-02	5.2651019234e-01
2.4119420617e-02	5.2640674944e-01
2.4681248094e-02	5.2630166542e-01
2.5256170465e-02	5.2619492749e-01
2.5844497098e-02	5.2608652887e-01
2.6446546584e-02	5.2597647580e-01
2.7062647743e-02	5.2586479301e-01
2.7693140911e-02	5.2575152631e-01
2.8338379561e-02	5.2563674155e-01
2.8998732343e-02	5.2552052041e-01
2.9674585596e-02	5.2540295475e-01
3.0366346435e-02	5.2528414161e-01
3.1074446455e-02	5.2516418130e-01
3.1799346157e-02	5.2504317965e-01
3.2541540120e-02	5.2492125395e-01
3.3301562978e-02	5.2479854035e-01
3.4079996221e-02	5.2467519915e-01
3.4877475796e-02	5.2455141514e-01
3.5694700481e-02	5.2442739190e-01
3.6532440955e-02	5.2430334185e-01
3.7391549441e-02	5.2417947611e-01
3.8272969776e-02	5.2405599824e-01
3.9177747727e-02	5.2393310395e-01
4.0107041314e-02	5.2381098438e-01
4.1062130891e-02	5.2368982772e-01
4.2044428710e-02	5.2356981411e-01
4.3055487646e-02	5.2345110269e-01
4.4097008782e-02	5.2333381562e-01
4.5170847515e-02	5.2321802668e-01
4.6279017868e-02	5.2310375841e-01
4.7423694694e-02	5.2299098407e-01
4.8607213486e-02	5.2287962516e-01
4.9832067564e-02	5.2276953948e-01
5.1100902452e-02	5.2266050600e-01
5.2416507354e-02	5.2255221989e-01
5.3781803735e-02	5.2244430277e-01
5.5199831142e-02	5.2233631634e-01
5.6673730514e-02	5.2222776517e-01
5.8206725415e-02	5.2211809296e-01
5.9802101709e-02	5.2200669010e-01
6.1463186370e-02	5.2189291158e-01
6.3193326170e-02	5.2177608099e-01
6.4995867076e-02	5.2165547532e-01
6.6874135154e-02	5.2153031789e-01
6.8831419758e-02	5.2139978633e-01
7.0870959652e-02	5.2126302033e-01
7.2995932596e-02	5.2111915504e-01
7.5209448716e-02	5.2096741781e-01
7.7514547848e-02	5.2080727397e-01
7.9914200805e-02	5.2063862476e-01
8.2411314399e-02	5.2046205852e-01
8.5008739898e-02	5.2027907864e-01
8.7709284497e-02	5.2009224803e-01
9.0515725341e-02	5.1990518269e-01
9.3430825578e-02	5.1972231762e-01
9.6457351970e-02	5.1954844742e-01
9.9598093562e-02	5.1938807493e-01
1.0285588100e-01	5.1924469035e-01
1.0623360608e-01	5.1912011832e-01
1.0973424128e-01	5.1901407403e-01
1.1336085888e-01	5.1892399642e-01
1.1711664954e-01	5.1884515658e-01
1.2100494014e-01	5.1877101818e-01
1.2502921074e-01	5.1869390066e-01
1.2919311046e-01	5.1860607438e-01
1.3350047238e-01	5.1850132874e-01
1.3795532720e-01	5.1837670738e-01
1.4256191572e-01	5.1823375291e-01
1.4732470003e-01	5.1807866772e-01
1.5224837333e-01	5.1792135805e-01
1.5733786838e-01	5.1777379192e-01
1.6259836432e-01	5.1764780562e-01
1.6803529197e-01	5.1755191219e-01
1.7365433721e-01	5.1748731207e-01
1.7946144244e-01	5.1744537818e-01
1.8546280576e-01	5.1740969886e-01
1.9166487771e-01	5.1736277776e-01
1.9807435513e-01	5.1729311902e-01
2.0469817185e-01	5.1719848052e-01
2.1154348579e-01	5.1708599575e-01
2.1861766198e-01	5.1697148837e-01
2.2592825100e-01	5.1687513807e-01
2.3348296232e-01	5.1681047128e-01
2.4128963204e-01	5.1677460946e-01
2.4935618433e-01	5.1675051555e-01
2.5769058617e-01	5.1671763991e-01
2.6630079487e-01	5.1666232124e-01
2.7519469789e-01	5.1658656707e-01
2.8438004473e-01	5.1650810277e-01
2.9386437075e-01	5.1644669461e-01
3.0365491309e-01	5.1641005933e-01
3.1375851897e-01	5.1638823782e-01
3.2418154733e-01	5.1636096164e-01
3.3492976490e-01	5.1631744970e-01
3.4600823853e-01	5.1626422694e-01
3.5742122614e-01	5.1621750108e-01
3.6917206929e-01	5.1618743378e-01
3.8126309102e-01	5.1616661888e-01
3.9369550344e-01	5.1614163955e-01
4.0646933004e-01	5.1610749786e-01
4.1958334828e-01	5.1607305859e-01
4.3303505822e-01	5.1604710439e-01
4.4682068323e-01	5.1602821876e-01
4.6093520806e-01	5.1600778168e-01
4.7537245911e-01	5.1598356648e-01
4.9012523004e-01	5.1596049133e-01
5.0518545426e-01	5.1594248752e-01
5.2054442301e-01	5.1592664206e-01
5.3619304554e-01	5.1590949769e-01
5.5212214430e-01	5.1589225418e-01
5.6832277575e-01	5.1587727883e-01
5.8478656470e-01	5.1586419896e-01
6.0150603835e-01	5.1585113435e-01
6.1847494565e-01	5.1583819348e-01
6.3568854768e-01	5.1582656176e-01
6.5314386666e-01	5.1581597895e-01
6.7083988321e-01	5.1580568599e-01
6.8877767508e-01	5.1579584031e-01
7.0696049388e-01	5.1578676513e-01
7.2539378017e-01	5.1577826364e-01
7.4408512020e-01	5.1577012884e-01
7.6304415064e-01	5.1576244094e-01
7.8228241917e-01	5.1575522945e-01
8.0181321031e-01	5.1574838451e-01
8.2165134601e-01	5.1574187671e-01
8.4181297062e-01	5.1573573108e-01
8.6231532903e-01	5.1572989931e-01
8.8317654601e-01	5.1572433463e-01
9.0441541352e-01	5.1571904694e-01
9.2605119178e-01	5.1571402906e-01
9.4810342851e-01	5.1570924673e-01
9.7059179977e-01	5.1570468322e-01
9.9353597460e-01	5.1570032986e-01
1.0169555048e+00	5.1569617296e-01
1.0408697401e+00	5.1569220315e-01
1.0652977683e+00	5.1568841214e-01
1.0902583792e+00	5.1568479040e-01
1.1157700501e+00	5.1568132970e-01
1.1418509508e+00	5.1567802202e-01
1.1685189659e+00	5.1567485951e-01
1.1957917291e+00	5.1567183584e-01
1.2236866704e+00	5.1566894428e-01
1.2522210686e+00	5.1566617857e-01
1.2814121100e+00	5.1566353273e-01
1.3112769486e+00	5.1566100066e-01
1.3418327664e+00	5.1565857745e-01
1.3730968318e+00	5.1565626066e-01
1.4050865544e+00	5.1565404785e-01
1.4378195367e+00	5.1565193224e-01
1.4713136199e+00	5.1564990536e-01
1.5055869258e+00	5.1564796686e-01
1.5406578931e+00	5.1564611654e-01
1.5765453097e+00	5.1564434391e-01
1.6132683413e+00	5.1564265043e-01
1.6508465550e+00	5.1564103284e-01
1.6892999418e+00	5.1563948381e-01
1.7286489352e+00	5.1563800522e-01
1.7689144286e+00	5.1563658920e-01
1.8101177909e+00	5.1563523709e-01
1.8522808814e+00	5.1563394499e-01
1.8954260634e+00	5.1563270877e-01
1.9395762182e+00	5.1563152878e-01
1.9847547578e+00	5.1563040037e-01
2.0309856381e+00	5.1562932080e-01
2.0782933726e+00	5.1562828957e-01
2.1267030450e+00	5.1562730469e-01
2.1762403230e+00	5.1562636371e-01
2.2269314723e+00	5.1562546416e-01
2.2788033700e+00	5.1562460439e-01
2.3318835194e+00	5.1562378297e-01
2.3862000642e+00	5.1562299816e-01
2.4417818039e+00	5.1562224820e-01
2.4986582086e+00	5.1562153176e-01
2.5568594350e+00	5.1562084754e-01
2.6164163421e+00	5.1562019357e-01
2.6773605077e+00	5.1561956841e-01
2.7397242454e+00	5.1561897180e-01
2.8035406211e+00	5.1561840114e-01
2.8688434711e+00	5.1561785665e-01
2.9356674200e+00	5.1561733578e-01
3.0040478985e+00	5.1561683878e-01
3.0740211630e+00	5.1561636357e-01
3.1456243142e+00	5.1561590958e-01
3.2188953171e+00	5.1561547604e-01
3.2938730209e+00	5.1561506190e-01
3.3705971797e+00	5.1561466621e-01
3.4491084738e+00	5.1561428806e-01
3.5294485309e+00	5.1561392676e-01
3.6116599483e+00	5.1561358155e-01
3.6957863156e+00	5.1561325176e-01
3.7818722377e+00	5.1561293681e-01
3.8699633585e+00	5.1561263561e-01
3.9601063851e+00	5.1561234038e-01
4.0523491126e+00	5.1561207223e-01
4.1467404492e+00	5.1561180324e-01
4.2433304425e+00	5.1561155196e-01
4.3421703057e+00	5.1561131863e-01
4.4433124451e+00	5.1561108394e-01
4.5468104876e+00	5.1561086465e-01
4.6527193092e+00	5.1561065421e-01
4.7610950642e+00	5.1561045714e-01
4.8719952147e+00	5.1561026302e-01
4.9854785617e+00	5.1561008268e-01
5.1016052753e+00	5.1560990516e-01
5.2204369276e+00	5.1560973599e-01
5.3420365247e+00	5.1560957463e-01
5.4664685402e+00	5.1560942037e-01
5.5937989497e+00	5.1560927393e-01
5.7240952655e+00	5.1560913274e-01
5.8574265723e+00	5.1560899737e-01
5.9938635642e+00	5.1560886690e-01
6.1334785820e+00	5.1560874365e-01
6.2763456512e+00	5.1560862244e-01
6.4225405221e+00	5.1560850813e-01
6.5721407089e+00	5.1560839740e-01
6.7252255317e+00	5.1560829143e-01
6.8818761580e+00	5.1560818928e-01
7.0421756463e+00	5.1560809118e-01
7.2062089892e+00	5.1560799751e-01
7.3740631596e+00	5.1560790543e-01
7.5458271559e+00	5.1560781723e-01
7.7215920496e+00	5.1560773414e-01
7.9014510336e+00	5.1560765011e-01
8.0854994715e+00	5.1560757061e-01
8.2738349483e+00	5.1560749355e-01
8.4665573218e+00	5.1560741945e-01
8.6637687762e+00	5.1560734596e-01
8.8655738754e+00	5.1560727515e-01
9.0720796193e+00	5.1560720669e-01
9.2833954998e+00	5.1560713924e-01
9.4996335595e+00	5.1560707434e-01
9.7209084507e+00	5.1560700963e-01
9.9473374962e+00	5.1560694545e-01
1.0179040752e+01	5.1560688347e-01
1.0416141069e+01	5.1560682197e-01
1.0658764163e+01	5.1560676163e-01
1.0907038674e+01	5.1560670262e-01
1.1161096242e+01	5.1560664237e-01
1.1421071571e+01	5.1560658375e-01
1.1687102502e+01	5.1560652538e-01
1.1959330091e+01	5.1560646658e-01
1.2237898674e+01	5.1560640842e-01
1.2522955954e+01	5.1560634913e-01
1.2814653070e+01	5.1560629031e-01
1.3113144685e+01	5.1560623117e-01
1.3418589063e+01	5.1560617152e-01
1.3731148154e+01	5.1560611082e-01
1.4050987682e+01	5.1560604983e-01
1.4378277230e+01	5.1560598699e-01
1.4713190331e+01	5.1560592412e-01
1.5055904559e+01	5.1560585916e-01
1.5406601628e+01	5.1560579359e-01
1.5765467481e+01	5.1560572598e-01
1.6132692393e+01	5.1560565725e-01
1.6508471073e+01	5.1560558613e-01
1.6893002762e+01	5.1560551349e-01
1.7286491345e+01	5.1560543885e-01
1.7689145454e+01	5.1560536137e-01
1.8101178583e+01	5.1560528200e-01
1.8522809196e+01	5.1560519959e-01
1.8954260847e+01	5.1560511473e-01
1.9395762299e+01	5.1560502657e-01
1.9847547640e+01	5.1560493541e-01
2.0309856414e+01	5.1560484100e-01
2.0782933743e+01	5.1560474278e-01
2.1267030458e+01	5.1560464075e-01
2.1762403235e+01	5.1560453482e-01
2.2269314725e+01	5.1560442459e-01
2.2788033701e+01	5.1560430991e-01
2.3318835194e+01	5.1560419064e-01
2.3862000642e+01	5.1560406611e-01
2.4417818039e+01	5.1560393642e-01
2.4986582086e+01	5.1560380123e-01
2.5568594350e+01	5.1560366029e-01
2.6164163421e+01	5.1560351306e-01
2.6773605077e+01	5.1560335947e-01
2.7397242454e+01	5.1560319907e-01
2.8035406211e+01	5.1560303160e-01
2.8688434711e+01	5.1560285668e-01
2.9356674200e+01	5.1560267387e-01
3.0040478985e+01	5.1560248271e-01
