1.0528499241e-05	5.0602913117e+00
1.0773739492e-05	5.1736195813e+00
1.1024692123e-05	5.2894848641e+00
1.1281490192e-05	5.4079474395e+00
1.1544269856e-05	5.5290606015e+00
1.1813170444e-05	5.6528877203e+00
1.2088334532e-05	5.7794866782e+00
1.2369908015e-05	5.9089219822e+00
1.2658040187e-05	6.0412550403e+00
1.2952883819e-05	6.1765523122e+00
1.3254595242e-05	6.3148791722e+00
1.3563334427e-05	6.4563040741e+00
1.3879265071e-05	6.6008977651e+00
1.4202554685e-05	6.7487279043e+00
1.4533374682e-05	6.8998681144e+00
1.4871900466e-05	7.0543940494e+00
1.5218311529e-05	7.2123801234e+00
1.5572791542e-05	7.3739049013e+00
1.5935528455e-05	7.5390463612e+00
1.6306714596e-05	7.7078866011e+00
1.6686546774e-05	7.8805084964e+00
1.7075226379e-05	8.0569953493e+00
1.7472959495e-05	8.2374354622e+00
1.7879957006e-05	8.4219161256e+00
1.8296434706e-05	8.6105277443e+00
1.8722613418e-05	8.8033640293e+00
1.9158719108e-05	9.0005181965e+00
1.9604983005e-05	9.2020879488e+00
2.0061641722e-05	9.4081716229e+00
2.0528937388e-05	9.6188705320e+00
2.1007117768e-05	9.8342882300e+00
2.1496436400e-05	1.0054529806e+01
2.1997152727e-05	1.0279703319e+01
2.2509532236e-05	1.0509919415e+01
2.3033846597e-05	1.0745291884e+01
2.3570373808e-05	1.0985934474e+01
2.4119398343e-05	1.1231966375e+01
2.4681211302e-05	1.1483508119e+01
2.5256110567e-05	1.1740682537e+01
2.5844400955e-05	1.2003616315e+01
2.6446394387e-05	1.2272438366e+01
2.7062410047e-05	1.2547279888e+01
2.7692774556e-05	1.2828276784e+01
2.8337822140e-05	1.3115565634e+01
2.8997894812e-05	1.3409288086e+01
2.9673342552e-05	1.3709587748e+01
3.0364523491e-05	1.4016612362e+01
3.1071804102e-05	1.4330512268e+01
3.1795559395e-05	1.4651441522e+01
3.2536173115e-05	1.4979557066e+01
3.3294037944e-05	1.5315020095e+01
3.4069555713e-05	1.5657994921e+01
3.4863137611e-05	1.6008650043e+01
3.5675204406e-05	1.6367157063e+01
3.6506186667e-05	1.6733691889e+01
3.7356524992e-05	1.7108434130e+01
3.8226670240e-05	1.7491567776e+01
3.9117083775e-05	1.7883280103e+01
4.0028237705e-05	1.8283763780e+01
4.0960615137e-05	1.8693214461e+01
4.1914710429e-05	1.9111833439e+01
4.2891029456e-05	1.9539825698e+01
4.3890089874e-05	1.9977401096e+01
4.4912421398e-05	2.0424774066e+01
4.5958566083e-05	2.0882163795e+01
4.7029078608e-05	2.1349794413e+01
4.8124526573e-05	2.1827895251e+01
4.9245490799e-05	2.2316700518e+01
5.0392565636e-05	2.2816449619e+01
5.1566359279e-05	2.3327387661e+01
5.2767494087e-05	2.3849764769e+01
5.3996606920e-05	2.4383837025e+01
5.5254349468e-05	2.4929865956e+01
5.6541388603e-05	2.5488119224e+01
5.7858406732e-05	2.6058869967e+01
5.9206102153e-05	2.6642398048e+01
6.0585189434e-05	2.7238989243e+01
6.1996399783e-05	2.7848935668e+01
6.3440481445e-05	2.8472535569e+01
6.4918200089e-05	2.9110095017e+01
6.6430339223e-05	2.9761925818e+01
6.7977700602e-05	3.0428347010e+01
6.9561104657e-05	3.1109684985e+01
7.1181390931e-05	3.1806273228e+01
7.2839418520e-05	3.2518452478e+01
7.4536066534e-05	3.3246571459e+01
7.6272234556e-05	3.3990986143e+01
7.8048843127e-05	3.4752061125e+01
7.9866834227e-05	3.5530168416e+01
8.1727171781e-05	3.6325688781e+01
8.3630842162e-05	3.7139011151e+01
8.5578854723e-05	3.7970533203e+01
8.7572242325e-05	3.8820661447e+01
8.9612061890e-05	3.9689811489e+01
9.1699394956e-05	4.0578408120e+01
9.3835348255e-05	4.1486885521e+01
9.6021054297e-05	4.2415687591e+01
9.8257671974e-05	4.3365267938e+01
1.0054638717e-04	4.4336090234e+01
1.0288841339e-04	4.5328628789e+01
1.0528499241e-04	4.6343367845e+01
1.0773739492e-04	4.7380802682e+01
1.1024692123e-04	4.8441439563e+01
1.1281490192e-04	4.9525795749e+01
1.1544269856e-04	5.0634400190e+01
1.1813170444e-04	5.1767793255e+01
1.2088334532e-04	5.2926527344e+01
1.2369908015e-04	5.4111167229e+01
1.2658040187e-04	5.5322289657e+01
1.2952883819e-04	5.6560484563e+01
1.3254595242e-04	5.7826354584e+01
1.3563334427e-04	5.9120515691e+01
1.3879265071e-04	6.0443597337e+01
1.4202554685e-04	6.1796242931e+01
1.4533374682e-04	6.3179109633e+01
1.4871900466e-04	6.4592869333e+01
1.5218311529e-04	6.6038208613e+01
1.5572791542e-04	6.7515828737e+01
1.5935528455e-04	6.9026446797e+01
1.6306714596e-04	7.0570795114e+01
1.6686546773e-04	7.2149621877e+01
1.7075226379e-04	7.3763691979e+01
1.7472959495e-04	7.5413786508e+01
1.7879957006e-04	7.7100703801e+01
1.8296434706e-04	7.8825259300e+01
1.8722613418e-04	8.0588286016e+01
1.9158719108e-04	8.2390635198e+01
1.9604983005e-04	8.4233176330e+01
2.0061641722e-04	8.6116797315e+01
2.0528937388e-04	8.8042405682e+01
2.1007117768e-04	9.0010927953e+01
2.1496436400e-04	9.2023310688e+01
2.1997152727e-04	9.4080520588e+01
2.2509532236e-04	9.6183544925e+01
2.3033846597e-04	9.8333392211e+01
2.3570373808e-04	1.0053109176e+02
2.4119398343e-04	1.0277769525e+02
2.4681211302e-04	1.0507427600e+02
2.5256110567e-04	1.0742193112e+02
2.5844400955e-04	1.0982177870e+02
2.6446394387e-04	1.1227496237e+02
2.7062410047e-04	1.1478264826e+02
2.7692774556e-04	1.1734602721e+02
2.8337822140e-04	1.1996631460e+02
2.8997894812e-04	1.2264475104e+02
2.9673342552e-04	1.2538260290e+02
3.0364523491e-04	1.2818116191e+02
3.1071804102e-04	1.3104174681e+02
3.1795559395e-04	1.3396570306e+02
3.2536173115e-04	1.3695440293e+02
3.3294037944e-04	1.4000924732e+02
3.4069555713e-04	1.4313166445e+02
3.4863137611e-04	1.4632311143e+02
3.5675204406e-04	1.4958507458e+02
3.6506186667e-04	1.5291906907e+02
3.7356524992e-04	1.5632664065e+02
3.8226670240e-04	1.5980936496e+02
3.9117083775e-04	1.6336884809e+02
4.0028237705e-04	1.6700672797e+02
4.0960615137e-04	1.7072467410e+02
4.1914710429e-04	1.7452438729e+02
4.2891029456e-04	1.7840760079e+02
4.3890089874e-04	1.8237608139e+02
4.4912421398e-04	1.8643162756e+02
4.5958566083e-04	1.9057607326e+02
4.7029078608e-04	1.9481128481e+02
4.8124526573e-04	1.9913916303e+02
4.9245490799e-04	2.0356164383e+02
5.0392565636e-04	2.0808069782e+02
5.1566359279e-04	2.1269833073e+02
5.2767494087e-04	2.1741658309e+02
5.3996606920e-04	2.2223753397e+02
5.5254349468e-04	2.2716329384e+02
5.6541388603e-04	2.3219601381e+02
5.7858406732e-04	2.3733788016e+02
5.9206102153e-04	2.4259111423e+02
6.0585189434e-04	2.4795797700e+02
6.1996399783e-04	2.5344076285e+02
6.3440481445e-04	2.5904180597e+02
6.4918200089e-04	2.6476347770e+02
6.6430339223e-04	2.7060818458e+02
6.7977700602e-04	2.7657837153e+02
6.9561104657e-04	2.8267652070e+02
7.1181390931e-04	2.8890514775e+02
7.2839418520e-04	2.9526681267e+02
7.4536066534e-04	3.0176410038e+02
7.6272234556e-04	3.0839964245e+02
7.8048843127e-04	3.1517609685e+02
7.9866834227e-04	3.2209617059e+02
8.1727171781e-04	3.2916258053e+02
8.3630842162e-04	3.3637810612e+02
8.5578854723e-04	3.4374554005e+02
8.7572242325e-04	3.5126771191e+02
8.9612061890e-04	3.5894748084e+02
9.1699394956e-04	3.6678774341e+02
9.3835348255e-04	3.7479140580e+02
9.6021054297e-04	3.8296143502e+02
9.8257671974e-04	3.9130077686e+02
1.0054638717e-03	3.9981244646e+02
1.0288841339e-03	4.0849944658e+02
1.0528499241e-03	4.1736483090e+02
1.0773739492e-03	4.2641162648e+02
1.1024692123e-03	4.3564292306e+02
1.1281490192e-03	4.4506179665e+02
1.1544269856e-03	4.5467133651e+02
1.1813170444e-03	4.6447463780e+02
1.2088334532e-03	4.7447480806e+02
1.2369908015e-03	4.8467494263e+02
1.2658040187e-03	4.9507814450e+02
1.2952883819e-03	5.0568750102e+02
1.3254595242e-03	5.1650609870e+02
1.3563334427e-03	5.2753699448e+02
1.3879265071e-03	5.3878323713e+02
1.4202554685e-03	5.5024784626e+02
1.4533374682e-03	5.6193381241e+02
1.4871900466e-03	5.7384409126e+02
1.5218311529e-03	5.8598159655e+02
1.5572791542e-03	5.9834918614e+02
1.5935528455e-03	6.1094967412e+02
1.6306714596e-03	6.2378581286e+02
1.6686546773e-03	6.3686027745e+02
1.7075226379e-03	6.5017567075e+02
1.7472959495e-03	6.6373451302e+02
1.7879957006e-03	6.7753922877e+02
1.8296434706e-03	6.9159214332e+02
1.8722613418e-03	7.0589545040e+02
1.9158719108e-03	7.2045125706e+02
1.9604983005e-03	7.3526150418e+02
2.0061641722e-03	7.5032799977e+02
2.0528937388e-03	7.6565241745e+02
2.1007117768e-03	7.8123625235e+02
2.1496436400e-03	7.9708081623e+02
2.1997152727e-03	8.1318704989e+02
2.2509532236e-03	8.2955557733e+02
2.3033846597e-03	8.4618761128e+02
2.3570373808e-03	8.6308364884e+02
2.4119398343e-03	8.8024393172e+02
2.4681211302e-03	8.9766849387e+02
2.5256110567e-03	9.1535706418e+02
2.5844400955e-03	9.3330908461e+02
2.6446394387e-03	9.5152377212e+02
2.7062410047e-03	9.7000001675e+02
2.7692774556e-03	9.8873629417e+02
2.8337822140e-03	1.0077309013e+03
2.8997894812e-03	1.0269816748e+03
2.9673342552e-03	1.0464861124e+03
3.0364523491e-03	1.0662414039e+03
3.1071804102e-03	1.0862442861e+03
3.1795559395e-03	1.1064910851e+03
3.2536173115e-03	1.1269778230e+03
3.3294037944e-03	1.1476999018e+03
3.4069555713e-03	1.1686525006e+03
3.4863137611e-03	1.1898302033e+03
3.5675204406e-03	1.2112271946e+03
3.6506186667e-03	1.2328372189e+03
3.7356524992e-03	1.2546534100e+03
3.8226670240e-03	1.2766685469e+03
3.9117083775e-03	1.2988748062e+03
4.0028237705e-03	1.3212639753e+03
4.0960615137e-03	1.3438271477e+03
4.1914710429e-03	1.3665548815e+03
4.2891029456e-03	1.3894374147e+03
4.3890089874e-03	1.4124642353e+03
4.4912421398e-03	1.4356245051e+03
4.5958566083e-03	1.4589063134e+03
4.7029078608e-03	1.4822979138e+03
4.8124526573e-03	1.5057862008e+03
4.9245490799e-03	1.5293574683e+03
5.0392565636e-03	1.5530006443e+03
5.1566359279e-03	1.5766999763e+03
5.2767494087e-03	1.6004406565e+03
5.3996606920e-03	1.6242077909e+03
5.5254349468e-03	1.6479853378e+03
5.6541388603e-03	1.6717570034e+03
5.7858406732e-03	1.6955062398e+03
5.9206102153e-03	1.7192153073e+03
6.0585189434e-03	1.7428670809e+03
6.1996399783e-03	1.7664420353e+03
6.3440481445e-03	1.7899224141e+03
6.4918200089e-03	1.8132878648e+03
6.6430339223e-03	1.8365185191e+03
6.7977700602e-03	1.8595949036e+03
6.9561104657e-03	1.8824939543e+03
7.1181390931e-03	1.9051958917e+03
7.2839418520e-03	1.9276775169e+03
7.4536066534e-03	1.9499168997e+03
7.6272234556e-03	1.9718902730e+03
7.8048843127e-03	1.9935740491e+03
7.9866834227e-03	2.0149451485e+03
8.1727171781e-03	2.0359780683e+03
8.3630842162e-03	2.0566479084e+03
8.5578854723e-03	2.0769288964e+03
8.7572242325e-03	2.0967950748e+03
8.9612061890e-03	2.1162194082e+03
9.1699394956e-03	2.1351745868e+03
9.3835348255e-03	2.1536327882e+03
9.6021054297e-03	2.1715652564e+03
9.8257671974e-03	2.1889438533e+03
1.0054638717e-02	2.2057381514e+03
1.0288841339e-02	2.2219190758e+03
1.0528499241e-02	2.2374558984e+03
1.0773739492e-02	2.2523168868e+03
1.1024692123e-02	2.2664716325e+03
1.1281490192e-02	2.2798864021e+03
1.1544269856e-02	2.2925287321e+03
1.1813170444e-02	2.3043651652e+03
1.2088334532e-02	2.3153595486e+03
1.2369908015e-02	2.3254799398e+03
1.2658040187e-02	2.3346884169e+03
1.2952883819e-02	2.3429495379e+03
1.3254595242e-02	2.3502292978e+03
1.3563334427e-02	2.3564903571e+03
1.3879265071e-02	2.3616958226e+03
1.4202554685e-02	2.3658083859e+03
1.4533374682e-02	2.3687925931e+03
1.4871900466e-02	2.3706126879e+03
1.5218311529e-02	2.3712328391e+03
1.5572791542e-02	2.3706235870e+03
1.5935528455e-02	2.3687532399e+03
1.6306714597e-02	2.3655868960e+03
1.6686546774e-02	2.3610959733e+03
1.7075226380e-02	2.3552554516e+03
1.7472959498e-02	2.3480429352e+03
1.7879957013e-02	2.3394344050e+03
1.8296434721e-02	2.3294131664e+03
1.8722613449e-02	2.3179643563e+03
1.9158719170e-02	2.3050765733e+03
1.9604983124e-02	2.2907415511e+03
2.0061641951e-02	2.2749547717e+03
2.0528937818e-02	2.2577241750e+03
2.1007118562e-02	2.2390445573e+03
2.1496437841e-02	2.2189364327e+03
2.1997155298e-02	2.1974098716e+03
2.2509536751e-02	2.1744919185e+03
2.3033854402e-02	2.1502041828e+03
2.3570387094e-02	2.1245935897e+03
2.4119420617e-02	2.0976877576e+03
2.4681248094e-02	2.0695478182e+03
2.5256170465e-02	2.0402214304e+03
2.5844497098e-02	2.0097741999e+03
2.6446546584e-02	1.9782719604e+03
2.7062647743e-02	1.9457908289e+03
2.7693140911e-02	1.9124059329e+03
2.8338379561e-02	1.8782032919e+03
2.8998732343e-02	1.8432691477e+03
2.9674585596e-02	1.8077016497e+03
3.0366346435e-02	1.7715975478e+03
3.1074446455e-02	1.7350525425e+03
3.1799346157e-02	1.6981844165e+03
3.2541540120e-02	1.6610928283e+03
3.3301562978e-02	1.6238854275e+03
3.4079996221e-02	1.5866869785e+03
3.4877475796e-02	1.5496028319e+03
3.5694700481e-02	1.5127546844e+03
3.6532440955e-02	1.4762420981e+03
3.7391549441e-02	1.4402000493e+03
3.8272969776e-02	1.4047314284e+03
3.9177747727e-02	1.3699377143e+03
4.0107041314e-02	1.3359283662e+03
4.1062130891e-02	1.3027981178e+03
4.2044428710e-02	1.2706324028e+03
4.3055487646e-02	1.2395204286e+03
4.4097008782e-02	1.2095238913e+03
4.5170847515e-02	1.1806968800e+03
4.6279017868e-02	1.1530909888e+03
4.7423694694e-02	1.1267271239e+03
4.8607213486e-02	1.1016183783e+03
4.9832067564e-02	1.0777567102e+03
5.1100902452e-02	1.0551135196e+03
5.2416507354e-02	1.0336237371e+03
5.3781803735e-02	1.0132036413e+03
5.5199831142e-02	9.9371498345e+02
5.6673730514e-02	9.7498680865e+02
5.8206725415e-02	9.5679045926e+02
5.9802101709e-02	9.3885720975e+02
6.1463186370e-02	9.2086983890e+02
6.3193326170e-02	9.0247243870e+02
6.4995867076e-02	8.8327065910e+02
6.6874135154e-02	8.6286670338e+02
6.8831419758e-02	8.4086791235e+02
7.0870959652e-02	8.1692612272e+02
7.2995932596e-02	7.9077831973e+02
7.5209448716e-02	7.6228556430e+02
7.7514547848e-02	7.3146753186e+02
7.9914200805e-02	6.9853494291e+02
8.2411314399e-02	6.6390876511e+02
8.5008739898e-02	6.2821180257e+02
8.7709284497e-02	5.9223415916e+02
9.0515725341e-02	5.5688285757e+02
9.3430825578e-02	5.2310098613e+02
9.6457351970e-02	4.9177237704e+02
9.9598093562e-02	4.6362740747e+02
1.0285588100e-01	4.3915486519e+02
1.0623360608e-01	4.1852955058e+02
1.0973424128e-01	4.0157211613e+02
1.1336085888e-01	3.8772986456e+02
1.1711664954e-01	3.7610749446e+02
1.2100494014e-01	3.6554133980e+02
1.2502921074e-01	3.5474624108e+02
1.2919311046e-01	3.4252716865e+02
1.3350047238e-01	3.2803001163e+02
1.3795532720e-01	3.1096485662e+02
1.4256191572e-01	2.9171762535e+02
1.4732470003e-01	2.7129206507e+02
1.5224837333e-01	2.5107608551e+02
1.5733786838e-01	2.3249605340e+02
1.6259836432e-01	2.1665675549e+02
1.6803529197e-01	2.0406673922e+02
1.7365433721e-01	1.9451109298e+02
1.7946144244e-01	1.8710373068e+02
1.8546280576e-01	1.8057030392e+02
1.9166487771e-01	1.7348821992e+02
1.9807435513e-01	1.6483298247e+02
2.0469817185e-01	1.5449566667e+02
2.1154348579e-01	1.4323294226e+02
2.1861766198e-01	1.3227647480e+02
2.2592825100e-01	1.2275231987e+02
2.3348296232e-01	1.1520745757e+02
2.4128963204e-01	1.0941353294e+02
2.4935618433e-01	1.0450916020e+02
2.5769058617e-01	9.9447543547e+01
2.6630079487e-01	9.3586011384e+01
2.7519469789e-01	8.7061511050e+01
2.8438004473e-01	8.0632120977e+01
2.9386437075e-01	7.5069625573e+01
3.0365491309e-01	7.0598566726e+01
3.1375851897e-01	6.6813216704e+01
3.2418154733e-01	6.3077005217e+01
3.3492976490e-01	5.9054948931e+01
3.4600823853e-01	5.4937068339e+01
3.5742122614e-01	5.1163150111e+01
3.6917206929e-01	4.7951021122e+01
3.8126309102e-01	4.5118642355e+01
3.9369550344e-01	4.2355392046e+01
4.0646933004e-01	3.9575244879e+01
4.1958334828e-01	3.6928965818e+01
4.3303505822e-01	3.4554650009e+01
4.4682068323e-01	3.2423494904e+01
4.6093520806e-01	3.0412078637e+01
4.7537245911e-01	2.8463249374e+01
4.9012523004e-01	2.6633748666e+01
5.0518545426e-01	2.4974697637e+01
5.2054442301e-01	2.3446227720e+01
5.3619304554e-01	2.1997228703e+01
5.5212214430e-01	2.0635380049e+01
5.6832277575e-01	1.9379194329e+01
5.8478656470e-01	1.8217929768e+01
6.0150603835e-01	1.7131084236e+01
6.1847494565e-01	1.6113079426e+01
6.3568854768e-01	1.5167878689e+01
6.5314386666e-01	1.4289663717e+01
6.7083988321e-01	1.3468425503e+01
6.8877767508e-01	1.2700571939e+01
7.0696049388e-01	1.1984382540e+01
7.2539378017e-01	1.1315211650e+01
7.4408512020e-01	1.0688166264e+01
7.6304415064e-01	1.0100602714e+01
7.8228241917e-01	9.5497696869e+00
8.0181321031e-01	9.0325014526e+00
8.2165134601e-01	8.5460857731e+00
8.4181297062e-01	8.0884376160e+00
8.6231532903e-01	7.6574224748e+00
8.8317654601e-01	7.2509653268e+00
9.0441541352e-01	6.8674281514e+00
9.2605119178e-01	6.5052383659e+00
9.4810342851e-01	6.1629112986e+00
9.7059179977e-01	5.8391335670e+00
9.9353597460e-01	5.5327231802e+00
1.0169555048e+00	5.2425820150e+00
1.0408697401e+00	4.9677112912e+00
1.0652977683e+00	4.7072016594e+00
1.0902583792e+00	4.4602321393e+00
1.1157700501e+00	4.2260441579e+00
1.1418509508e+00	4.0039552824e+00
1.1685189659e+00	3.7933115653e+00
1.1957917291e+00	3.5935151951e+00
1.2236866704e+00	3.4039884989e+00
1.2522210686e+00	3.2241938459e+00
1.2814121100e+00	3.0536244161e+00
1.3112769486e+00	2.8918070851e+00
1.3418327664e+00	2.7383163923e+00
1.3730968318e+00	2.5927284099e+00
1.4050865544e+00	2.4546615378e+00
1.4378195367e+00	2.3237400106e+00
1.4713136199e+00	2.1995989623e+00
1.5055869258e+00	2.0818919560e+00
1.5406578931e+00	1.9703041857e+00
1.5765453097e+00	1.8645140799e+00
1.6132683413e+00	1.7642447391e+00
1.6508465550e+00	1.6692183531e+00
1.6892999418e+00	1.5791754810e+00
1.7286489352e+00	1.4938596444e+00
1.7689144286e+00	1.4130223789e+00
1.8101177909e+00	1.3364417685e+00
1.8522808814e+00	1.2639033675e+00
1.8954260634e+00	1.1952046811e+00
1.9395762182e+00	1.1301430905e+00
1.9847547578e+00	1.0685343306e+00
2.0309856381e+00	1.0102003883e+00
2.0782933726e+00	9.5496980579e-01
2.1267030450e+00	9.0268318673e-01
2.1762403230e+00	8.5319517997e-01
2.2269314723e+00	8.0635690177e-01
2.2788033700e+00	7.6202770418e-01
2.3318835194e+00	7.2007986466e-01
2.3862000642e+00	6.8038972246e-01
2.4417818039e+00	6.4283806975e-01
2.4986582086e+00	6.0731200289e-01
2.5568594350e+00	5.7370626757e-01
2.6164163421e+00	5.4191720244e-01
2.6773605077e+00	5.1185722616e-01
2.7397242454e+00	4.8342663376e-01
2.8035406211e+00	4.5654345001e-01
2.8688434711e+00	4.3112327935e-01
2.9356674200e+00	4.0708943449e-01
3.0040478985e+00	3.8436924391e-01
3.0740211630e+00	3.6288982186e-01
3.1456243142e+00	3.4259113172e-01
3.2188953171e+00	3.2340384231e-01
3.2938730209e+00	3.0527029628e-01
3.3705971797e+00	2.8813459166e-01
3.4491084738e+00	2.7194314846e-01
3.5294485309e+00	2.5664341351e-01
3.6116599483e+00	2.4218948130e-01
3.6957863156e+00	2.2853498148e-01
3.7818722377e+00	2.1563685427e-01
3.8699633585e+00	2.0345268853e-01
3.9601063851e+00	1.9194552814e-01
4.0523491126e+00	1.8107806598e-01
4.1467404492e+00	1.7081645467e-01
4.2433304425e+00	1.6112480226e-01
4.3421703057e+00	1.5197447647e-01
4.4433124451e+00	1.4333513181e-01
4.5468104876e+00	1.3517904678e-01
4.6527193092e+00	1.2747962405e-01
4.7610950642e+00	1.2021177632e-01
4.8719952147e+00	1.1335213449e-01
4.9854785617e+00	1.0687682715e-01
5.1016052753e+00	1.0076570868e-01
5.2204369276e+00	9.4999347518e-02
5.3420365247e+00	8.9557995578e-02
5.4664685402e+00	8.4423431212e-02
5.5937989497e+00	7.9578799046e-02
5.7240952655e+00	7.5008464903e-02
5.8574265723e+00	7.0695987307e-02
5.9938635642e+00	6.6628503196e-02
6.1334785820e+00	6.2792001425e-02
6.2763456512e+00	5.9172482923e-02
6.4225405221e+00	5.5759744931e-02
6.5721407089e+00	5.2540366810e-02
6.7252255317e+00	4.9504919450e-02
6.8818761580e+00	4.6641972882e-02
7.0421756463e+00	4.3942361742e-02
7.2062089892e+00	4.1397097941e-02
7.3740631596e+00	3.8997319842e-02
7.5458271559e+00	3.6734781460e-02
7.7215920496e+00	3.4601988617e-02
7.9014510336e+00	3.2591350026e-02
8.0854994715e+00	3.0695987038e-02
8.2738349483e+00	2.8909520437e-02
8.4665573218e+00	2.7225841958e-02
8.6637687762e+00	2.5638956248e-02
8.8655738754e+00	2.4143486778e-02
9.0720796193e+00	2.2734245425e-02
9.2833954998e+00	2.1406152227e-02
9.4996335595e+00	2.0154775397e-02
9.7209084507e+00	1.8975618236e-02
9.9473374962e+00	1.7864824040e-02
1.0179040752e+01	1.6818178633e-02
1.0416141069e+01	1.5832294925e-02
1.0658764163e+01	1.4903361615e-02
1.0907038674e+01	1.4028403692e-02
1.1161096242e+01	1.3204289347e-02
1.1421071571e+01	1.2427982290e-02
1.1687102502e+01	1.1696887803e-02
1.1959330091e+01	1.1008338458e-02
1.2237898674e+01	1.0359842923e-02
1.2522955954e+01	9.7491702616e-03
1.2814653070e+01	9.1740692143e-03
1.3113144685e+01	8.6325546470e-03
1.3418589063e+01	8.1227500937e-03
1.3731148154e+01	7.6426863396e-03
1.4050987682e+01	7.1906968858e-03
1.4378277230e+01	6.7651862848e-03
1.4713190331e+01	6.3645820446e-03
1.5055904559e+01	5.9874943248e-03
1.5406601628e+01	5.6325102834e-03
1.5765467481e+01	5.2983578382e-03
1.6132692393e+01	4.9838684719e-03
1.6508471073e+01	4.6878426016e-03
1.6893002762e+01	4.4092196617e-03
1.7286491345e+01	4.1469915409e-03
1.7689145454e+01	3.9002011196e-03
1.8101178583e+01	3.6679813771e-03
1.8522809196e+01	3.4494494959e-03
1.8954260847e+01	3.2438336428e-03
1.9395762299e+01	3.0503610264e-03
1.9847547640e+01	2.8682944079e-03
2.0309856414e+01	2.6969916060e-03
2.0782933743e+01	2.5358972476e-03
2.1267030458e+01	2.3842400599e-03
2.1762403235e+01	2.2416177233e-03
2.2269314725e+01	2.1074466286e-03
2.2788033701e+01	1.9812368351e-03
2.3318835194e+01	1.8625272316e-03
2.3862000642e+01	1.7508225849e-03
2.4417818039e+01	1.6457955994e-03
2.4986582086e+01	1.5470012741e-03
2.5568594350e+01	1.4540813092e-03
2.6164163421e+01	1.3667191443e-03
2.6773605077e+01	1.2845341287e-03
2.7397242454e+01	1.2072540209e-03
2.8035406211e+01	1.1345832917e-03
2.8688434711e+01	1.0662477097e-03
2.9356674200e+01	1.0019974892e-03
3.0040478985e+01	9.4157221546e-04
