1.0528499241e-05	8.8518636362e+00
1.0773739492e-05	9.0501064472e+00
1.1024692123e-05	9.2527872031e+00
1.1281490192e-05	9.4600113493e+00
1.1544269856e-05	9.6718721118e+00
1.1813170444e-05	9.8884803430e+00
1.2088334532e-05	1.0109937295e+01
1.2369908015e-05	1.0336355809e+01
1.2658040187e-05	1.0567843303e+01
1.2952883819e-05	1.0804516036e+01
1.3254595242e-05	1.1046488365e+01
1.3563334427e-05	1.1293880034e+01
1.3879265071e-05	1.1546814800e+01
1.4202554685e-05	1.1805411018e+01
1.4533374682e-05	1.2069797474e+01
1.4871900466e-05	1.2340106509e+01
1.5218311529e-05	1.2616468293e+01
1.5572791542e-05	1.2899020259e+01
1.5935528455e-05	1.3187898811e+01
1.6306714596e-05	1.3483247562e+01
1.6686546774e-05	1.3785211484e+01
1.7075226379e-05	1.4093936296e+01
1.7472959495e-05	1.4409576464e+01
1.7879957006e-05	1.4732284682e+01
1.8296434706e-05	1.5062219094e+01
1.8722613418e-05	1.5399543628e+01
1.9158719108e-05	1.5744421342e+01
1.9604983005e-05	1.6097023147e+01
2.0061641722e-05	1.6457521061e+01
2.0528937388e-05	1.6826092309e+01
2.1007117768e-05	1.7202918035e+01
2.1496436400e-05	1.7588182070e+01
2.1997152727e-05	1.7982073440e+01
2.2509532236e-05	1.8384785693e+01
2.3033846597e-05	1.8796517882e+01
2.3570373808e-05	1.9217468983e+01
2.4119398343e-05	1.9647847491e+01
2.4681211302e-05	2.0087864251e+01
2.5256110567e-05	2.0537734129e+01
2.5844400955e-05	2.0997678734e+01
2.6446394387e-05	2.1467923570e+01
2.7062410047e-05	2.1948698139e+01
2.7692774556e-05	2.2440240172e+01
2.8337822140e-05	2.2942788586e+01
2.8997894812e-05	2.3456591165e+01
2.9673342552e-05	2.3981899115e+01
3.0364523491e-05	2.4518970881e+01
3.1071804102e-05	2.5068069447e+01
3.1795559395e-05	2.5629464301e+01
3.2536173115e-05	2.6203429976e+01
3.3294037944e-05	2.6790248449e+01
3.4069555713e-05	2.7390207147e+01
3.4863137611e-05	2.8003600820e+01
3.5675204406e-05	2.8630729647e+01
3.6506186667e-05	2.9271901340e+01
3.7356524992e-05	2.9927430086e+01
3.8226670240e-05	3.0597637732e+01
3.9117083775e-05	3.1282851877e+01
4.0028237705e-05	3.1983409551e+01
4.0960615137e-05	3.2699653006e+01
4.1914710429e-05	3.3431934361e+01
4.2891029456e-05	3.4180612186e+01
4.3890089874e-05	3.4946053582e+01
4.4912421398e-05	3.5728633652e+01
4.5958566083e-05	3.6528735814e+01
4.7029078608e-05	3.7346752131e+01
4.8124526573e-05	3.8183083767e+01
4.9245490799e-05	3.9038140415e+01
5.0392565636e-05	3.9912340861e+01
5.1566359279e-05	4.0806113865e+01
5.2767494087e-05	4.1719896962e+01
5.3996606920e-05	4.2654138109e+01
5.5254349468e-05	4.3609294788e+01
5.6541388603e-05	4.4585835213e+01
5.7858406732e-05	4.5584237174e+01
5.9206102153e-05	4.6604990228e+01
6.0585189434e-05	4.7648594275e+01
6.1996399783e-05	4.8715560303e+01
6.3440481445e-05	4.9806410024e+01
6.4918200089e-05	5.0921678839e+01
6.6430339223e-05	5.2061912182e+01
6.7977700602e-05	5.3227668130e+01
6.9561104657e-05	5.4419517635e+01
7.1181390931e-05	5.5638044047e+01
7.2839418520e-05	5.6883843411e+01
7.4536066534e-05	5.8157525736e+01
7.6272234556e-05	5.9459713711e+01
7.8048843127e-05	6.0791045106e+01
7.9866834227e-05	6.2152170669e+01
8.1727171781e-05	6.3543756457e+01
8.3630842162e-05	6.4966482809e+01
8.5578854723e-05	6.6421045365e+01
8.7572242325e-05	6.7908155219e+01
8.9612061890e-05	6.9428539369e+01
9.1699394956e-05	7.0982940886e+01
9.3835348255e-05	7.2572119261e+01
9.6021054297e-05	7.4196850985e+01
9.8257671974e-05	7.5857929536e+01
1.0054638717e-04	7.7556165990e+01
1.0288841339e-04	7.9292390036e+01
1.0528499241e-04	8.1067448729e+01
1.0773739492e-04	8.2882208441e+01
1.1024692123e-04	8.4737554747e+01
1.1281490192e-04	8.6634392462e+01
1.1544269856e-04	8.8573646851e+01
1.1813170444e-04	9.0556263144e+01
1.2088334532e-04	9.2583207624e+01
1.2369908015e-04	9.4655468209e+01
1.2658040187e-04	9.6774053764e+01
1.2952883819e-04	9.8939996224e+01
1.3254595242e-04	1.0115434974e+02
1.3563334427e-04	1.0341819178e+02
1.3879265071e-04	1.0573262340e+02
1.4202554685e-04	1.0809877007e+02
1.4533374682e-04	1.1051778131e+02
1.4871900466e-04	1.1299083239e+02
1.5218311529e-04	1.1551912430e+02
1.5572791542e-04	1.1810388369e+02
1.5935528455e-04	1.2074636490e+02
1.6306714596e-04	1.2344784892e+02
1.6686546773e-04	1.2620964447e+02
1.7075226379e-04	1.2903308951e+02
1.7472959495e-04	1.3191955030e+02
1.7879957006e-04	1.3487042330e+02
1.8296434706e-04	1.3788713485e+02
1.8722613418e-04	1.4097114205e+02
1.9158719108e-04	1.4412393386e+02
1.9604983005e-04	1.4734703119e+02
2.0061641722e-04	1.5064198710e+02
2.0528937388e-04	1.5401038901e+02
2.1007117768e-04	1.5745385755e+02
2.1496436400e-04	1.6097404840e+02
2.1997152727e-04	1.6457265244e+02
2.2509532236e-04	1.6825139656e+02
2.3033846597e-04	1.7201204476e+02
2.3570373808e-04	1.7585639744e+02
2.4119398343e-04	1.7978629409e+02
2.4681211302e-04	1.8380361209e+02
2.5256110567e-04	1.8791027035e+02
2.5844400955e-04	1.9210822454e+02
2.6446394387e-04	1.9639947494e+02
2.7062410047e-04	2.0078606118e+02
2.7692774556e-04	2.0527006613e+02
2.8337822140e-04	2.0985361554e+02
2.8997894812e-04	2.1453887926e+02
2.9673342552e-04	2.1932807222e+02
3.0364523491e-04	2.2422345367e+02
3.1071804102e-04	2.2922733009e+02
3.1795559395e-04	2.3434205466e+02
3.2536173115e-04	2.3957002744e+02
3.3294037944e-04	2.4491369854e+02
3.4069555713e-04	2.5037556583e+02
3.4863137611e-04	2.5595817767e+02
3.5675204406e-04	2.6166413352e+02
3.6506186667e-04	2.6749608321e+02
3.7356524992e-04	2.7345673009e+02
3.8226670240e-04	2.7954882967e+02
3.9117083775e-04	2.8577519076e+02
4.0028237705e-04	2.9213867775e+02
4.0960615137e-04	2.9864221023e+02
4.1914710429e-04	3.0528876252e+02
4.2891029456e-04	3.1208136559e+02
4.3890089874e-04	3.1902310905e+02
4.4912421398e-04	3.2611713779e+02
4.5958566083e-04	3.3336665880e+02
4.7029078608e-04	3.4077493551e+02
4.8124526573e-04	3.4834529169e+02
4.9245490799e-04	3.5608111234e+02
5.0392565636e-04	3.6398584307e+02
5.1566359279e-04	3.7206299087e+02
5.2767494087e-04	3.8031612341e+02
5.3996606920e-04	3.8874887572e+02
5.5254349468e-04	3.9736493763e+02
5.6541388603e-04	4.0616806988e+02
5.7858406732e-04	4.1516209462e+02
5.9206102153e-04	4.2435089514e+02
6.0585189434e-04	4.3373842396e+02
6.1996399783e-04	4.4332869180e+02
6.3440481445e-04	4.5312577885e+02
6.4918200089e-04	4.6313383010e+02
6.6430339223e-04	4.7335705183e+02
6.7977700602e-04	4.8379971730e+02
6.9561104657e-04	4.9446616461e+02
7.1181390931e-04	5.0536079023e+02
7.2839418520e-04	5.1648806791e+02
7.4536066534e-04	5.2785251467e+02
7.6272234556e-04	5.3945872887e+02
7.8048843127e-04	5.5131135467e+02
7.9866834227e-04	5.6341512166e+02
8.1727171781e-04	5.7577477629e+02
8.3630842162e-04	5.8839517408e+02
8.5578854723e-04	6.0128119328e+02
8.7572242325e-04	6.1443777619e+02
8.9612061890e-04	6.2786991638e+02
9.1699394956e-04	6.4158267232e+02
9.3835348255e-04	6.5558111873e+02
9.6021054297e-04	6.6987043615e+02
9.8257671974e-04	6.8445576737e+02
1.0054638717e-03	6.9934237583e+02
1.0288841339e-03	7.1453550261e+02
1.0528499241e-03	7.3004047707e+02
1.0773739492e-03	7.4586258126e+02
1.1024692123e-03	7.6200720593e+02
1.1281490192e-03	7.7847971702e+02
1.1544269856e-03	7.9528550260e+02
1.1813170444e-03	8.1242996008e+02
1.2088334532e-03	8.2991850748e+02
1.2369908015e-03	8.4775654029e+02
1.2658040187e-03	8.6594946619e+02
1.2952883819e-03	8.8450266425e+02
1.3254595242e-03	9.0342151071e+02
1.3563334427e-03	9.2271132865e+02
1.3879265071e-03	9.4237742537e+02
1.4202554685e-03	9.6242505559e+02
1.4533374682e-03	9.8285942147e+02
1.4871900466e-03	1.0036856625e+03
1.5218311529e-03	1.0249088429e+03
1.5572791542e-03	1.0465339271e+03
1.5935528455e-03	1.0685658012e+03
1.6306714596e-03	1.0910092409e+03
1.6686546773e-03	1.1138688847e+03
1.7075226379e-03	1.1371492421e+03
1.7472959495e-03	1.1608546760e+03
1.7879957006e-03	1.1849893789e+03
1.8296434706e-03	1.2095573674e+03
1.8722613418e-03	1.2345624249e+03
1.9158719108e-03	1.2600081803e+03
1.9604983005e-03	1.2858979689e+03
2.0061641722e-03	1.3122348903e+03
2.0528937388e-03	1.3390218058e+03
2.1007117768e-03	1.3662612612e+03
2.1496436400e-03	1.3939554781e+03
2.1997152727e-03	1.4221060261e+03
2.2509532236e-03	1.4507139176e+03
2.3033846597e-03	1.4797811881e+03
2.3570373808e-03	1.5093086196e+03
2.4119398343e-03	1.5392965429e+03
2.4681211302e-03	1.5697449219e+03
2.5256110567e-03	1.6006531826e+03
2.5844400955e-03	1.6320202455e+03
2.6446394387e-03	1.6638446330e+03
2.7062410047e-03	1.6961242921e+03
2.7692774556e-03	1.7288564410e+03
2.8337822140e-03	1.7620379813e+03
2.8997894812e-03	1.7956650057e+03
2.9673342552e-03	1.8297330106e+03
3.0364523491e-03	1.8642369507e+03
3.1071804102e-03	1.8991709845e+03
3.1795559395e-03	1.9345285496e+03
3.2536173115e-03	1.9703025496e+03
3.3294037944e-03	2.0064848006e+03
3.4069555713e-03	2.0430667274e+03
3.4863137611e-03	2.0800387128e+03
3.5675204406e-03	2.1173904401e+03
3.6506186667e-03	2.1551108227e+03
3.7356524992e-03	2.1931877065e+03
3.8226670240e-03	2.2316083187e+03
3.9117083775e-03	2.2703588345e+03
4.0028237705e-03	2.3094247518e+03
4.0960615137e-03	2.3487903594e+03
4.1914710429e-03	2.3884390146e+03
4.2891029456e-03	2.4283535211e+03
4.3890089874e-03	2.4685153788e+03
4.4912421398e-03	2.5089055254e+03
4.5958566083e-03	2.5495030342e+03
4.7029078608e-03	2.5902872759e+03
4.8124526573e-03	2.6312352587e+03
4.9245490799e-03	2.6723229543e+03
5.0392565636e-03	2.7135309521e+03
5.1566359279e-03	2.7548316790e+03
5.2767494087e-03	2.7961992306e+03
5.3996606920e-03	2.8376075709e+03
5.5254349468e-03	2.8790286746e+03
5.6541388603e-03	2.9204340985e+03
5.7858406732e-03	2.9617949763e+03
5.9206102153e-03	3.0030803809e+03
6.0585189434e-03	3.0442604801e+03
6.1996399783e-03	3.0853012706e+03
6.3440481445e-03	3.1261718595e+03
6.4918200089e-03	3.1668368391e+03
6.6430339223e-03	3.2072616660e+03
6.7977700602e-03	3.2474125025e+03
6.9561104657e-03	3.2872492557e+03
7.1181390931e-03	3.3267375796e+03
7.2839418520e-03	3.3658371655e+03
7.4536066534e-03	3.4045099265e+03
7.6272234556e-03	3.4427145676e+03
7.8048843127e-03	3.4804101063e+03
7.9866834227e-03	3.5175564383e+03
8.1727171781e-03	3.5541092187e+03
8.3630842162e-03	3.5900251385e+03
8.5578854723e-03	3.6252593481e+03
8.7572242325e-03	3.6597666516e+03
8.9612061890e-03	3.6934999486e+03
9.1699394956e-03	3.7264116334e+03
9.3835348255e-03	3.7584531819e+03
9.6021054297e-03	3.7895744169e+03
9.8257671974e-03	3.8197262206e+03
1.0054638717e-02	3.8488554666e+03
1.0288841339e-02	3.8769113835e+03
1.0528499241e-02	3.9038403201e+03
1.0773739492e-02	3.9295868889e+03
1.1024692123e-02	3.9540980436e+03
1.1281490192e-02	3.9773149819e+03
1.1544269856e-02	3.9991811793e+03
1.1813170444e-02	4.0196384547e+03
1.2088334532e-02	4.0386240182e+03
1.2369908015e-02	4.0560825290e+03
1.2658040187e-02	4.0719483327e+03
1.2952883819e-02	4.0861602239e+03
1.3254595242e-02	4.0986596251e+03
1.3563334427e-02	4.1093822616e+03
1.3879265071e-02	4.1182647452e+03
1.4202554685e-02	4.1252430526e+03
1.4533374682e-02	4.1302564610e+03
1.4871900466e-02	4.1332437571e+03
1.5218311529e-02	4.1341436024e+03
1.5572791542e-02	4.1329057384e+03
1.5935528455e-02	4.1294759536e+03
1.6306714597e-02	4.1237943520e+03
1.6686546774e-02	4.1158119451e+03
1.7075226380e-02	4.1054858313e+03
1.7472959498e-02	4.0927775602e+03
1.7879957013e-02	4.0776457369e+03
1.8296434721e-02	4.0600616397e+03
1.8722613449e-02	4.0399996705e+03
1.9158719170e-02	4.0174402258e+03
1.9604983124e-02	3.9923691548e+03
2.0061641951e-02	3.9647788461e+03
2.0528937818e-02	3.9346834131e+03
2.1007118562e-02	3.9020740639e+03
2.1496437841e-02	3.8669868002e+03
2.1997155298e-02	3.8294393506e+03
2.2509536751e-02	3.7894788996e+03
2.3033854402e-02	3.7471429777e+03
2.3570387094e-02	3.7025130053e+03
2.4119420617e-02	3.6556364991e+03
2.4681248094e-02	3.6066191173e+03
2.5256170465e-02	3.5555428015e+03
2.5844497098e-02	3.5025205746e+03
2.6446546584e-02	3.4476657215e+03
2.7062647743e-02	3.3911093679e+03
2.7693140911e-02	3.3329808760e+03
2.8338379561e-02	3.2734285660e+03
2.8998732343e-02	3.2126011092e+03
2.9674585596e-02	3.1506678612e+03
3.0366346435e-02	3.0877956314e+03
3.1074446455e-02	3.0241492690e+03
3.1799346157e-02	2.9599319861e+03
3.2541540120e-02	2.8953153167e+03
3.3301562978e-02	2.8304846984e+03
3.4079996221e-02	2.7656554440e+03
3.4877475796e-02	2.7010091226e+03
3.5694700481e-02	2.6367559051e+03
3.6532440955e-02	2.5730674749e+03
3.7391549441e-02	2.5101773026e+03
3.8272969776e-02	2.4482629701e+03
3.9177747727e-02	2.3874996506e+03
4.0107041314e-02	2.3280765266e+03
4.1062130891e-02	2.2701572854e+03
4.2044428710e-02	2.2138896358e+03
4.3055487646e-02	2.1594281078e+03
4.4097008782e-02	2.1068795381e+03
4.5170847515e-02	2.0563377566e+03
4.6279017868e-02	2.0078925354e+03
4.7423694694e-02	1.9615806043e+03
4.8607213486e-02	1.9174256488e+03
4.9832067564e-02	1.8754152637e+03
5.1100902452e-02	1.8355020841e+03
5.2416507354e-02	1.7975762422e+03
5.3781803735e-02	1.7614965620e+03
5.5199831142e-02	1.7270284259e+03
5.6673730514e-02	1.6938819812e+03
5.8206725415e-02	1.6616688646e+03
5.9802101709e-02	1.6299329326e+03
6.1463186370e-02	1.5981356094e+03
6.3193326170e-02	1.5656727488e+03
6.4995867076e-02	1.5318745973e+03
6.6874135154e-02	1.4960657134e+03
6.8831419758e-02	1.4575787644e+03
7.0870959652e-02	1.4158213797e+03
7.2995932596e-02	1.3703449436e+03
7.5209448716e-02	1.3209104021e+03
7.7514547848e-02	1.2675467770e+03
7.9914200805e-02	1.2106065611e+03
8.2411314399e-02	1.1507990805e+03
8.5008739898e-02	1.0891771169e+03
8.7709284497e-02	1.0270792704e+03
9.0515725341e-02	9.6604565045e+02
9.3430825578e-02	9.0768104287e+02
9.6457351970e-02	8.5349275389e+02
9.9598093562e-02	8.0472973296e+02
1.0285588100e-01	7.6223134295e+02
1.0623360608e-01	7.2630272124e+02
1.0973424128e-01	6.9664562550e+02
1.1336085888e-01	6.7232534176e+02
1.1711664954e-01	6.5182359729e+02
1.2100494014e-01	6.3316527198e+02
1.2502921074e-01	6.1416819652e+02
1.2919311046e-01	5.9280180167e+02
1.3350047238e-01	5.6761153423e+02
1.3795532720e-01	5.3809695356e+02
1.4256191572e-01	5.0490206617e+02
1.4732470003e-01	4.6971993967e+02
1.5224837333e-01	4.3489993531e+02
1.5733786838e-01	4.0286317411e+02
1.6259836432e-01	3.7549041043e+02
1.6803529197e-01	3.5365235589e+02
1.7365433721e-01	3.3699035685e+02
1.7946144244e-01	3.2400415686e+02
1.8546280576e-01	3.1253442303e+02
1.9166487771e-01	3.0016476393e+02
1.9807435513e-01	2.8515024835e+02
2.0469817185e-01	2.6729990949e+02
2.1154348579e-01	2.4789123491e+02
2.1861766198e-01	2.2901002487e+02
2.2592825100e-01	2.1256694304e+02
2.3348296232e-01	1.9949394244e+02
2.4128963204e-01	1.8940881783e+02
2.4935618433e-01	1.8085343025e+02
2.5769058617e-01	1.7205086367e+02
2.6630079487e-01	1.6190599120e+02
2.7519469789e-01	1.5064553584e+02
2.8438004473e-01	1.3955279188e+02
2.9386437075e-01	1.2993836783e+02
3.0365491309e-01	1.2218623952e+02
3.1375851897e-01	1.1560977146e+02
3.2418154733e-01	1.0912844876e+02
3.3492976490e-01	1.0217170121e+02
3.4600823853e-01	9.5059234025e+01
3.5742122614e-01	8.8536395298e+01
3.6917206929e-01	8.2973901251e+01
3.8126309102e-01	7.8063583471e+01
3.9369550344e-01	7.3278149458e+01
4.0646933004e-01	6.8470699354e+01
4.1958334828e-01	6.3895771334e+01
4.3303505822e-01	5.9787101876e+01
4.4682068323e-01	5.6096483353e+01
4.6093520806e-01	5.2614804840e+01
4.7537245911e-01	4.9243997267e+01
4.9012523004e-01	4.6079557977e+01
5.0518545426e-01	4.3208458092e+01
5.2054442301e-01	4.0562998686e+01
5.3619304554e-01	3.8055995454e+01
5.5212214430e-01	3.5700183823e+01
5.6832277575e-01	3.3526737085e+01
5.8478656470e-01	3.1517273322e+01
6.0150603835e-01	2.9636843151e+01
6.1847494565e-01	2.7875695874e+01
6.3568854768e-01	2.6240385326e+01
6.5314386666e-01	2.4720897023e+01
6.7083988321e-01	2.3300074083e+01
6.8877767508e-01	2.1971660876e+01
7.0696049388e-01	2.0732594495e+01
7.2539378017e-01	1.9574867098e+01
7.4408512020e-01	1.8490051553e+01
7.6304415064e-01	1.7473549236e+01
7.8228241917e-01	1.6520584543e+01
8.0181321031e-01	1.5625695381e+01
8.2165134601e-01	1.4784191369e+01
8.4181297062e-01	1.3992455999e+01
8.6231532903e-01	1.3246797690e+01
8.8317654601e-01	1.2543629747e+01
9.0441541352e-01	1.1880115590e+01
9.2605119178e-01	1.1253533468e+01
9.4810342851e-01	1.0661316020e+01
9.7059179977e-01	1.0101190543e+01
9.9353597460e-01	9.5711114642e+00
1.0169555048e+00	9.0691791287e+00
1.0408697401e+00	8.5936654575e+00
1.0652977683e+00	8.1429970184e+00
1.0902583792e+00	7.7157534016e+00
1.1157700501e+00	7.3106221074e+00
1.1418509508e+00	6.9264224370e+00
1.1685189659e+00	6.5620229948e+00
1.1957917291e+00	6.2163894705e+00
1.2236866704e+00	5.8885224445e+00
1.2522210686e+00	5.5774917641e+00
1.2814121100e+00	5.2824205619e+00
1.3112769486e+00	5.0024902860e+00
1.3418327664e+00	4.7369648408e+00
1.3730968318e+00	4.4851107873e+00
1.4050865544e+00	4.2462679396e+00
1.4378195367e+00	4.0197862206e+00
1.4713136199e+00	3.8050344045e+00
1.5055869258e+00	3.6014131427e+00
1.5406578931e+00	3.4083778015e+00
1.5765453097e+00	3.2253720483e+00
1.6132683413e+00	3.0519168386e+00
1.6508465550e+00	2.8875315620e+00
1.6892999418e+00	2.7317673952e+00
1.7286489352e+00	2.5841806414e+00
1.7689144286e+00	2.4443414565e+00
1.8101177909e+00	2.3118659238e+00
1.8522808814e+00	2.1863830524e+00
1.8954260634e+00	2.0675425349e+00
1.9395762182e+00	1.9549938578e+00
1.9847547578e+00	1.8484182529e+00
2.0309856381e+00	1.7475077617e+00
2.0782933726e+00	1.6519657666e+00
2.1267030450e+00	1.5615165209e+00
2.1762403230e+00	1.4759085810e+00
2.2269314723e+00	1.3948843907e+00
2.2788033700e+00	1.3182006359e+00
2.3318835194e+00	1.2456363626e+00
2.3862000642e+00	1.1769776485e+00
2.4417818039e+00	1.1120182773e+00
2.4986582086e+00	1.0505629349e+00
2.5568594350e+00	9.9242953780e-01
2.6164163421e+00	9.3743876115e-01
2.6773605077e+00	8.8543909914e-01
2.7397242454e+00	8.3625807233e-01
2.8035406211e+00	7.8975386976e-01
2.8688434711e+00	7.4578049580e-01
2.9356674200e+00	7.0420529061e-01
3.0040478985e+00	6.6490253970e-01
3.0740211630e+00	6.2774615778e-01
3.1456243142e+00	5.9263228851e-01
3.2188953171e+00	5.5944099724e-01
3.2938730209e+00	5.2807254258e-01
3.3705971797e+00	4.9843022069e-01
3.4491084738e+00	4.7042134478e-01
3.5294485309e+00	4.4395500381e-01
3.6116599483e+00	4.1895178672e-01
3.6957863156e+00	3.9533147868e-01
3.7818722377e+00	3.7301959133e-01
3.8699633585e+00	3.5194275880e-01
3.9601063851e+00	3.3203704910e-01
4.0523491126e+00	3.1323792058e-01
4.1467404492e+00	2.9548684152e-01
4.2433304425e+00	2.7872171596e-01
4.3421703057e+00	2.6289299791e-01
4.4433124451e+00	2.4794821037e-01
4.5468104876e+00	2.3383939076e-01
4.6527193092e+00	2.2052053559e-01
4.7610950642e+00	2.0794823542e-01
4.8719952147e+00	1.9608208087e-01
4.9854785617e+00	1.8488076469e-01
5.1016052753e+00	1.7430944477e-01
5.2204369276e+00	1.6433450455e-01
5.3420365247e+00	1.5492178231e-01
5.4664685402e+00	1.4603975661e-01
5.5937989497e+00	1.3765927189e-01
5.7240952655e+00	1.2975328242e-01
5.8574265723e+00	1.2229334752e-01
5.9938635642e+00	1.1525721423e-01
6.1334785820e+00	1.0862064637e-01
6.2763456512e+00	1.0235942758e-01
6.4225405221e+00	9.6455908197e-02
6.5721407089e+00	9.0886872405e-02
6.7252255317e+00	8.5636009974e-02
6.8818761580e+00	8.0683547934e-02
7.0421756463e+00	7.6013631380e-02
7.2062089892e+00	7.1610713044e-02
7.3740631596e+00	6.7459462450e-02
7.5458271559e+00	6.3545616507e-02
7.7215920496e+00	5.9856210622e-02
7.9014510336e+00	5.6378112740e-02
8.0854994715e+00	5.3099424531e-02
8.2738349483e+00	5.0009110727e-02
8.4665573218e+00	4.7096604669e-02
8.6637687762e+00	4.4351535376e-02
8.8655738754e+00	4.1764602062e-02
9.0720796193e+00	3.9326830525e-02
9.2833954998e+00	3.7029432921e-02
9.4996335595e+00	3.4864742898e-02
9.7209084507e+00	3.2824981968e-02
9.9473374962e+00	3.0903478340e-02
1.0179040752e+01	2.9092942387e-02
1.0416141069e+01	2.7387514907e-02
1.0658764163e+01	2.5780602817e-02
1.0907038674e+01	2.4267060009e-02
1.1161096242e+01	2.2841468633e-02
1.1421071571e+01	2.1498576552e-02
1.1687102502e+01	2.0233895329e-02
1.1959330091e+01	1.9042810616e-02
1.2237898674e+01	1.7921012817e-02
1.2522955954e+01	1.6864642805e-02
1.2814653070e+01	1.5869806161e-02
1.3113144685e+01	1.4933068967e-02
1.3418589063e+01	1.4051185211e-02
1.3731148154e+01	1.3220748435e-02
1.4050987682e+01	1.2438875888e-02
1.4378277230e+01	1.1702807621e-02
1.4713190331e+01	1.1009823529e-02
1.5055904559e+01	1.0357519381e-02
1.5406601628e+01	9.7434511793e-03
1.5765467481e+01	9.1654184057e-03
1.6132692393e+01	8.6213997324e-03
1.6508471073e+01	8.1093200282e-03
1.6893002762e+01	7.6273447151e-03
1.7286491345e+01	7.1737298890e-03
1.7689145454e+01	6.7468198968e-03
1.8101178583e+01	6.3451149153e-03
1.8522809196e+01	5.9670878192e-03
1.8954260847e+01	5.6114034439e-03
1.9395762299e+01	5.2767249876e-03
1.9847547640e+01	4.9617771353e-03
2.0309856414e+01	4.6654490182e-03
2.0782933743e+01	4.3867799287e-03
2.1267030458e+01	4.1244356799e-03
2.1762403235e+01	3.8777203239e-03
2.2269314725e+01	3.6456243055e-03
2.2788033701e+01	3.4273001051e-03
2.3318835194e+01	3.2219500717e-03
2.3862000642e+01	3.0287175281e-03
2.4417818039e+01	2.8470363052e-03
2.4986582086e+01	2.6761366186e-03
2.5568594350e+01	2.5153986681e-03
2.6164163421e+01	2.3642748518e-03
2.6773605077e+01	2.2221067030e-03
2.7397242454e+01	2.0884232875e-03
2.8035406211e+01	1.9627133858e-03
2.8688434711e+01	1.8445026183e-03
2.9356674200e+01	1.7333588978e-03
3.0040478985e+01	1.6288317450e-03
