1.0528499241e-05	7.6393265525e-01
1.3254595242e-05	7.6393271921e-01
1.6686546774e-05	7.6393282057e-01
2.1007117768e-05	7.6393298123e-01
2.6446394387e-05	7.6393323584e-01
3.3294037944e-05	7.6393363938e-01
4.1914710429e-05	7.6393427894e-01
5.2767494087e-05	7.6393529255e-01
6.6430339223e-05	7.6393689898e-01
8.3630842162e-05	7.6393944491e-01
1.0528499241e-04	7.6394347970e-01
1.3254595242e-04	7.6394987381e-01
1.6686546773e-04	7.6396000629e-01
2.1007117768e-04	7.6397606142e-01
2.6446394387e-04	7.6400149761e-01
3.3294037944e-04	7.6404178749e-01
4.1914710429e-04	7.6410558297e-01
5.2767494087e-04	7.6420654226e-01
6.6430339223e-04	7.6436617651e-01
8.3630842162e-04	7.6461823932e-01
1.0528499241e-03	7.6501538017e-01
1.3254595242e-03	7.6563894040e-01
1.6686546773e-03	7.6661264987e-01
2.1007117768e-03	7.6811995127e-01
2.6446394387e-03	7.7042121062e-01
3.3294037944e-03	7.7385910920e-01
4.1914710429e-03	7.7882375025e-01
5.2767494087e-03	7.8563686877e-01
6.6430339223e-03	7.9436342981e-01
8.3630842162e-03	8.0481649150e-01
1.0528499241e-02	8.1731992691e-01
1.3254595242e-02	8.3349348270e-01
1.6686546773e-02	8.5419565296e-01
2.1007117551e-02	8.7913455803e-01
2.6446239555e-02	9.0897310813e-01
3.3273743748e-02	9.4500528676e-01
4.1271830785e-02	9.8482923013e-01
4.7925021188e-02	1.0143700791e+00
5.2767007927e-02	1.0342267597e+00
5.6774330373e-02	1.0502858698e+00
6.0359120195e-02	1.0645551963e+00
6.3706246053e-02	1.0776674763e+00
6.6914030285e-02	1.0897988330e+00
7.0041631710e-02	1.1010263974e+00
7.3128010768e-02	1.1114738331e+00
7.6200682074e-02	1.1213635325e+00
7.9280208556e-02	1.1309836368e+00
8.2382704686e-02	1.1406115694e+00
8.5521322537e-02	1.1504159505e+00
8.8707180226e-02	1.1603943403e+00
9.1949966650e-02	1.1703753427e+00
9.5258349117e-02	1.1801100698e+00
9.8640256031e-02	1.1894186667e+00
1.0210307755e-01	1.1983261361e+00
1.0565381075e-01	1.2070917962e+00
1.0929916614e-01	1.2160854425e+00
1.1304564679e-01	1.2255494253e+00
1.1689960745e-01	1.2353925576e+00
1.2086729890e-01	1.2451951430e+00
1.2495490132e-01	1.2544995501e+00
1.2916854939e-01	1.2632220008e+00
1.3351435117e-01	1.2718209587e+00
1.3799840245e-01	1.2809567271e+00
1.4262679799e-01	1.2908255502e+00
1.4740564070e-01	1.3008205937e+00
1.5234104995e-01	1.3100737237e+00
1.5743916990e-01	1.3185096578e+00
1.6270617880e-01	1.3271337643e+00
1.6814830022e-01	1.3368354844e+00
1.7377181691e-01	1.3469972965e+00
1.7958308842e-01	1.3561255354e+00
1.8558857308e-01	1.3641861927e+00
1.9179485536e-01	1.3729918069e+00
1.9820867937e-01	1.3831745225e+00
2.0483698945e-01	1.3926475749e+00
2.1168697869e-01	1.4003896814e+00
2.1876614634e-01	1.4089159745e+00
2.2608236520e-01	1.4191642782e+00
2.3364396024e-01	1.4278845190e+00
2.4145979978e-01	1.4350934630e+00
2.4953940100e-01	1.4446237940e+00
2.5789305206e-01	1.4541376756e+00
2.6653195332e-01	1.4608503332e+00
2.7546838143e-01	1.4698419657e+00
2.8471588058e-01	1.4792986966e+00
2.9428948674e-01	1.4854752131e+00
3.0420599271e-01	1.4949999124e+00
3.1448426354e-01	1.5030293417e+00
3.2514561573e-01	1.5095235389e+00
3.3621427740e-01	1.5195973607e+00
3.4771795266e-01	1.5248827331e+00
3.5968852159e-01	1.5347787055e+00
3.7216291878e-01	1.5403852763e+00
3.8518424976e-01	1.5496389601e+00
3.9880322888e-01	1.5551792487e+00
4.1308005805e-01	1.5647408227e+00
4.2808691991e-01	1.5692647678e+00
4.4391134340e-01	1.5793836365e+00
4.6066083342e-01	1.5847023394e+00
4.7846937497e-01	1.5910991910e+00
4.9750678995e-01	1.6008653421e+00
5.1799256544e-01	1.6078182454e+00
5.4021693207e-01	1.6133039598e+00
5.6457416227e-01	1.6197016013e+00
5.9161741183e-01	1.6272780986e+00
6.2215357462e-01	1.6367736884e+00
6.5741709418e-01	1.6455465982e+00
6.9941077897e-01	1.6519561168e+00
7.5162760946e-01	1.6605724179e+00
8.2070208252e-01	1.6707768203e+00
9.2030782609e-01	1.6861551797e+00
1.0782225566e+00	1.7004197106e+00
1.3287993634e+00	1.7062401586e+00
1.6703883051e+00	1.7169791373e+00
2.1028497582e+00	1.7290621168e+00
2.6473308419e+00	1.7291724345e+00
3.3327920702e+00	1.7373632489e+00
4.1957366294e+00	1.7485284850e+00
5.2821194640e+00	1.7579619413e+00
6.6497944213e+00	1.7268340992e+00
8.3715951802e+00	1.7372823209e+00
1.0539213910e+01	1.7252312638e+00
1.3268084211e+01	1.7639575983e+00
1.6703528379e+01	1.7221668054e+00
2.1028496343e+01	1.7661482555e+00
2.6473308418e+01	1.8395908939e+00
3.3327920702e+01	1.8073192170e+00
