1.279999999999999858e+02 -1.000000000000000000e+00 8.281249241044775999e+01
1.273798257220292811e+02 -1.000000000000000000e+00 8.220593457362650724e+01
1.267626562576138269e+02 -1.000000000000000000e+00 8.160384916782730613e+01
1.261484770480965238e+02 -1.000000000000000000e+00 8.100620284740620036e+01
1.255372736053590899e+02 -1.000000000000000000e+00 8.041296249849199285e+01
1.249290315114792804e+02 -1.000000000000000000e+00 7.982409528202917670e+01
1.243237364183916895e+02 -1.000000000000000000e+00 7.923956857755528915e+01
1.237213740475488777e+02 -1.000000000000000000e+00 7.865935004092855820e+01
1.231219301895841625e+02 -1.000000000000000000e+00 7.808340756527310589e+01
1.225253907039773793e+02 -1.000000000000000000e+00 7.751170928291622886e+01
1.219317415187202016e+02 -1.000000000000000000e+00 7.694422355848118400e+01
1.213409686299851700e+02 -1.000000000000000000e+00 7.638091902685157208e+01
1.207530581017949203e+02 -1.000000000000000000e+00 7.582176453305039843e+01
1.201679960656930888e+02 -1.000000000000000000e+00 7.526672916159611759e+01
1.195857687204179882e+02 -1.000000000000000000e+00 7.471578225561941622e+01
1.190063623315761276e+02 -1.000000000000000000e+00 7.416889335969662511e+01
1.184297632313190576e+02 -1.000000000000000000e+00 7.362603226392842259e+01
1.178559578180205420e+02 -1.000000000000000000e+00 7.308716898620548363e+01
1.172849325559554075e+02 -1.000000000000000000e+00 7.255227377234029973e+01
1.167166739749810489e+02 -1.000000000000000000e+00 7.202131710465408787e+01
1.161511686702187234e+02 -1.000000000000000000e+00 7.149426965095011610e+01
1.155884033017383246e+02 -1.000000000000000000e+00 7.097110234937719042e+01
1.150283645942426745e+02 -1.000000000000000000e+00 7.045178632781477290e+01
1.144710393367552825e+02 -1.000000000000000000e+00 6.993629293282729975e+01
1.139164143823083037e+02 -1.000000000000000000e+00 6.942459375586096826e+01
1.133644766476320456e+02 -1.000000000000000000e+00 6.891666056349799874e+01
1.128152131128472178e+02 -1.000000000000000000e+00 6.841246537127031502e+01
1.122686108211568126e+02 -1.000000000000000000e+00 6.791198037867114579e+01
1.117246568785413103e+02 -1.000000000000000000e+00 6.741517801061139892e+01
1.111833384534541125e+02 -1.000000000000000000e+00 6.692203090613180905e+01
1.106446427765186229e+02 -1.000000000000000000e+00 6.643251188341156421e+01
1.101085571402276742e+02 -1.000000000000000000e+00 6.594659400766904866e+01
1.095750688986430106e+02 -1.000000000000000000e+00 6.546425050922394462e+01
1.090441654670976419e+02 -1.000000000000000000e+00 6.498545484216522539e+01
1.085158343218987227e+02 -1.000000000000000000e+00 6.451018065842445992e+01
1.079900630000317534e+02 -1.000000000000000000e+00 6.403840179555086820e+01
1.074668390988673679e+02 -1.000000000000000000e+00 6.357009230495893348e+01
1.069461502758678790e+02 -1.000000000000000000e+00 6.310522642617092970e+01
1.064279842482969087e+02 -1.000000000000000000e+00 6.264377859997968301e+01
1.059123287929293156e+02 -1.000000000000000000e+00 6.218572345185583572e+01
1.053991717457625157e+02 -1.000000000000000000e+00 6.173103578879210573e+01
1.048885010017302761e+02 -1.000000000000000000e+00 6.127969064481284533e+01
1.043803045144163946e+02 -1.000000000000000000e+00 6.083166319941588540e+01
1.038745702957711501e+02 -1.000000000000000000e+00 6.038692883360400288e+01
1.033712864158283082e+02 -1.000000000000000000e+00 5.994546313515589020e+01
1.028704410024233056e+02 -1.000000000000000000e+00 5.950724185435909419e+01
1.023720222409139922e+02 -1.000000000000000000e+00 5.907224091870813965e+01
1.018760183739010188e+02 -1.000000000000000000e+00 5.864043645563491225e+01
1.013824177009512937e+02 -1.000000000000000000e+00 5.821180475455741288e+01
1.008912085783216099e+02 -1.000000000000000000e+00 5.778632230027857020e+01
1.004023794186836938e+02 -1.000000000000000000e+00 5.736396574450350272e+01
9.991591869085152666e+01 -1.000000000000000000e+00 5.694471191778279717e+01
9.943181491950878126e+01 -1.000000000000000000e+00 5.652853782196683596e+01
9.895005668493833184e+01 -1.000000000000000000e+00 5.611542063576813888e+01
9.847063262275290185e+01 -1.000000000000000000e+00 5.570533770725185718e+01
9.799353142362684821e+01 -1.000000000000000000e+00 5.529826655639883626e+01
9.751874183302963672e+01 -1.000000000000000000e+00 5.489418487017446324e+01
9.704625265096007070e+01 -1.000000000000000000e+00 5.449307050444378575e+01
9.657605273168221061e+01 -1.000000000000000000e+00 5.409490148182111824e+01
9.610813098346248751e+01 -1.000000000000000000e+00 5.369965599143543500e+01
9.564247636830792487e+01 -1.000000000000000000e+00 5.330731238234900360e+01
9.517907790170605153e+01 -1.000000000000000000e+00 5.291784916990282284e+01
9.471792465236541148e+01 -1.000000000000000000e+00 5.253124503015709479e+01
9.425900574195792103e+01 -1.000000000000000000e+00 5.214747879697981858e+01
9.380231034486222086e+01 -1.000000000000000000e+00 5.176652946704953706e+01
9.334782768790823582e+01 -1.000000000000000000e+00 5.138837619096861431e+01
9.289554705012326963e+01 -1.000000000000000000e+00 5.101299827771425299e+01
9.244545776247875324e+01 -1.000000000000000000e+00 5.064037519293366074e+01
9.199754920763882637e+01 -1.000000000000000000e+00 5.027048655194128912e+01
9.155181081970978596e+01 -1.000000000000000000e+00 4.990331212811974382e+01
9.110823208399084194e+01 -1.000000000000000000e+00 4.953883184476860890e+01
9.066680253672622314e+01 -1.000000000000000000e+00 4.917702577291049693e+01
9.022751176485809310e+01 -1.000000000000000000e+00 4.881787413719769830e+01
8.979034940578107182e+01 -1.000000000000000000e+00 4.846135730728457958e+01
8.935530514709778060e+01 -1.000000000000000000e+00 4.810745580306461733e+01
8.892236872637548117e+01 -1.000000000000000000e+00 4.775615028687184349e+01
8.849152993090423536e+01 -1.000000000000000000e+00 4.740742157007193924e+01
8.806277859745567582e+01 -1.000000000000000000e+00 4.706125060335298116e+01
8.763610461204343949e+01 -1.000000000000000000e+00 4.671761848212454282e+01
8.721149790968458149e+01 -1.000000000000000000e+00 4.637650644601588823e+01
8.678894847416205494e+01 -1.000000000000000000e+00 4.603789587177165288e+01
8.636844633778865443e+01 -1.000000000000000000e+00 4.570176827296581479e+01
8.594998158117159903e+01 -1.000000000000000000e+00 4.536810531058458196e+01
8.553354433297867843e+01 -1.000000000000000000e+00 4.503688877311741123e+01
8.511912476970543651e+01 -1.000000000000000000e+00 4.470810059230419853e+01
8.470671311544336390e+01 -1.000000000000000000e+00 4.438172283169415522e+01
8.429629964164928424e+01 -1.000000000000000000e+00 4.405773768629099152e+01
8.388787466691601935e+01 -1.000000000000000000e+00 4.373612749247133991e+01
8.348142855674379348e+01 -1.000000000000000000e+00 4.341687471173955970e+01
8.307695172331303013e+01 -1.000000000000000000e+00 4.309996193905124073e+01
8.267443462525828579e+01 -1.000000000000000000e+00 4.278537189721678402e+01
8.227386776744300789e+01 -1.000000000000000000e+00 4.247308744512149303e+01
8.187524170073577068e+01 -1.000000000000000000e+00 4.216309155949652876e+01
8.147854702178712216e+01 -1.000000000000000000e+00 4.185536735356661353e+01
8.108377437280795164e+01 -1.000000000000000000e+00 4.154989805955325721e+01
8.069091444134865299e+01 -1.000000000000000000e+00 4.124666704206015311e+01
8.029995796007943909e+01 -1.000000000000000000e+00 4.094565778364324871e+01
7.991089570657189256e+01 -1.000000000000000000e+00 4.064685389220934297e+01
7.952371850308118439e+01 -1.000000000000000000e+00 4.035023910155473459e+01
7.913841721632969950e+01 -1.000000000000000000e+00 4.005579726144598141e+01
7.875498275729160014e+01 -1.000000000000000000e+00 3.976351234350586594e+01
7.837340608097832728e+01 -1.000000000000000000e+00 3.947336844177461046e+01
7.799367818622543780e+01 -1.000000000000000000e+00 3.918534976882771304e+01
7.761579011547998164e+01 -1.000000000000000000e+00 3.889944065110942262e+01
7.723973295458944222e+01 -1.000000000000000000e+00 3.861562553401928000e+01
7.686549783259134472e+01 -1.000000000000000000e+00 3.833388898178266402e+01
7.649307592150394441e+01 -1.000000000000000000e+00 3.805421566977766190e+01
7.612245843611822238e+01 -1.000000000000000000e+00 3.777659038964078775e+01
7.575363663379033596e+01 -1.000000000000000000e+00 3.750099804611237886e+01
7.538660181423556139e+01 -1.000000000000000000e+00 3.722742365539945553e+01
7.502134531932301797e+01 -1.000000000000000000e+00 3.695585234800135055e+01
7.465785853287144391e+01 -1.000000000000000000e+00 3.668626936109892256e+01
7.429613288044599528e+01 -1.000000000000000000e+00 3.641866004659860323e+01
7.393615982915582663e+01 -1.000000000000000000e+00 3.615300986280156081e+01
7.357793088745293630e+01 -1.000000000000000000e+00 3.588930437496029668e+01
7.322143760493185027e+01 -1.000000000000000000e+00 3.562752925965157402e+01
7.286667157213015855e+01 -1.000000000000000000e+00 3.536767029711026566e+01
7.251362442033038747e+01 -1.000000000000000000e+00 3.510971337636080136e+01
7.216228782136232667e+01 -1.000000000000000000e+00 3.485364448683122873e+01
7.181265348740667775e+01 -1.000000000000000000e+00 3.459944972566879784e+01
7.146471317079956975e+01 -1.000000000000000000e+00 3.434711529388484763e+01
7.111845866383796988e+01 -1.000000000000000000e+00 3.409662749242038160e+01
7.077388179858617434e+01 -1.000000000000000000e+00 3.384797272806032709e+01
7.043097444668291018e+01 -1.000000000000000000e+00 3.360113750574245728e+01
7.008972851914977298e+01 -1.000000000000000000e+00 3.335610843294335837e+01
6.975013596620038925e+01 -1.000000000000000000e+00 3.311287221208382903e+01
6.941218877705044576e+01 -1.000000000000000000e+00 3.287141564928976578e+01
6.907587897972877045e+01 -1.000000000000000000e+00 3.263172564756837346e+01
6.874119864088939380e+01 -1.000000000000000000e+00 3.239378920738425194e+01
6.840813986562415039e+01 -1.000000000000000000e+00 3.215759342361471340e+01
6.807669479727667294e+01 -1.000000000000000000e+00 3.192312549273302835e+01
6.774685561725691230e+01 -1.000000000000000000e+00 3.169037269868875484e+01
6.741861454485676575e+01 -1.000000000000000000e+00 3.145932242527256406e+01
6.709196383706662914e+01 -1.000000000000000000e+00 3.122996214780797786e+01
6.676689578839253159e+01 -1.000000000000000000e+00 3.100227943758836346e+01
6.644340273067449232e+01 -1.000000000000000000e+00 3.077626195350447702e+01
6.612147703290567335e+01 -1.000000000000000000e+00 3.055189744918815009e+01
6.580111110105224270e+01 -1.000000000000000000e+00 3.032917377018557303e+01
6.548229737787443128e+01 -1.000000000000000000e+00 3.010807884916686561e+01
6.516502834274800193e+01 -1.000000000000000000e+00 2.988860071176640076e+01
6.484929651148705432e+01 -1.000000000000000000e+00 2.967072746899281199e+01
6.453509443616741237e+01 -1.000000000000000000e+00 2.945444732101076113e+01
6.422241470495083604e+01 -1.000000000000000000e+00 2.923974855966781661e+01
6.391124994191040543e+01 -1.000000000000000000e+00 2.902661955814773975e+01
6.360159280685630279e+01 -1.000000000000000000e+00 2.881504877751400073e+01
6.329343599516274566e+01 -1.000000000000000000e+00 2.860502476727509347e+01
6.298677223759570154e+01 -1.000000000000000000e+00 2.839653615942730980e+01
6.268159430014135580e+01 -1.000000000000000000e+00 2.818957166875258125e+01
6.237789498383558140e+01 -1.000000000000000000e+00 2.798412009690397539e+01
6.207566712459394864e+01 -1.000000000000000000e+00 2.778017032659233010e+01
6.177490359304285050e+01 -1.000000000000000000e+00 2.757771132540198167e+01
6.147559729435127451e+01 -1.000000000000000000e+00 2.737673213904183811e+01
6.117774116806344153e+01 -1.000000000000000000e+00 2.717722189556488033e+01
6.088132818793236112e+01 -1.000000000000000000e+00 2.697916980741760540e+01
6.058635136175388425e+01 -1.000000000000000000e+00 2.678256516103039431e+01
6.029280373120192138e+01 -1.000000000000000000e+00 2.658739732699991976e+01
6.000067837166422891e+01 -1.000000000000000000e+00 2.639365575052412538e+01
5.970996839207907669e+01 -1.000000000000000000e+00 2.620132995975380652e+01
5.942066693477276829e+01 -1.000000000000000000e+00 2.601040955656683096e+01
5.913276717529771531e+01 -1.000000000000000000e+00 2.582088422109151438e+01
5.884626232227157061e+01 -1.000000000000000000e+00 2.563274371062609092e+01
5.856114561721699374e+01 -1.000000000000000000e+00 2.544597785835109605e+01
5.827741033440219098e+01 -1.000000000000000000e+00 2.526057657041205573e+01
5.799504978068237193e+01 -1.000000000000000000e+00 2.507652983113676015e+01
5.771405729534169637e+01 -1.000000000000000000e+00 2.489382769574455878e+01
5.743442624993626566e+01 -1.000000000000000000e+00 2.471246029398861666e+01
5.715615004813773226e+01 -1.000000000000000000e+00 2.453241783143239374e+01
5.687922212557765533e+01 -1.000000000000000000e+00 2.435369058331018621e+01
5.660363594969279433e+01 -1.000000000000000000e+00 2.417626889532509793e+01
5.632938501957081456e+01 -1.000000000000000000e+00 2.400014318927729562e+01
5.605646286579704451e+01 -1.000000000000000000e+00 2.382530395509418142e+01
5.578486305030185832e+01 -1.000000000000000000e+00 2.365174175243170396e+01
5.551457916620879018e+01 -1.000000000000000000e+00 2.347944721058085804e+01
5.524560483768338770e+01 -1.000000000000000000e+00 2.330841102964991407e+01
5.497793371978290367e+01 -1.000000000000000000e+00 2.313862397896710377e+01
5.471155949830646392e+01 -1.000000000000000000e+00 2.297007689571630351e+01
5.444647588964622997e+01 -1.000000000000000000e+00 2.280276068186680760e+01
5.418267664063914424e+01 -1.000000000000000000e+00 2.263666631171365751e+01
5.392015552841938586e+01 -1.000000000000000000e+00 2.247178482265146116e+01
5.365890636027170757e+01 -1.000000000000000000e+00 2.230810731658813495e+01
5.339892297348517758e+01 -1.000000000000000000e+00 2.214562496746739839e+01
5.314019923520790201e+01 -1.000000000000000000e+00 2.198432900908483845e+01
5.288272904230234417e+01 -1.000000000000000000e+00 2.182421074347160328e+01
5.262650632120132599e+01 -1.000000000000000000e+00 2.166526153296071300e+01
5.237152502776485363e+01 -1.000000000000000000e+00 2.150747280731753008e+01
5.211777914713739079e+01 -1.000000000000000000e+00 2.135083605829376907e+01
5.186526269360606278e+01 -1.000000000000000000e+00 2.119534283856398815e+01
5.161396971045946458e+01 -1.000000000000000000e+00 2.104098476893894798e+01
5.136389426984707285e+01 -1.000000000000000000e+00 2.088775352378712213e+01
5.111503047263954613e+01 -1.000000000000000000e+00 2.073564084754141845e+01
5.086737244828941584e+01 -1.000000000000000000e+00 2.058463853898243201e+01
5.062091435469268674e+01 -1.000000000000000000e+00 2.043473845951503876e+01
5.037565037805099877e+01 -1.000000000000000000e+00 2.028593253286675946e+01
5.013157473273449938e+01 -1.000000000000000000e+00 2.013821274013821849e+01
4.988868166114539804e+01 -1.000000000000000000e+00 1.999157112098330202e+01
4.964696543358204650e+01 -1.000000000000000000e+00 1.984599977586831443e+01
4.940642034810388594e+01 -1.000000000000000000e+00 1.970149086274897954e+01
4.916704073039685596e+01 -1.000000000000000000e+00 1.955803659576021403e+01
4.892882093363958518e+01 -1.000000000000000000e+00 1.941562924903880472e+01
4.869175533837024972e+01 -1.000000000000000000e+00 1.927426115245959437e+01
4.845583835235387227e+01 -1.000000000000000000e+00 1.913392469274781504e+01
4.822106441045048086e+01 -1.000000000000000000e+00 1.899461231370014858e+01
4.798742797448386455e+01 -1.000000000000000000e+00 1.885631651073417103e+01
4.775492353311084059e+01 -1.000000000000000000e+00 1.871902984036395168e+01
4.752354560169138864e+01 -1.000000000000000000e+00 1.858274491026643105e+01
4.729328872215909030e+01 -1.000000000000000000e+00 1.844745438516810410e+01
4.706414746289251383e+01 -1.000000000000000000e+00 1.831315098053417145e+01
4.683611641858701802e+01 -1.000000000000000000e+00 1.817982746841585495e+01
4.660919021012725949e+01 -1.000000000000000000e+00 1.804747667320854987e+01
4.638336348446036794e+01 -1.000000000000000000e+00 1.791609147190962759e+01
4.615863091446954058e+01 -1.000000000000000000e+00 1.778566479430235248e+01
4.593498719884848924e+01 -1.000000000000000000e+00 1.765618962080802135e+01
4.571242706197632799e+01 -1.000000000000000000e+00 1.752765898804605982e+01
4.549094525379315002e+01 -1.000000000000000000e+00 1.740006597749306749e+01
4.527053654967615159e+01 -1.000000000000000000e+00 1.727340372668002288e+01
4.505119575031646662e+01 -1.000000000000000000e+00 1.714766542256947801e+01
4.483291768159641322e+01 -1.000000000000000000e+00 1.702284430126231385e+01
4.461569719446750071e+01 -1.000000000000000000e+00 1.689893364802787090e+01
4.439952916482894096e+01 -1.000000000000000000e+00 1.677592679990290492e+01
4.418440849340677090e+01 -1.000000000000000000e+00 1.665381714202193919e+01
4.397033010563365707e+01 -1.000000000000000000e+00 1.653259810725576173e+01
4.375728895152903419e+01 -1.000000000000000000e+00 1.641226317734657414e+01
4.354528000558006795e+01 -1.000000000000000000e+00 1.629280588334605895e+01
4.333429826662311513e+01 -1.000000000000000000e+00 1.617421980277375937e+01
4.312433875772568825e+01 -1.000000000000000000e+00 1.605649855954806782e+01
4.291539652606917343e+01 -1.000000000000000000e+00 1.593963582690435743e+01
4.270746664283183947e+01 -1.000000000000000000e+00 1.582362532080193418e+01
4.250054420307267122e+01 -1.000000000000000000e+00 1.570846080899566921e+01
4.229462432561563645e+01 -1.000000000000000000e+00 1.559413609978713033e+01
4.208970215293453521e+01 -1.000000000000000000e+00 1.548064505071010188e+01
4.188577285103847458e+01 -1.000000000000000000e+00 1.536798156270782201e+01
4.168283160935773424e+01 -1.000000000000000000e+00 1.525613958079416577e+01
4.148087364063034244e+01 -1.000000000000000000e+00 1.514511309681220297e+01
4.127989418078917794e+01 -1.000000000000000000e+00 1.503489614615332570e+01
4.107988848884950528e+01 -1.000000000000000000e+00 1.492548280588802179e+01
4.088085184679726325e+01 -1.000000000000000000e+00 1.481686720063590457e+01
4.068277955947763758e+01 -1.000000000000000000e+00 1.470904349458836791e+01
4.048566695448437258e+01 -1.000000000000000000e+00 1.460200589593466525e+01
4.028950938204954468e+01 -1.000000000000000000e+00 1.449574865629549691e+01
4.009430221493386881e+01 -1.000000000000000000e+00 1.439026606906882932e+01
3.990004084831759457e+01 -1.000000000000000000e+00 1.428555247002193518e+01
3.970672069969177898e+01 -1.000000000000000000e+00 1.418160223505855733e+01
3.951433720875026268e+01 -1.000000000000000000e+00 1.407840978374697016e+01
3.932288583728210085e+01 -1.000000000000000000e+00 1.397596957507631643e+01
3.913236206906443471e+01 -1.000000000000000000e+00 1.387427610854185112e+01
3.894276140975609479e+01 -1.000000000000000000e+00 1.377332392494507651e+01
3.875407938679141751e+01 -1.000000000000000000e+00 1.367310760541187342e+01
3.856631154927485028e+01 -1.000000000000000000e+00 1.357362177044413087e+01
3.837945346787592626e+01 -1.000000000000000000e+00 1.347486107918831522e+01
3.819350073472475060e+01 -1.000000000000000000e+00 1.337682023149702637e+01
3.800844896330811196e+01 -1.000000000000000000e+00 1.327949396613219868e+01
3.782429378836589962e+01 -1.000000000000000000e+00 1.318287705899793849e+01
3.764103086578816715e+01 -1.000000000000000000e+00 1.308696432541179533e+01
3.745865587251269346e+01 -1.000000000000000000e+00 1.299175061914919738e+01
3.727716450642295598e+01 -1.000000000000000000e+00 1.289723083201131715e+01
3.709655248624665802e+01 -1.000000000000000000e+00 1.280339989132217227e+01
3.691681555145479621e+01 -1.000000000000000000e+00 1.271025276366852985e+01
3.673794946216105473e+01 -1.000000000000000000e+00 1.261778445187430187e+01
3.655994999902185327e+01 -1.000000000000000000e+00 1.252598999553365822e+01
3.638281296313680713e+01 -1.000000000000000000e+00 1.243486447096589842e+01
3.620653417594964196e+01 -1.000000000000000000e+00 1.234440298982496742e+01
3.603110947914972684e+01 -1.000000000000000000e+00 1.225460070082291431e+01
3.585653473457384877e+01 -1.000000000000000000e+00 1.216545278694709609e+01
3.568280582410866231e+01 -1.000000000000000000e+00 1.207695446826430619e+01
3.550991864959355837e+01 -1.000000000000000000e+00 1.198910099785366867e+01
3.533786913272394514e+01 -1.000000000000000000e+00 1.190188766553205113e+01
3.516665321495513297e+01 -1.000000000000000000e+00 1.181530979460423403e+01
3.499626685740646792e+01 -1.000000000000000000e+00 1.172936274304085202e+01
3.482670604076615462e+01 -1.000000000000000000e+00 1.164404190241993220e+01
3.465796676519640585e+01 -1.000000000000000000e+00 1.155934269935231740e+01
3.449004505023907541e+01 -1.000000000000000000e+00 1.147526059250777131e+01
3.432293693472183094e+01 -1.000000000000000000e+00 1.139179107463751528e+01
3.415663847666461805e+01 -1.000000000000000000e+00 1.130892967207210553e+01
3.399114575318672848e+01 -1.000000000000000000e+00 1.122667194337639529e+01
3.382645486041425187e+01 -1.000000000000000000e+00 1.114501347916062279e+01
3.366256191338794679e+01 -1.000000000000000000e+00 1.106394990332621298e+01
3.349946304597172286e+01 -1.000000000000000000e+00 1.098347687118010896e+01
3.333715441076125074e+01 -1.000000000000000000e+00 1.090359007077830000e+01
3.317563217899336081e+01 -1.000000000000000000e+00 1.082428522119077918e+01
3.301489254045565502e+01 -1.000000000000000000e+00 1.074555807290973775e+01
3.285493170339660907e+01 -1.000000000000000000e+00 1.066740440735795481e+01
3.269574589443622870e+01 -1.000000000000000000e+00 1.058982003737678923e+01
3.253733135847690505e+01 -1.000000000000000000e+00 1.051280080650052184e+01
3.237968435861490946e+01 -1.000000000000000000e+00 1.043634258802264370e+01
3.222280117605224348e+01 -1.000000000000000000e+00 1.036044128704020117e+01
3.206667811000886559e+01 -1.000000000000000000e+00 1.028509283701920118e+01
3.191131147763549691e+01 -1.000000000000000000e+00 1.021029320191449585e+01
3.175669761392659751e+01 -1.000000000000000000e+00 1.013603837563647581e+01
3.160283287163402832e+01 -1.000000000000000000e+00 1.006232438072061974e+01
3.144971362118095826e+01 -1.000000000000000000e+00 9.989147269787972405e+00
3.129733625057626156e+01 -1.000000000000000000e+00 9.916503123082064164e+00
3.114569716532934152e+01 -1.000000000000000000e+00 9.844388051201400813e+00
3.099479278836527740e+01 -1.000000000000000000e+00 9.772798191815079250e+00
3.084461955994047599e+01 -1.000000000000000000e+00 9.701729711315181248e+00
3.069517393755871737e+01 -1.000000000000000000e+00 9.631178804866813437e+00
3.054645239588755601e+01 -1.000000000000000000e+00 9.561141695171055943e+00
3.039845142667516242e+01 -1.000000000000000000e+00 9.491614631937324020e+00
3.025116753866763020e+01 -1.000000000000000000e+00 9.422593893277458221e+00
3.010459725752652105e+01 -1.000000000000000000e+00 9.354075783958307966e+00
2.995873712574696057e+01 -1.000000000000000000e+00 9.286056636150945565e+00
2.981358370257608215e+01 -1.000000000000000000e+00 9.218532808758503450e+00
2.966913356393182966e+01 -1.000000000000000000e+00 9.151500687580382376e+00
2.952538330232225050e+01 -1.000000000000000000e+00 9.084956684626783741e+00
2.938232952676503018e+01 -1.000000000000000000e+00 9.018897237652955923e+00
2.923996886270755269e+01 -1.000000000000000000e+00 8.953318812104418711e+00
2.909829795194728774e+01 -1.000000000000000000e+00 8.888217898035538411e+00
2.895731345255255818e+01 -1.000000000000000000e+00 8.823591011138677942e+00
2.881701203878375850e+01 -1.000000000000000000e+00 8.759434693483449053e+00
2.867739040101482217e+01 -1.000000000000000000e+00 8.695745512096312524e+00
2.853844524565519691e+01 -1.000000000000000000e+00 8.632520058350946712e+00
2.840017329507215749e+01 -1.000000000000000000e+00 8.569754950032754337e+00
2.826257128751345249e+01 -1.000000000000000000e+00 8.507446828436940223e+00
2.812563597703042362e+01 -1.000000000000000000e+00 8.445592360461503745e+00
2.798936413340136298e+01 -1.000000000000000000e+00 8.384188236598765442e+00
2.785375254205535001e+01 -1.000000000000000000e+00 8.323231171666671813e+00
2.771879800399642590e+01 -1.000000000000000000e+00 8.262717905073026614e+00
2.758449733572810914e+01 -1.000000000000000000e+00 8.202645199580175017e+00
2.745084736917835855e+01 -1.000000000000000000e+00 8.143009842467643367e+00
2.731784495162474258e+01 -1.000000000000000000e+00 8.083808642818448575e+00
2.718548694562015200e+01 -1.000000000000000000e+00 8.025038435204884024e+00
2.705377022891874361e+01 -1.000000000000000000e+00 7.966696076083497502e+00
2.692269169440229604e+01 -1.000000000000000000e+00 7.908778445103128441e+00
2.679224825000696697e+01 -1.000000000000000000e+00 7.851282444331429744e+00
2.666243681865026005e+01 -1.000000000000000000e+00 7.794204999548088431e+00
2.653325433815850687e+01 -1.000000000000000000e+00 7.737543058726240375e+00
2.640469776119460832e+01 -1.000000000000000000e+00 7.681293591428431711e+00
2.627676405518614189e+01 -1.000000000000000000e+00 7.625453590081246347e+00
2.614945020225387751e+01 -1.000000000000000000e+00 7.570020069065764190e+00
2.602275319914049945e+01 -1.000000000000000000e+00 7.514990064389382773e+00
2.589667005713983627e+01 -1.000000000000000000e+00 7.460360633791929708e+00
2.577119780202631460e+01 -1.000000000000000000e+00 7.406128856727791643e+00
2.564633347398481433e+01 -1.000000000000000000e+00 7.352291833874066818e+00
2.552207412754088622e+01 -1.000000000000000000e+00 7.298846687116447463e+00
2.539841683149118978e+01 -1.000000000000000000e+00 7.245790559912241413e+00
2.527535866883441429e+01 -1.000000000000000000e+00 7.193120615003928187e+00
2.515289673670243431e+01 -1.000000000000000000e+00 7.140834037932964229e+00
2.503102814629183825e+01 -1.000000000000000000e+00 7.088928033855642852e+00
2.490975002279582640e+01 -1.000000000000000000e+00 7.037399827973164435e+00
2.478905950533632208e+01 -1.000000000000000000e+00 6.986246666858962229e+00
2.466895374689653053e+01 -1.000000000000000000e+00 6.935465815926510125e+00
2.454942991425377485e+01 -1.000000000000000000e+00 6.885054561898078518e+00
2.443048518791265522e+01 -1.000000000000000000e+00 6.835010210261849295e+00
2.431211676203853145e+01 -1.000000000000000000e+00 6.785330086881843137e+00
2.419432184439137856e+01 -1.000000000000000000e+00 6.736011537178788089e+00
2.407709765625985909e+01 -1.000000000000000000e+00 6.687051925183158829e+00
2.396044143239579682e+01 -1.000000000000000000e+00 6.638448635388784602e+00
2.384435042094897028e+01 -1.000000000000000000e+00 6.590199070277350302e+00
2.372882188340215137e+01 -1.000000000000000000e+00 6.542300652554792428e+00
2.361385309450658099e+01 -1.000000000000000000e+00 6.494750822184486516e+00
2.349944134221759384e+01 -1.000000000000000000e+00 6.447547039940519475e+00
2.338558392763069449e+01 -1.000000000000000000e+00 6.400686782684195997e+00
2.327227816491787848e+01 -1.000000000000000000e+00 6.354167548026067536e+00
2.315952138126427329e+01 -1.000000000000000000e+00 6.307986850406742008e+00
2.304731091680512378e+01 -1.000000000000000000e+00 6.262142222756396315e+00
2.293564412456297674e+01 -1.000000000000000000e+00 6.216631216240231517e+00
2.282451837038530229e+01 -1.000000000000000000e+00 6.171451400604411219e+00
2.271393103288232140e+01 -1.000000000000000000e+00 6.126600361295672315e+00
2.260387950336517804e+01 -1.000000000000000000e+00 6.082075704028340191e+00
2.249436118578443811e+01 -1.000000000000000000e+00 6.037875049465452726e+00
2.238537349666877674e+01 -1.000000000000000000e+00 5.993996037777421293e+00
2.227691386506408833e+01 -1.000000000000000000e+00 5.950436325548126959e+00
2.216897973247283815e+01 -1.000000000000000000e+00 5.907193586308840061e+00
2.206156855279366980e+01 -1.000000000000000000e+00 5.864265510066992704e+00
2.195467779226141403e+01 -1.000000000000000000e+00 5.821649805626609719e+00
2.184830492938724333e+01 -1.000000000000000000e+00 5.779344196273413559e+00
2.174244745489923147e+01 -1.000000000000000000e+00 5.737346423243700144e+00
2.163710287168316526e+01 -1.000000000000000000e+00 5.695654244203270267e+00
2.153226869472360150e+01 -1.000000000000000000e+00 5.654265432876218078e+00
2.142794245104531825e+01 -1.000000000000000000e+00 5.613177779570086123e+00
2.132412167965490113e+01 -1.000000000000000000e+00 5.572389090014004509e+00
2.122080393148272748e+01 -1.000000000000000000e+00 5.531897187353367329e+00
2.111798676932519570e+01 -1.000000000000000000e+00 5.491699908933106222e+00
2.101566776778721746e+01 -1.000000000000000000e+00 5.451795108872440565e+00
2.091384451322504390e+01 -1.000000000000000000e+00 5.412180657400985417e+00
2.081251460368926587e+01 -1.000000000000000000e+00 5.372854439133428528e+00
2.071167564886819790e+01 -1.000000000000000000e+00 5.333814355172976640e+00
2.061132527003148596e+01 -1.000000000000000000e+00 5.295058321355443631e+00
2.051146109997397815e+01 -1.000000000000000000e+00 5.256584269094476625e+00
2.041208078295991868e+01 -1.000000000000000000e+00 5.218390144462245139e+00
2.031318197466733722e+01 -1.000000000000000000e+00 5.180473908977250908e+00
2.021476234213276157e+01 -1.000000000000000000e+00 5.142833539005997601e+00
2.011681956369619684e+01 -1.000000000000000000e+00 5.105467025257512503e+00
2.001935132894634606e+01 -1.000000000000000000e+00 5.068372373860227320e+00
1.992235533866610098e+01 -1.000000000000000000e+00 5.031547604798916495e+00
1.982582930477835248e+01 -1.000000000000000000e+00 4.994990752901336428e+00
1.972977095029194317e+01 -1.000000000000000000e+00 4.958699867423729479e+00
1.963417800924801071e+01 -1.000000000000000000e+00 4.922673011287500344e+00
1.953904822666650531e+01 -1.000000000000000000e+00 4.886908261964478584e+00
1.944437935849300914e+01 -1.000000000000000000e+00 4.851403711677435560e+00
1.935016917154581506e+01 -1.000000000000000000e+00 4.816157464905120200e+00
1.925641544346321155e+01 -1.000000000000000000e+00 4.781167641963919301e+00
1.916311596265108363e+01 -1.000000000000000000e+00 4.746432374795789499e+00
1.907026852823073071e+01 -1.000000000000000000e+00 4.711949811130467403e+00
1.897787094998695778e+01 -1.000000000000000000e+00 4.677718110442939725e+00
1.888592104831642615e+01 -1.000000000000000000e+00 4.643735446534853928e+00
1.879441665417618879e+01 -1.000000000000000000e+00 4.610000006333613065e+00
1.870335560903257033e+01 -1.000000000000000000e+00 4.576509990161231833e+00
1.861273576481022829e+01 -1.000000000000000000e+00 4.543263611124576329e+00
1.852255498384147003e+01 -1.000000000000000000e+00 4.510259095912271476e+00
1.843281113881588240e+01 -1.000000000000000000e+00 4.477494683664289710e+00
1.834350211273006437e+01 -1.000000000000000000e+00 4.444968626618347685e+00
1.825462579883775760e+01 -1.000000000000000000e+00 4.412679189791946399e+00
1.816618010060011201e+01 -1.000000000000000000e+00 4.380624650601696146e+00
1.807816293163624266e+01 -1.000000000000000000e+00 4.348803299421048152e+00
1.799057221567402820e+01 -1.000000000000000000e+00 4.317213438837947947e+00
1.790340588650110476e+01 -1.000000000000000000e+00 4.285853383850800391e+00
1.781666188791613337e+01 -1.000000000000000000e+00 4.254721462059526615e+00
1.773033817368030896e+01 -1.000000000000000000e+00 4.223816012721645308e+00
1.764443270746907189e+01 -1.000000000000000000e+00 4.193135387928720093e+00
1.755894346282410012e+01 -1.000000000000000000e+00 4.162677950683753458e+00
1.747386842310547195e+01 -1.000000000000000000e+00 4.132442077350917842e+00
1.738920558144411643e+01 -1.000000000000000000e+00 4.102426155232082650e+00
1.730495294069446643e+01 -1.000000000000000000e+00 4.072628583325041518e+00
1.722110851338733895e+01 -1.000000000000000000e+00 4.043047773270982859e+00
1.713767032168308901e+01 -1.000000000000000000e+00 4.013682146605153989e+00
1.705463639732489511e+01 -1.000000000000000000e+00 3.984530138621528828e+00
1.697200478159237136e+01 -1.000000000000000000e+00 3.955590193738182325e+00
1.688977352525535380e+01 -1.000000000000000000e+00 3.926860769790705863e+00
1.680794068852789991e+01 -1.000000000000000000e+00 3.898340333865715213e+00
1.672650434102257933e+01 -1.000000000000000000e+00 3.870027366276507230e+00
1.664546256170487126e+01 -1.000000000000000000e+00 3.841920356614310528e+00
1.656481343884789581e+01 -1.000000000000000000e+00 3.814017806813175593e+00
1.648455506998730513e+01 -1.000000000000000000e+00 3.786318228950853015e+00
1.640468556187638427e+01 -1.000000000000000000e+00 3.758820146226201420e+00
1.632520303044144683e+01 -1.000000000000000000e+00 3.731522092987434203e+00
1.624610560073731946e+01 -1.000000000000000000e+00 3.704422613044551227e+00
1.616739140690316034e+01 -1.000000000000000000e+00 3.677520262653550365e+00
1.608905859211843392e+01 -1.000000000000000000e+00 3.650813607204556721e+00
1.601110530855910241e+01 -1.000000000000000000e+00 3.624301222686235224e+00
1.593352971735403578e+01 -1.000000000000000000e+00 3.597981696687280184e+00
1.585632998854166331e+01 -1.000000000000000000e+00 3.571853624919882453e+00
1.577950430102675483e+01 -1.000000000000000000e+00 3.545915615979182256e+00
1.570305084253750572e+01 -1.000000000000000000e+00 3.520166286262523592e+00
1.562696780958276399e+01 -1.000000000000000000e+00 3.494604263740757499e+00
1.555125340740948658e+01 -1.000000000000000000e+00 3.469228186107390588e+00
1.547590584996043361e+01 -1.000000000000000000e+00 3.444036699986803285e+00
1.540092335983198879e+01 -1.000000000000000000e+00 3.419028463376936777e+00
1.532630416823226227e+01 -1.000000000000000000e+00 3.394202143211603406e+00
1.525204651493935692e+01 -1.000000000000000000e+00 3.369556416248578490e+00
1.517814864825983889e+01 -1.000000000000000000e+00 3.345089969041252331e+00
1.510460882498745150e+01 -1.000000000000000000e+00 3.320801497458552021e+00
1.503142531036193930e+01 -1.000000000000000000e+00 3.296689707432681082e+00
1.495859637802816167e+01 -1.000000000000000000e+00 3.272753313591345137e+00
1.488612030999536628e+01 -1.000000000000000000e+00 3.248991040595499147e+00
1.481399539659664377e+01 -1.000000000000000000e+00 3.225401621808698049e+00
1.474221993644863815e+01 -1.000000000000000000e+00 3.201983800892644005e+00
1.467079223641136032e+01 -1.000000000000000000e+00 3.178736329238361691e+00
1.459971061154828398e+01 -1.000000000000000000e+00 3.155657967913398032e+00
1.452897338508658720e+01 -1.000000000000000000e+00 3.132747487938490671e+00
1.445857888837758942e+01 -1.000000000000000000e+00 3.110003668032443436e+00
1.438852546085742290e+01 -1.000000000000000000e+00 3.087425296222816140e+00
1.431881145000781785e+01 -1.000000000000000000e+00 3.065011169704005667e+00
1.424943521131714341e+01 -1.000000000000000000e+00 3.042760094280821725e+00
1.418039510824161020e+01 -1.000000000000000000e+00 3.020670883957899289e+00
1.411168951216666478e+01 -1.000000000000000000e+00 2.998742362142745588e+00
1.404331680236858659e+01 -1.000000000000000000e+00 2.976973360714368244e+00
1.397527536597622877e+01 -1.000000000000000000e+00 2.955362719246199532e+00
1.390756359793298458e+01 -1.000000000000000000e+00 2.933909286844490705e+00
1.384017990095892969e+01 -1.000000000000000000e+00 2.912611920584065484e+00
1.377312268551313323e+01 -1.000000000000000000e+00 2.891469485667765849e+00
1.370639036975618730e+01 -1.000000000000000000e+00 2.870480855893652539e+00
1.363998137951284839e+01 -1.000000000000000000e+00 2.849644912981856404e+00
1.357389414823493823e+01 -1.000000000000000000e+00 2.828960547386964564e+00
1.350812711696437951e+01 -1.000000000000000000e+00 2.808426656556069823e+00
1.344267873429641114e+01 -1.000000000000000000e+00 2.788042147107245405e+00
1.337754745634302367e+01 -1.000000000000000000e+00 2.767805933091651127e+00
1.331273174669649606e+01 -1.000000000000000000e+00 2.747716936174817715e+00
1.324823007639318106e+01 -1.000000000000000000e+00 2.727774087285744109e+00
1.318404092387742921e+01 -1.000000000000000000e+00 2.707976322947363013e+00
1.312016277496570282e+01 -1.000000000000000000e+00 2.688322589392458273e+00
1.305659412281083931e+01 -1.000000000000000000e+00 2.668811839643576267e+00
1.299333346786654175e+01 -1.000000000000000000e+00 2.649443034436850031e+00
1.293037931785196371e+01 -1.000000000000000000e+00 2.630215142044448395e+00
1.286773018771653199e+01 -1.000000000000000000e+00 2.611127138570560113e+00
1.280538459960490449e+01 -1.000000000000000000e+00 2.592178007193641776e+00
1.274334108282211453e+01 -1.000000000000000000e+00 2.573366738901421424e+00
1.268159817379888921e+01 -1.000000000000000000e+00 2.554692331581112530e+00
1.262015441605709576e+01 -1.000000000000000000e+00 2.536153790912749173e+00
1.255900836017540634e+01 -1.000000000000000000e+00 2.517750129605031972e+00
1.249815856375510137e+01 -1.000000000000000000e+00 2.499480367090828992e+00
1.243760359138603633e+01 -1.000000000000000000e+00 2.481343531160398186e+00
1.237734201461280925e+01 -1.000000000000000000e+00 2.463338655108479269e+00
1.231737241190102772e+01 -1.000000000000000000e+00 2.445464781015349587e+00
1.225769336860379077e+01 -1.000000000000000000e+00 2.427720956300396526e+00
1.219830347692832717e+01 -1.000000000000000000e+00 2.410106236545957792e+00
1.213920133590276684e+01 -1.000000000000000000e+00 2.392619683702644995e+00
1.208038555134312730e+01 -1.000000000000000000e+00 2.375260366519183375e+00
1.202185473582038355e+01 -1.000000000000000000e+00 2.358027360395006600e+00
1.196360750862776356e+01 -1.000000000000000000e+00 2.340919748099894004e+00
1.190564249574817524e+01 -1.000000000000000000e+00 2.323936618732368231e+00
1.184795832982178432e+01 -1.000000000000000000e+00 2.307077067709233376e+00
1.179055365011378775e+01 -1.000000000000000000e+00 2.290340197495862373e+00
1.173342710248227583e+01 -1.000000000000000000e+00 2.273725117155193765e+00
1.167657733934631459e+01 -1.000000000000000000e+00 2.257230941443761907e+00
1.162000301965414728e+01 -1.000000000000000000e+00 2.240856792437458722e+00
1.156370280885155744e+01 -1.000000000000000000e+00 2.224601798763216287e+00
1.150767537885041136e+01 -1.000000000000000000e+00 2.208465094583887289e+00
1.145191940799729302e+01 -1.000000000000000000e+00 2.192445820894746156e+00
1.139643358104235027e+01 -1.000000000000000000e+00 2.176543124788257622e+00
1.134121658910826191e+01 -1.000000000000000000e+00 2.160756159583191671e+00
1.128626712965935752e+01 -1.000000000000000000e+00 2.145084084828456028e+00
1.123158390647091842e+01 -1.000000000000000000e+00 2.129526066402638751e+00
1.117716562959855686e+01 -1.000000000000000000e+00 2.114081275557984529e+00
1.112301101534781722e+01 -1.000000000000000000e+00 2.098748890844742920e+00
1.106911878624388912e+01 -1.000000000000000000e+00 2.083528095442015449e+00
1.101548767100146087e+01 -1.000000000000000000e+00 2.068418079104888729e+00
1.096211640449475766e+01 -1.000000000000000000e+00 2.053418037908977478e+00
1.090900372772766680e+01 -1.000000000000000000e+00 2.038527172843577873e+00
1.085614838780405300e+01 -1.000000000000000000e+00 2.023744691642924476e+00
1.080354913789820515e+01 -1.000000000000000000e+00 2.009069807312933165e+00
1.075120473722541981e+01 -1.000000000000000000e+00 1.994501738514537159e+00
1.069911395101273222e+01 -1.000000000000000000e+00 1.980039710152788901e+00
1.064727555046980356e+01 -1.000000000000000000e+00 1.965682952081209356e+00
1.059568831275990419e+01 -1.000000000000000000e+00 1.951430700436710630e+00
1.054435102097109223e+01 -1.000000000000000000e+00 1.937282196260708744e+00
1.049326246408750052e+01 -1.000000000000000000e+00 1.923236686862243250e+00
1.044242143696076042e+01 -1.000000000000000000e+00 1.909293424466876887e+00
1.039182674028160314e+01 -1.000000000000000000e+00 1.895451666860650697e+00
1.034147718055152332e+01 -1.000000000000000000e+00 1.881710677449489166e+00
1.029137157005465930e+01 -1.000000000000000000e+00 1.868069724913059115e+00
1.024150872682976754e+01 -1.000000000000000000e+00 1.854528083291666185e+00
1.019188747464232669e+01 -1.000000000000000000e+00 1.841085031653257875e+00
1.014250664295682469e+01 -1.000000000000000000e+00 1.827739854764479421e+00
1.009336506690910440e+01 -1.000000000000000000e+00 1.814491842241260144e+00
1.004446158727891181e+01 -1.000000000000000000e+00 1.801340289098819714e+00
9.995795050462545461e+00 -1.000000000000000000e+00 1.788284495363110960e+00
9.947364308445646230e+00 -1.000000000000000000e+00 1.775323766430126016e+00
9.899168218776102535e+00 -1.000000000000000000e+00 1.762457412232441678e+00
9.851205644537122552e+00 -1.000000000000000000e+00 1.749684748218841124e+00
9.803475454320395244e+00 -1.000000000000000000e+00 1.737005094781537640e+00
9.755976522199407697e+00 -1.000000000000000000e+00 1.724417777014768616e+00
9.708707727702895696e+00 -1.000000000000000000e+00 1.711922125075391987e+00
9.661667955788391993e+00 -1.000000000000000000e+00 1.699517474176050591e+00
9.614856096815945108e+00 -1.000000000000000000e+00 1.687203164034045022e+00
9.568271046521925172e+00 -1.000000000000000000e+00 1.674978539557992141e+00
9.521911705992984309e+00 -1.000000000000000000e+00 1.662842949998168063e+00
9.475776981640137819e+00 -1.000000000000000000e+00 1.650795749861227568e+00
9.429865785172951931e+00 -1.000000000000000000e+00 1.638836297903419004e+00
9.384177033573891435e+00 -1.000000000000000000e+00 1.626963957903679869e+00
9.338709649072754360e+00 -1.000000000000000000e+00 1.615178097903402721e+00
9.293462559121259403e+00 -1.000000000000000000e+00 1.603478091050273280e+00
9.248434696367741736e+00 -1.000000000000000000e+00 1.591863314767818949e+00
9.203624998631971366e+00 -1.000000000000000000e+00 1.580333150903748596e+00
9.159032408880101173e+00 -1.000000000000000000e+00 1.568886986114307769e+00
9.114655875199733970e+00 -1.000000000000000000e+00 1.557524211343215281e+00
9.070494350775099690e+00 -1.000000000000000000e+00 1.546244221933953611e+00
9.026546793862374685e+00 -1.000000000000000000e+00 1.535046417900884252e+00
8.982812167765095168e+00 -1.000000000000000000e+00 1.523930203274731943e+00
8.939289440809705667e+00 -1.000000000000000000e+00 1.512894986718878787e+00
8.895977586321230035e+00 -1.000000000000000000e+00 1.501940181199399538e+00
8.852875582599041948e+00 -1.000000000000000000e+00 1.491065203716176679e+00
8.809982412892773951e+00 -1.000000000000000000e+00 1.480269475819081304e+00
8.767297065378322429e+00 -1.000000000000000000e+00 1.469552423113973605e+00
8.724818533133982257e+00 -1.000000000000000000e+00 1.458913475456272257e+00
8.682545814116707561e+00 -1.000000000000000000e+00 1.448352066810144168e+00
8.640477911138448874e+00 -1.000000000000000000e+00 1.437867635337940486e+00
8.598613831842655486e+00 -1.000000000000000000e+00 1.427459623249410781e+00
8.556952588680847072e+00 -1.000000000000000000e+00 1.417127476846008038e+00
8.515493198889327431e+00 -1.000000000000000000e+00 1.406870646504828848e+00
8.474234684466006584e+00 -1.000000000000000000e+00 1.396688586543870070e+00
8.433176072147313462e+00 -1.000000000000000000e+00 1.386580755340005799e+00
8.392316393385256035e+00 -1.000000000000000000e+00 1.376546615145641805e+00
8.351654684324561373e+00 -1.000000000000000000e+00 1.366585632214972090e+00
8.311189985779940059e+00 -1.000000000000000000e+00 1.356697276651826600e+00
8.270921343213473165e+00 -1.000000000000000000e+00 1.346881022436119846e+00
8.230847806712070280e+00 -1.000000000000000000e+00 1.337136347405920134e+00
8.190968430965085645e+00 -1.000000000000000000e+00 1.327462733170655884e+00
8.151282275242005326e+00 -1.000000000000000000e+00 1.317859665204194064e+00
8.111788403370260525e+00 -1.000000000000000000e+00 1.308326632619704721e+00
8.072485883713145682e+00 -1.000000000000000000e+00 1.298863128406150480e+00
8.033373789147832511e+00 -1.000000000000000000e+00 1.289468649130892208e+00
7.994451197043510149e+00 -1.000000000000000000e+00 1.280142695070126457e+00
7.955717189239619458e+00 -1.000000000000000000e+00 1.270884770188574153e+00
7.917170852024185024e+00 -1.000000000000000000e+00 1.261694382050542407e+00
7.878811276112275941e+00 -1.000000000000000000e+00 1.252571041808889563e+00
7.840637556624542093e+00 -1.000000000000000000e+00 1.243514264184927054e+00
7.802648793065874777e+00 -1.000000000000000000e+00 1.234523567454629989e+00
7.764844089304171249e+00 -1.000000000000000000e+00 1.225598473448745507e+00
7.727222553549178308e+00 -1.000000000000000000e+00 1.216738507414566905e+00
7.689783298331476225e+00 -1.000000000000000000e+00 1.207943198096946613e+00
7.652525440481527497e+00 -1.000000000000000000e+00 1.199212077727024983e+00
7.615448101108849066e+00 -1.000000000000000000e+00 1.190544681912516278e+00
7.578550405581285787e+00 -1.000000000000000000e+00 1.181940549637437776e+00
7.541831483504365607e+00 -1.000000000000000000e+00 1.173399223314448125e+00
7.505290468700782647e+00 -1.000000000000000000e+00 1.164920248627047128e+00
7.468926499189950441e+00 -1.000000000000000000e+00 1.156503174654395893e+00
7.432738717167675979e+00 -1.000000000000000000e+00 1.148147553708972701e+00
7.396726268985927000e+00 -1.000000000000000000e+00 1.139852941399751352e+00
7.360888305132685439e+00 -1.000000000000000000e+00 1.131618896604524638e+00
7.325223980211916341e+00 -1.000000000000000000e+00 1.123444981375865570e+00
7.289732452923625594e+00 -1.000000000000000000e+00 1.115330761005401294e+00
7.254412886044006470e+00 -1.000000000000000000e+00 1.107275803950334758e+00
7.219264446405698976e+00 -1.000000000000000000e+00 1.099279681822191934e+00
7.184286304878130913e+00 -1.000000000000000000e+00 1.091341969368183840e+00
7.149477636347955745e+00 -1.000000000000000000e+00 1.083462244473542224e+00
7.114837619699600602e+00 -1.000000000000000000e+00 1.075640088029760522e+00
7.080365437795883565e+00 -1.000000000000000000e+00 1.067875084073702130e+00
7.046060277458748189e+00 -1.000000000000000000e+00 1.060166819632544888e+00
7.011921329450071738e+00 -1.000000000000000000e+00 1.052514884809732099e+00
6.977947788452580014e+00 -1.000000000000000000e+00 1.044918872646140251e+00
6.944138853050858096e+00 -1.000000000000000000e+00 1.037378379183096833e+00
6.910493725712428592e+00 -1.000000000000000000e+00 1.029893003450526034e+00
6.877011612768956894e+00 -1.000000000000000000e+00 1.022462347306560382e+00
6.843691724397514164e+00 -1.000000000000000000e+00 1.015086015671092801e+00
6.810533274601950460e+00 -1.000000000000000000e+00 1.007763616239236493e+00
6.777535481194361999e+00 -1.000000000000000000e+00 1.000494759610701445e+00
6.744697565776626824e+00 -1.000000000000000000e+00 9.932790592635335480e-01
6.712018753722047926e+00 -1.000000000000000000e+00 9.861161314675191969e-01
6.679498274157086968e+00 -1.000000000000000000e+00 9.790055952891477675e-01
6.647135359943166399e+00 -1.000000000000000000e+00 9.719470726512058345e-01
6.614929247658589695e+00 -1.000000000000000000e+00 9.649401881402666081e-01
6.582879177580514884e+00 -1.000000000000000000e+00 9.579845692196624629e-01
6.550984393667044436e+00 -1.000000000000000000e+00 9.510798459481071276e-01
6.519244143539392411e+00 -1.000000000000000000e+00 9.442256512025363202e-01
6.487657678464126221e+00 -1.000000000000000000e+00 9.374216204549782328e-01
6.456224253335514973e+00 -1.000000000000000000e+00 9.306673919330042954e-01
6.424943126657945314e+00 -1.000000000000000000e+00 9.239626064089189184e-01
6.393813560528431417e+00 -1.000000000000000000e+00 9.173069074239892373e-01
6.362834820619215570e+00 -1.000000000000000000e+00 9.106999410040981235e-01
6.332006176160432709e+00 -1.000000000000000000e+00 9.041413558274241646e-01
6.301326899922886859e+00 -1.000000000000000000e+00 8.976308031541104793e-01
6.270796268200880874e+00 -1.000000000000000000e+00 8.911679367613805081e-01
6.240413560795157188e+00 -1.000000000000000000e+00 8.847524129840544926e-01
6.210178060995904303e+00 -1.000000000000000000e+00 8.783838906707812644e-01
6.180089055565845868e+00 -1.000000000000000000e+00 8.720620311868718666e-01
6.150145834723425686e+00 -1.000000000000000000e+00 8.657864983631184952e-01
6.120347692126052230e+00 -1.000000000000000000e+00 8.595569584979837474e-01
6.090693924853444408e+00 -1.000000000000000000e+00 8.533730802888231937e-01
6.061183833391052822e+00 -1.000000000000000000e+00 8.472345349832182126e-01
6.031816721613547649e+00 -1.000000000000000000e+00 8.411409961222139353e-01
6.002591896768405988e+00 -1.000000000000000000e+00 8.350921396651188600e-01
5.973508669459571152e+00 -1.000000000000000000e+00 8.290876439767483896e-01
5.944566353631183908e+00 -1.000000000000000000e+00 8.231271897974669072e-01
5.915764266551403416e+00 -1.000000000000000000e+00 8.172104601243702637e-01
5.887101728796301892e+00 -1.000000000000000000e+00 8.113371403723783626e-01
5.858578064233832094e+00 -1.000000000000000000e+00 8.055069182158705043e-01
5.830192600007887194e+00 -1.000000000000000000e+00 7.997194836135482765e-01
5.801944666522419247e+00 -1.000000000000000000e+00 7.939745288403804446e-01
5.773833597425652719e+00 -1.000000000000000000e+00 7.882717483783382439e-01
5.745858729594354841e+00 -1.000000000000000000e+00 7.826108389839352419e-01
5.718019403118201005e+00 -1.000000000000000000e+00 7.769914996603903834e-01
5.690314961284209438e+00 -1.000000000000000000e+00 7.714134315490673854e-01
5.662744750561238938e+00 -1.000000000000000000e+00 7.658763380668617282e-01
5.635308120584587854e+00 -1.000000000000000000e+00 7.603799247431888286e-01
5.608004424140637489e+00 -1.000000000000000000e+00 7.549238993215533489e-01
5.580833017151592301e+00 -1.000000000000000000e+00 7.495079716172410311e-01
5.553793258660289389e+00 -1.000000000000000000e+00 7.441318536786916127e-01
5.526884510815071927e+00 -1.000000000000000000e+00 7.387952596149292006e-01
5.500106138854743421e+00 -1.000000000000000000e+00 7.334979055880848087e-01
5.473457511093601013e+00 -1.000000000000000000e+00 7.282395099390388538e-01
5.446937998906525635e+00 -1.000000000000000000e+00 7.230197930162097775e-01
5.420546976714160969e+00 -1.000000000000000000e+00 7.178384772415861148e-01
5.394283821968147485e+00 -1.000000000000000000e+00 7.126952870684047925e-01
5.368147915136444404e+00 -1.000000000000000000e+00 7.075899490071190234e-01
5.342138639688715607e+00 -1.000000000000000000e+00 7.025221915052696220e-01
5.316255382081775949e+00 -1.000000000000000000e+00 6.974917451009445823e-01
5.290497531745134374e+00 -1.000000000000000000e+00 6.924983422774064756e-01
5.264864481066576118e+00 -1.000000000000000000e+00 6.875417174114636376e-01
5.239355625377834613e+00 -1.000000000000000000e+00 6.826216069509595252e-01
5.213970362940333558e+00 -1.000000000000000000e+00 6.777377492316403185e-01
5.188708094930981396e+00 -1.000000000000000000e+00 6.728898844835572435e-01
5.163568225428057268e+00 -1.000000000000000000e+00 6.680777548859675452e-01
5.138550161397143157e+00 -1.000000000000000000e+00 6.633011045069184819e-01
5.113653312677138629e+00 -1.000000000000000000e+00 6.585596792941647015e-01
5.088877091966343968e+00 -1.000000000000000000e+00 6.538532270831752813e-01
5.064220914808595708e+00 -1.000000000000000000e+00 6.491814975538674481e-01
5.039684199579492763e+00 -1.000000000000000000e+00 6.445442421901639296e-01
5.015266367472662523e+00 -1.000000000000000000e+00 6.399412143679941156e-01
4.990966842486115773e+00 -1.000000000000000000e+00 6.353721692511273833e-01
4.966785051408660223e+00 -1.000000000000000000e+00 6.308368637926690115e-01
4.942720423806373553e+00 -1.000000000000000000e+00 6.263350567773117161e-01
4.918772392009146621e+00 -1.000000000000000000e+00 6.218665087330498276e-01
4.894940391097301280e+00 -1.000000000000000000e+00 6.174309819397973964e-01
4.871223858888251712e+00 -1.000000000000000000e+00 6.130282404903618643e-01
4.847622235923256362e+00 -1.000000000000000000e+00 6.086580501386346098e-01
4.824134965454208945e+00 -1.000000000000000000e+00 6.043201784094749396e-01
4.800761493430508509e+00 -1.000000000000000000e+00 6.000143945727843819e-01
4.777501268485996100e+00 -1.000000000000000000e+00 5.957404695198215139e-01
4.754353741925939403e+00 -1.000000000000000000e+00 5.914981758853510296e-01
4.731318367714095530e+00 -1.000000000000000000e+00 5.872872879727257800e-01
4.708394602459827105e+00 -1.000000000000000000e+00 5.831075817538881045e-01
4.685581905405284076e+00 -1.000000000000000000e+00 5.789588348367818993e-01
4.662879738412651243e+00 -1.000000000000000000e+00 5.748408264948321467e-01
4.640287565951446425e+00 -1.000000000000000000e+00 5.707533375733275793e-01
4.617804855085898552e+00 -1.000000000000000000e+00 5.666961506392528269e-01
4.595431075462365733e+00 -1.000000000000000000e+00 5.626690497693630499e-01
4.573165699296827924e+00 -1.000000000000000000e+00 5.586718206710737933e-01
4.551008201362440886e+00 -1.000000000000000000e+00 5.547042506350829960e-01
4.528958058977138990e+00 -1.000000000000000000e+00 5.507661285183156341e-01
4.507014751991315293e+00 -1.000000000000000000e+00 5.468572447447256346e-01
4.485177762775539811e+00 -1.000000000000000000e+00 5.429773912643219846e-01
4.463446576208356831e+00 -1.000000000000000000e+00 5.391263615984958069e-01
4.441820679664133742e+00 -1.000000000000000000e+00 5.353039507697964217e-01
4.420299563000963161e+00 -1.000000000000000000e+00 5.315099553136026778e-01
4.398882718548633441e+00 -1.000000000000000000e+00 5.277441733070589169e-01
4.377569641096653363e+00 -1.000000000000000000e+00 5.240064042382205356e-01
4.356359827882329228e+00 -1.000000000000000000e+00 5.202964491760215804e-01
4.335252778578913002e+00 -1.000000000000000000e+00 5.166141106082708934e-01
4.314247995283793102e+00 -1.000000000000000000e+00 5.129591924747992637e-01
4.293344982506749119e+00 -1.000000000000000000e+00 5.093315001952011256e-01
4.272543247158273161e+00 -1.000000000000000000e+00 5.057308405898112147e-01
4.251842298537922282e+00 -1.000000000000000000e+00 5.021570219766960941e-01
4.231241648322759730e+00 -1.000000000000000000e+00 4.986098540039188842e-01
4.210740810555822833e+00 -1.000000000000000000e+00 4.950891477834779009e-01
4.190339301634665503e+00 -1.000000000000000000e+00 4.915947158417584562e-01
4.170036640299952246e+00 -1.000000000000000000e+00 4.881263720298424924e-01
4.149832347624099249e+00 -1.000000000000000000e+00 4.846839316458971814e-01
4.129725946999982078e+00 -1.000000000000000000e+00 4.812672112985044159e-01
4.109716964129689565e+00 -1.000000000000000000e+00 4.778760289901065605e-01
4.089804927013338087e+00 -1.000000000000000000e+00 4.745102040619560979e-01
4.069989365937938253e+00 -1.000000000000000000e+00 4.711695572004256927e-01
4.050269813466305990e+00 -1.000000000000000000e+00 4.678539103674840272e-01
4.030645804426050027e+00 -1.000000000000000000e+00 4.645630869595922530e-01
4.011116875898586009e+00 -1.000000000000000000e+00 4.612969115520028640e-01
3.991682567208223897e+00 -1.000000000000000000e+00 4.580552101058493752e-01
3.972342419911298883e+00 -1.000000000000000000e+00 4.548378098377005574e-01
3.953095977785356485e+00 -1.000000000000000000e+00 4.516445392662336022e-01
3.933942786818389159e+00 -1.000000000000000000e+00 4.484752281522966233e-01
3.914882395198131970e+00 -1.000000000000000000e+00 4.453297075370059033e-01
3.895914353301396460e+00 -1.000000000000000000e+00 4.422078097315730871e-01
3.877038213683473344e+00 -1.000000000000000000e+00 4.391093682361004724e-01
3.858253531067569408e+00 -1.000000000000000000e+00 4.360342178603768826e-01
3.839559862334306573e+00 -1.000000000000000000e+00 4.329821945727652666e-01
3.820956766511273361e+00 -1.000000000000000000e+00 4.299531355988504555e-01
3.802443804762614565e+00 -1.000000000000000000e+00 4.269468793521543626e-01
3.784020540378687958e+00 -1.000000000000000000e+00 4.239632654592444538e-01
3.765686538765754765e+00 -1.000000000000000000e+00 4.210021347258273150e-01
3.747441367435731863e+00 -1.000000000000000000e+00 4.180633291550091002e-01
3.729284595995991491e+00 -1.000000000000000000e+00 4.151466918799547878e-01
3.711215796139202272e+00 -1.000000000000000000e+00 4.122520672600115677e-01
3.693234541633234613e+00 -1.000000000000000000e+00 4.093793007665037509e-01
3.675340408311096763e+00 -1.000000000000000000e+00 4.065282390166934379e-01
3.657532974060934361e+00 -1.000000000000000000e+00 4.036987297997798319e-01
3.639811818816074407e+00 -1.000000000000000000e+00 4.008906220025471034e-01
3.622176524545111409e+00 -1.000000000000000000e+00 3.981037656489198606e-01
3.604626675242048162e+00 -1.000000000000000000e+00 3.953380118722981118e-01
3.587161856916485814e+00 -1.000000000000000000e+00 3.925932129130386694e-01
3.569781657583852130e+00 -1.000000000000000000e+00 3.898692220870282887e-01
3.552485667255688817e+00 -1.000000000000000000e+00 3.871658938438395925e-01
3.535273477929974817e+00 -1.000000000000000000e+00 3.844830837061645190e-01
3.518144683581505117e+00 -1.000000000000000000e+00 3.818206482060883533e-01
3.501098880152314408e+00 -1.000000000000000000e+00 3.791784450075543211e-01
3.484135665542139382e+00 -1.000000000000000000e+00 3.765563328423345846e-01
3.467254639598941424e+00 -1.000000000000000000e+00 3.739541713878969387e-01
3.450455404109459501e+00 -1.000000000000000000e+00 3.713718215089167329e-01
3.433737562789822118e+00 -1.000000000000000000e+00 3.688091449685934053e-01
3.417100721276198350e+00 -1.000000000000000000e+00 3.662660046680135117e-01
3.400544487115491066e+00 -1.000000000000000000e+00 3.637422644501225322e-01
3.384068469756085218e+00 -1.000000000000000000e+00 3.612377891724478096e-01
3.367672280538630769e+00 -1.000000000000000000e+00 3.587524447521243665e-01
3.351355532686873584e+00 -1.000000000000000000e+00 3.562860980427975388e-01
3.335117841298537389e+00 -1.000000000000000000e+00 3.538386169251532265e-01
3.318958823336237263e+00 -1.000000000000000000e+00 3.514098702293271259e-01
3.302878097618449527e+00 -1.000000000000000000e+00 3.489997277788845498e-01
3.286875284810514941e+00 -1.000000000000000000e+00 3.466080603448550845e-01
3.270950007415694749e+00 -1.000000000000000000e+00 3.442347396739807164e-01
3.255101889766264023e+00 -1.000000000000000000e+00 3.418796384576875402e-01
3.239330558014649419e+00 -1.000000000000000000e+00 3.395426303454543437e-01
3.223635640124609569e+00 -1.000000000000000000e+00 3.372235898842332880e-01
3.208016765862463426e+00 -1.000000000000000000e+00 3.349223925915003619e-01
3.192473566788349704e+00 -1.000000000000000000e+00 3.326389148938157514e-01
3.177005676247542265e+00 -1.000000000000000000e+00 3.303730341412928206e-01
3.161612729361796159e+00 -1.000000000000000000e+00 3.281246285317492295e-01
3.146294363020742946e+00 -1.000000000000000000e+00 3.258935772716778367e-01
3.131050215873325104e+00 -1.000000000000000000e+00 3.236797603692716518e-01
3.115879928319269521e+00 -1.000000000000000000e+00 3.214830587789096472e-01
3.100783142500608047e+00 -1.000000000000000000e+00 3.193033542836697936e-01
3.085759502293233592e+00 -1.000000000000000000e+00 3.171405295811182135e-01
3.070808653298500612e+00 -1.000000000000000000e+00 3.149944682385913408e-01
3.055930242834864696e+00 -1.000000000000000000e+00 3.128650546617062767e-01
3.041123919929561215e+00 -1.000000000000000000e+00 3.107521741086959888e-01
3.026389335310330164e+00 -1.000000000000000000e+00 3.086557127029623260e-01
3.011726141397172096e+00 -1.000000000000000000e+00 3.065755573876597362e-01
2.997133992294154226e+00 -1.000000000000000000e+00 3.045115959543994721e-01
2.982612543781245407e+00 -1.000000000000000000e+00 3.024637170122883578e-01
2.968161453306199959e+00 -1.000000000000000000e+00 3.004318100307225015e-01
2.953780379976477466e+00 -1.000000000000000000e+00 2.984157652056674825e-01
2.939468984551197650e+00 -1.000000000000000000e+00 2.964154736349903785e-01
2.925226929433141887e+00 -1.000000000000000000e+00 2.944308271837227653e-01
2.911053878660785799e+00 -1.000000000000000000e+00 2.924617184721801655e-01
2.896949497900378478e+00 -1.000000000000000000e+00 2.905080409851270029e-01
2.882913454438051915e+00 -1.000000000000000000e+00 2.885696889157026712e-01
2.868945417171973933e+00 -1.000000000000000000e+00 2.866465572648097537e-01
2.855045056604537557e+00 -1.000000000000000000e+00 2.847385418364437037e-01
2.841212044834588557e+00 -1.000000000000000000e+00 2.828455391390616303e-01
2.827446055549691639e+00 -1.000000000000000000e+00 2.809674464694659757e-01
2.813746764018429936e+00 -1.000000000000000000e+00 2.791041618831037185e-01
2.800113847082747132e+00 -1.000000000000000000e+00 2.772555841618468686e-01
2.786546983150323786e+00 -1.000000000000000000e+00 2.754216128291263055e-01
2.773045852186990956e+00 -1.000000000000000000e+00 2.736021481773566744e-01
2.759610135709181566e+00 -1.000000000000000000e+00 2.717970911803380130e-01
2.746239516776416423e+00 -1.000000000000000000e+00 2.700063435341646945e-01
2.732933679983828412e+00 -1.000000000000000000e+00 2.682298076993400726e-01
2.719692311454721789e+00 -1.000000000000000000e+00 2.664673867701117249e-01
2.706515098833168764e+00 -1.000000000000000000e+00 2.647189846312665851e-01
2.693401731276640731e+00 -1.000000000000000000e+00 2.629845057730393898e-01
2.680351899448676800e+00 -1.000000000000000000e+00 2.612638554840300831e-01
2.667365295511584300e+00 -1.000000000000000000e+00 2.595569396283882724e-01
2.654441613119178811e+00 -1.000000000000000000e+00 2.578636648234083339e-01
2.641580547409557944e+00 -1.000000000000000000e+00 2.561839383296065087e-01
2.628781794997908872e+00 -1.000000000000000000e+00 2.545176680892808352e-01
2.616045053969352718e+00 -1.000000000000000000e+00 2.528647627273787890e-01
2.603370023871820038e+00 -1.000000000000000000e+00 2.512251314739782915e-01
2.590756405708967591e+00 -1.000000000000000000e+00 2.495986842548876261e-01
2.578203901933120434e+00 -1.000000000000000000e+00 2.479853316311225742e-01
2.565712216438257087e+00 -1.000000000000000000e+00 2.463849847959460326e-01
2.553281054553022233e+00 -1.000000000000000000e+00 2.447975555761101041e-01
2.540910123033775392e+00 -1.000000000000000000e+00 2.432229564520602128e-01
2.528599130057675115e+00 -1.000000000000000000e+00 2.416611004871852819e-01
2.516347785215794275e+00 -1.000000000000000000e+00 2.401119014199076251e-01
2.504155799506269098e+00 -1.000000000000000000e+00 2.385752735381035661e-01
2.492022885327481063e+00 -1.000000000000000000e+00 2.370511317944969387e-01
2.479948756471275217e+00 -1.000000000000000000e+00 2.355393916829826295e-01
2.467933128116206465e+00 -1.000000000000000000e+00 2.340399693751566979e-01
2.455975716820821386e+00 -1.000000000000000000e+00 2.325527815697538137e-01
2.444076240516971144e+00 -1.000000000000000000e+00 2.310777455543424896e-01
2.432234418503159912e+00 -1.000000000000000000e+00 2.296147792242709818e-01
2.420449971437920844e+00 -1.000000000000000000e+00 2.281638010643705083e-01
2.408722621333228453e+00 -1.000000000000000000e+00 2.267247300637789953e-01
2.397052091547940300e+00 -1.000000000000000000e+00 2.252974858566091088e-01
2.385438106781269774e+00 -1.000000000000000000e+00 2.238819885798145337e-01
2.373880393066295280e+00 -1.000000000000000000e+00 2.224781589511440338e-01
2.362378677763493418e+00 -1.000000000000000000e+00 2.210859182194767902e-01
2.350932689554312116e+00 -1.000000000000000000e+00 2.197051882183882476e-01
2.339542158434765540e+00 -1.000000000000000000e+00 2.183358912877614022e-01
2.328206815709068511e+00 -1.000000000000000000e+00 2.169779502846684860e-01
2.316926393983297139e+00 -1.000000000000000000e+00 2.156312886398040196e-01
2.305700627159080529e+00 -1.000000000000000000e+00 2.142958302787312252e-01
2.294529250427323586e+00 -1.000000000000000000e+00 2.129714996599554877e-01
2.283412000261961783e+00 -1.000000000000000000e+00 2.116582217567164470e-01
2.272348614413743029e+00 -1.000000000000000000e+00 2.103559220314684397e-01
2.261338831904042390e+00 -1.000000000000000000e+00 2.090645264930114100e-01
2.250382393018705685e+00 -1.000000000000000000e+00 2.077839615992011779e-01
2.239479039301922825e+00 -1.000000000000000000e+00 2.065141543435075056e-01
2.228628513550129586e+00 -1.000000000000000000e+00 2.052550321733381811e-01
2.217830559805944013e+00 -1.000000000000000000e+00 2.040065230753141112e-01
2.207084923352124139e+00 -1.000000000000000000e+00 2.027685554422655467e-01
2.196391350705563461e+00 -1.000000000000000000e+00 2.015410582245192594e-01
2.185749589611306831e+00 -1.000000000000000000e+00 2.003239607774125464e-01
2.175159389036604995e+00 -1.000000000000000000e+00 1.991171929444696953e-01
2.164620499164988665e+00 -1.000000000000000000e+00 1.979206850408158636e-01
2.154132671390378118e+00 -1.000000000000000000e+00 1.967343678496619175e-01
2.143695658311217667e+00 -1.000000000000000000e+00 1.955581725684283068e-01
2.133309213724639886e+00 -1.000000000000000000e+00 1.943920308535126984e-01
2.122973092620656477e+00 -1.000000000000000000e+00 1.932358748381314550e-01
2.112687051176382003e+00 -1.000000000000000000e+00 1.920896370570794875e-01
2.102450846750278490e+00 -1.000000000000000000e+00 1.909532504870382619e-01
2.092264237876433342e+00 -1.000000000000000000e+00 1.898266485496422906e-01
2.082126984258864333e+00 -1.000000000000000000e+00 1.887097650701119456e-01
2.072038846765849041e+00 -1.000000000000000000e+00 1.876025343096989484e-01
2.061999587424285352e+00 -1.000000000000000000e+00 1.865048909429537494e-01
2.052008969414077288e+00 -1.000000000000000000e+00 1.854167700612346648e-01
2.042066757062548366e+00 -1.000000000000000000e+00 1.843381071452062647e-01
2.032172715838882926e+00 -1.000000000000000000e+00 1.832688380937543549e-01
2.022326612348593677e+00 -1.000000000000000000e+00 1.822088992141863428e-01
2.012528214328014098e+00 -1.000000000000000000e+00 1.811582271671830224e-01
2.002777290638823260e+00 -1.000000000000000000e+00 1.801167590638480809e-01
1.993073611262589306e+00 -1.000000000000000000e+00 1.790844323584843967e-01
1.983416947295346011e+00 -1.000000000000000000e+00 1.780611848950311715e-01
1.973807070942192432e+00 -1.000000000000000000e+00 1.770469549106791496e-01
1.964243755511919431e+00 -1.000000000000000000e+00 1.760416810002017607e-01
1.954726775411661732e+00 -1.000000000000000000e+00 1.750453021195769732e-01
1.945255906141577062e+00 -1.000000000000000000e+00 1.740577576419554684e-01
1.935830924289549504e+00 -1.000000000000000000e+00 1.730789872387593631e-01
1.926451607525920373e+00 -1.000000000000000000e+00 1.721089309697290126e-01
1.917117734598242418e+00 -1.000000000000000000e+00 1.711475292535510617e-01
1.907829085326061103e+00 -1.000000000000000000e+00 1.701947228354185326e-01
1.898585440595720986e+00 -1.000000000000000000e+00 1.692504528503109562e-01
1.889386582355197186e+00 -1.000000000000000000e+00 1.683146607159313468e-01
1.880232293608950611e+00 -1.000000000000000000e+00 1.673872882387001104e-01
1.871122358412809605e+00 -1.000000000000000000e+00 1.664682775375968538e-01
1.862056561868876470e+00 -1.000000000000000000e+00 1.655575710595890981e-01
1.853034690120458183e+00 -1.000000000000000000e+00 1.646551115970607271e-01
1.844056530347020217e+00 -1.000000000000000000e+00 1.637608422534358177e-01
1.835121870759168550e+00 -1.000000000000000000e+00 1.628747064476790685e-01
1.826230500593651218e+00 -1.000000000000000000e+00 1.619966479406590720e-01
1.817382210108388074e+00 -1.000000000000000000e+00 1.611266107610362097e-01
1.808576790577523408e+00 -1.000000000000000000e+00 1.602645392982660344e-01
1.799814034286500775e+00 -1.000000000000000000e+00 1.594103782086156162e-01
1.791093734527164028e+00 -1.000000000000000000e+00 1.585640724922632860e-01
1.782415685592881660e+00 -1.000000000000000000e+00 1.577255673883381226e-01
1.773779682773692912e+00 -1.000000000000000000e+00 1.568948084928925568e-01
1.765185522351480518e+00 -1.000000000000000000e+00 1.560717416568581928e-01
1.756633001595163446e+00 -1.000000000000000000e+00 1.552563130443170292e-01
1.748121918755915827e+00 -1.000000000000000000e+00 1.544484690891663181e-01
1.739652073062406989e+00 -1.000000000000000000e+00 1.536481565226154866e-01
1.731223264716066135e+00 -1.000000000000000000e+00 1.528553223578406062e-01
1.722835294886368551e+00 -1.000000000000000000e+00 1.520699138504077730e-01
1.714487965706145589e+00 -1.000000000000000000e+00 1.512918785668065647e-01
1.706181080266917727e+00 -1.000000000000000000e+00 1.505211643579242864e-01
1.697914442614247843e+00 -1.000000000000000000e+00 1.497577192839743832e-01
1.689687857743120913e+00 -1.000000000000000000e+00 1.490014917376003001e-01
1.681501131593342580e+00 -1.000000000000000000e+00 1.482524303301565594e-01
1.673354071044961922e+00 -1.000000000000000000e+00 1.475104839482130892e-01
1.665246483913715103e+00 -1.000000000000000000e+00 1.467756017361576126e-01
1.657178178946493441e+00 -1.000000000000000000e+00 1.460477330907299365e-01
1.649148965816830570e+00 -1.000000000000000000e+00 1.453268276638959022e-01
1.641158655120412480e+00 -1.000000000000000000e+00 1.446128353537682321e-01
1.633207058370610865e+00 -1.000000000000000000e+00 1.439057063060244501e-01
1.625293987994036016e+00 -1.000000000000000000e+00 1.432053909122974755e-01
1.617419257326112358e+00 -1.000000000000000000e+00 1.425118398071219261e-01
1.609582680606674421e+00 -1.000000000000000000e+00 1.418250038609039643e-01
1.601784072975585893e+00 -1.000000000000000000e+00 1.411448341876765933e-01
1.594023250468378672e+00 -1.000000000000000000e+00 1.404712821312032456e-01
1.586300030011912332e+00 -1.000000000000000000e+00 1.398042992718069311e-01
1.578614229420057358e+00 -1.000000000000000000e+00 1.391438374179153892e-01
1.570965667389394804e+00 -1.000000000000000000e+00 1.384898486074112034e-01
1.563354163494942384e+00 -1.000000000000000000e+00 1.378422851078831557e-01
1.555779538185896316e+00 -1.000000000000000000e+00 1.372010994071170553e-01
1.548241612781396714e+00 -1.000000000000000000e+00 1.365662442180280711e-01
1.540740209466312072e+00 -1.000000000000000000e+00 1.359376724758119548e-01
1.533275151287045501e+00 -1.000000000000000000e+00 1.353153373310982399e-01
1.525846262147359633e+00 -1.000000000000000000e+00 1.346991921550060034e-01
1.518453366804223048e+00 -1.000000000000000000e+00 1.340891905316917432e-01
1.511096290863676916e+00 -1.000000000000000000e+00 1.334852862600033052e-01
1.503774860776719624e+00 -1.000000000000000000e+00 1.328874333504797833e-01
1.496488903835214712e+00 -1.000000000000000000e+00 1.322955860249864501e-01
1.489238248167815470e+00 -1.000000000000000000e+00 1.317096987132572450e-01
1.482022722735911069e+00 -1.000000000000000000e+00 1.311297260548969501e-01
1.474842157329592007e+00 -1.000000000000000000e+00 1.305556228910123295e-01
1.467696382563634439e+00 -1.000000000000000000e+00 1.299873442719307881e-01
1.460585229873505142e+00 -1.000000000000000000e+00 1.294248454495309786e-01
1.453508531511384705e+00 -1.000000000000000000e+00 1.288680818762283353e-01
1.446466120542210909e+00 -1.000000000000000000e+00 1.283170092076356961e-01
1.439457830839739882e+00 -1.000000000000000000e+00 1.277715832984873401e-01
1.432483497082628565e+00 -1.000000000000000000e+00 1.272317602002034365e-01
1.425542954750534053e+00 -1.000000000000000000e+00 1.266974961642201858e-01
1.418636040120232700e+00 -1.000000000000000000e+00 1.261687476358386850e-01
1.411762590261758321e+00 -1.000000000000000000e+00 1.256454712583428002e-01
1.404922443034558599e+00 -1.000000000000000000e+00 1.251276238675092800e-01
1.398115437083670143e+00 -1.000000000000000000e+00 1.246151624928136109e-01
1.391341411835912201e+00 -1.000000000000000000e+00 1.241080443564121089e-01
1.384600207496099689e+00 -1.000000000000000000e+00 1.236062268743381570e-01
1.377891665043272207e+00 -1.000000000000000000e+00 1.231096676539735479e-01
1.371215626226944151e+00 -1.000000000000000000e+00 1.226183244863435357e-01
1.364571933563370809e+00 -1.000000000000000000e+00 1.221321553629332451e-01
1.357960430331834223e+00 -1.000000000000000000e+00 1.216511184568498660e-01
1.351380960570945478e+00 -1.000000000000000000e+00 1.211751721329042270e-01
1.344833369074965868e+00 -1.000000000000000000e+00 1.207042749436407214e-01
1.338317501390146269e+00 -1.000000000000000000e+00 1.202383856268761236e-01
1.331833203811082722e+00 -1.000000000000000000e+00 1.197774631135098133e-01
1.325380323377091329e+00 -1.000000000000000000e+00 1.193214665147210307e-01
1.318958707868600033e+00 -1.000000000000000000e+00 1.188703551312455114e-01
1.312568205803556820e+00 -1.000000000000000000e+00 1.184240884524871973e-01
1.306208666433857912e+00 -1.000000000000000000e+00 1.179826261495215411e-01
1.299879939741790613e+00 -1.000000000000000000e+00 1.175459280792280209e-01
1.293581876436494360e+00 -1.000000000000000000e+00 1.171139542878207040e-01
1.287314327950440207e+00 -1.000000000000000000e+00 1.166866650030150832e-01
1.281077146435924963e+00 -1.000000000000000000e+00 1.162640206415165717e-01
1.274870184761584202e+00 -1.000000000000000000e+00 1.158459818001066760e-01
1.268693296508921486e+00 -1.000000000000000000e+00 1.154325092655998919e-01
1.262546335968854017e+00 -1.000000000000000000e+00 1.150235640058943909e-01
1.256429158138276048e+00 -1.000000000000000000e+00 1.146191071774986664e-01
1.250341618716637848e+00 -1.000000000000000000e+00 1.142191001176909027e-01
1.244283574102542200e+00 -1.000000000000000000e+00 1.138235043553898901e-01
1.238254881390356443e+00 -1.000000000000000000e+00 1.134322815955455394e-01
1.232255398366841392e+00 -1.000000000000000000e+00 1.130453937371110190e-01
1.226284983507797577e+00 -1.000000000000000000e+00 1.126628028595612480e-01
1.220343495974725689e+00 -1.000000000000000000e+00 1.122844712301516445e-01
1.214430795611504577e+00 -1.000000000000000000e+00 1.119103613015877269e-01
1.208546742941084995e+00 -1.000000000000000000e+00 1.115404357105159588e-01
1.202691199162200020e+00 -1.000000000000000000e+00 1.111746572852120307e-01
1.196864026146090110e+00 -1.000000000000000000e+00 1.108129890325947192e-01
1.191065086433244602e+00 -1.000000000000000000e+00 1.104553941554239499e-01
1.185294243230160305e+00 -1.000000000000000000e+00 1.101018290731441279e-01
1.179551360406113192e+00 -1.000000000000000000e+00 1.097522714311082587e-01
1.173836302489947858e+00 -1.000000000000000000e+00 1.094066778805938694e-01
1.168148934666881855e+00 -1.000000000000000000e+00 1.090650123684706041e-01
1.162489122775325345e+00 -1.000000000000000000e+00 1.087272390325586813e-01
1.156856733303716522e+00 -1.000000000000000000e+00 1.083933222017128689e-01
1.151251633387371687e+00 -1.000000000000000000e+00 1.080632263879059418e-01
1.145673690805351752e+00 -1.000000000000000000e+00 1.077369162997298818e-01
1.140122773977342518e+00 -1.000000000000000000e+00 1.074143568326824116e-01
1.134598751960551155e+00 -1.000000000000000000e+00 1.070955130731661292e-01
1.129101494446617115e+00 -1.000000000000000000e+00 1.067803502953297429e-01
1.123630871758538818e+00 -1.000000000000000000e+00 1.064688339730516936e-01
1.118186754847613873e+00 -1.000000000000000000e+00 1.061609297625525361e-01
1.112769015290395513e+00 -1.000000000000000000e+00 1.058566035179326487e-01
1.107377525285662356e+00 -1.000000000000000000e+00 1.055558212863268175e-01
1.102012157651404811e+00 -1.000000000000000000e+00 1.052585493060479854e-01
1.096672785821823926e+00 -1.000000000000000000e+00 1.049647540074530733e-01
1.091359283844346439e+00 -1.000000000000000000e+00 1.046744020209144505e-01
1.086071526376653162e+00 -1.000000000000000000e+00 1.043874601641603950e-01
1.080809388683722450e+00 -1.000000000000000000e+00 1.041038954552090251e-01
1.075572746634887888e+00 -1.000000000000000000e+00 1.038236751044716438e-01
1.070361476700909531e+00 -1.000000000000000000e+00 1.035467665223832739e-01
1.065175455951061112e+00 -1.000000000000000000e+00 1.032731373089584431e-01
1.060014562050229037e+00 -1.000000000000000000e+00 1.030027552671761715e-01
1.054878673256026911e+00 -1.000000000000000000e+00 1.027355883955237970e-01
1.049767668415923616e+00 -1.000000000000000000e+00 1.024716048880557756e-01
1.044681426964386262e+00 -1.000000000000000000e+00 1.022107731403183034e-01
1.039619828920034905e+00 -1.000000000000000000e+00 1.019530617417928331e-01
1.034582754882812372e+00 -1.000000000000000000e+00 1.016984394835726557e-01
1.029570086031169174e+00 -1.000000000000000000e+00 1.014468753582174199e-01
1.024581704119258418e+00 -1.000000000000000000e+00 1.011983385537442021e-01
1.019617491474148263e+00 -1.000000000000000000e+00 1.009527984597088229e-01
1.014677330993044801e+00 -1.000000000000000000e+00 1.007102246656738503e-01
1.009761106140530718e+00 -1.000000000000000000e+00 1.004705869641805971e-01
1.004868700945815485e+00 -1.000000000000000000e+00 1.002338553447768565e-01
1.000000000000000000e+00 -1.000000000000000000e+00 1.000000000000000056e-01
