#           k/h    P           
    0.54502E-05    0.27124E+02
    0.56350E-05    0.28008E+02
    0.58260E-05    0.28921E+02
    0.60234E-05    0.29863E+02
    0.62276E-05    0.30836E+02
    0.64387E-05    0.31841E+02
    0.66569E-05    0.32878E+02
    0.68826E-05    0.33949E+02
    0.71159E-05    0.35056E+02
    0.73571E-05    0.36198E+02
    0.76064E-05    0.37377E+02
    0.78642E-05    0.38595E+02
    0.81308E-05    0.39853E+02
    0.84064E-05    0.41151E+02
    0.86913E-05    0.42492E+02
    0.89859E-05    0.43876E+02
    0.92905E-05    0.45306E+02
    0.96054E-05    0.46782E+02
    0.99310E-05    0.48307E+02
    0.10268E-04    0.49881E+02
    0.10616E-04    0.51506E+02
    0.10975E-04    0.53184E+02
    0.11347E-04    0.54917E+02
    0.11732E-04    0.56706E+02
    0.12130E-04    0.58554E+02
    0.12541E-04    0.60462E+02
    0.12966E-04    0.62432E+02
    0.13405E-04    0.64466E+02
    0.13860E-04    0.66566E+02
    0.14330E-04    0.68735E+02
    0.14815E-04    0.70975E+02
    0.15317E-04    0.73287E+02
    0.15837E-04    0.75675E+02
    0.16373E-04    0.78141E+02
    0.16928E-04    0.80687E+02
    0.17502E-04    0.83316E+02
    0.18095E-04    0.86031E+02
    0.18709E-04    0.88834E+02
    0.19343E-04    0.91728E+02
    0.19999E-04    0.94717E+02
    0.20676E-04    0.97803E+02
    0.21377E-04    0.10099E+03
    0.22102E-04    0.10428E+03
    0.22851E-04    0.10768E+03
    0.23625E-04    0.11119E+03
    0.24426E-04    0.11481E+03
    0.25254E-04    0.11855E+03
    0.26110E-04    0.12241E+03
    0.26995E-04    0.12640E+03
    0.27910E-04    0.13052E+03
    0.28856E-04    0.13477E+03
    0.29834E-04    0.13916E+03
    0.30846E-04    0.14370E+03
    0.31891E-04    0.14838E+03
    0.32972E-04    0.15321E+03
    0.34090E-04    0.15820E+03
    0.35245E-04    0.16336E+03
    0.36440E-04    0.16868E+03
    0.37675E-04    0.17418E+03
    0.38952E-04    0.17985E+03
    0.40272E-04    0.18571E+03
    0.41637E-04    0.19176E+03
    0.43048E-04    0.19801E+03
    0.44508E-04    0.20446E+03
    0.46016E-04    0.21112E+03
    0.47576E-04    0.21800E+03
    0.49188E-04    0.22510E+03
    0.50856E-04    0.23244E+03
    0.52580E-04    0.24001E+03
    0.54362E-04    0.24783E+03
    0.56204E-04    0.25590E+03
    0.58109E-04    0.26424E+03
    0.60079E-04    0.27284E+03
    0.62115E-04    0.28173E+03
    0.64221E-04    0.29091E+03
    0.66398E-04    0.30039E+03
    0.68648E-04    0.31017E+03
    0.70975E-04    0.32028E+03
    0.73381E-04    0.33071E+03
    0.75868E-04    0.34148E+03
    0.78439E-04    0.35260E+03
    0.81098E-04    0.36409E+03
    0.83847E-04    0.37595E+03
    0.86689E-04    0.38819E+03
    0.89627E-04    0.40084E+03
    0.92665E-04    0.41389E+03
    0.95806E-04    0.42737E+03
    0.99053E-04    0.44129E+03
    0.10241E-03    0.45566E+03
    0.10588E-03    0.47050E+03
    0.10947E-03    0.48582E+03
    0.11318E-03    0.50164E+03
    0.11702E-03    0.51797E+03
    0.12098E-03    0.53484E+03
    0.12508E-03    0.55225E+03
    0.12932E-03    0.57023E+03
    0.13371E-03    0.58880E+03
    0.13824E-03    0.60796E+03
    0.14293E-03    0.62775E+03
    0.14777E-03    0.64818E+03
    0.15278E-03    0.66928E+03
    0.15796E-03    0.69106E+03
    0.16331E-03    0.71355E+03
    0.16885E-03    0.73676E+03
    0.17457E-03    0.76073E+03
    0.18049E-03    0.78548E+03
    0.18660E-03    0.81103E+03
    0.19293E-03    0.83741E+03
    0.19947E-03    0.86464E+03
    0.20623E-03    0.89275E+03
    0.21322E-03    0.92178E+03
    0.22045E-03    0.95174E+03
    0.22792E-03    0.98268E+03
    0.23565E-03    0.10146E+04
    0.24363E-03    0.10476E+04
    0.25189E-03    0.10816E+04
    0.26043E-03    0.11167E+04
    0.26926E-03    0.11530E+04
    0.27838E-03    0.11904E+04
    0.28782E-03    0.12291E+04
    0.29757E-03    0.12689E+04
    0.30766E-03    0.13101E+04
    0.31809E-03    0.13526E+04
    0.32887E-03    0.13964E+04
    0.34002E-03    0.14417E+04
    0.35154E-03    0.14884E+04
    0.36346E-03    0.15366E+04
    0.37578E-03    0.15863E+04
    0.38851E-03    0.16376E+04
    0.40168E-03    0.16906E+04
    0.41530E-03    0.17453E+04
    0.42937E-03    0.18017E+04
    0.44393E-03    0.18598E+04
    0.45897E-03    0.19199E+04
    0.47453E-03    0.19818E+04
    0.49062E-03    0.20457E+04
    0.50724E-03    0.21116E+04
    0.52444E-03    0.21796E+04
    0.54221E-03    0.22497E+04
    0.56059E-03    0.23220E+04
    0.57959E-03    0.23966E+04
    0.59924E-03    0.24735E+04
    0.61955E-03    0.25528E+04
    0.64055E-03    0.26346E+04
    0.66226E-03    0.27189E+04
    0.68471E-03    0.28059E+04
    0.70792E-03    0.28955E+04
    0.73191E-03    0.29878E+04
    0.75672E-03    0.30830E+04
    0.78237E-03    0.31812E+04
    0.80889E-03    0.32823E+04
    0.83631E-03    0.33864E+04
    0.86465E-03    0.34938E+04
    0.89396E-03    0.36043E+04
    0.92426E-03    0.37182E+04
    0.95559E-03    0.38355E+04
    0.98798E-03    0.39563E+04
    0.10215E-02    0.40807E+04
    0.10561E-02    0.42088E+04
    0.10919E-02    0.43406E+04
    0.11289E-02    0.44763E+04
    0.11672E-02    0.46159E+04
    0.12067E-02    0.47595E+04
    0.12476E-02    0.49073E+04
    0.12899E-02    0.50593E+04
    0.13336E-02    0.52156E+04
    0.13788E-02    0.53763E+04
    0.14256E-02    0.55415E+04
    0.14739E-02    0.57113E+04
    0.15238E-02    0.58858E+04
    0.15755E-02    0.60650E+04
    0.16289E-02    0.62491E+04
    0.16841E-02    0.64381E+04
    0.17412E-02    0.66322E+04
    0.18002E-02    0.68313E+04
    0.18612E-02    0.70357E+04
    0.19243E-02    0.72452E+04
    0.19895E-02    0.74602E+04
    0.20570E-02    0.76805E+04
    0.21267E-02    0.79062E+04
    0.21988E-02    0.81375E+04
    0.22733E-02    0.83744E+04
    0.23504E-02    0.86169E+04
    0.24300E-02    0.88650E+04
    0.25124E-02    0.91189E+04
    0.25976E-02    0.93784E+04
    0.26856E-02    0.96437E+04
    0.27766E-02    0.99148E+04
    0.28707E-02    0.10192E+05
    0.29680E-02    0.10474E+05
    0.30687E-02    0.10762E+05
    0.31727E-02    0.11056E+05
    0.32802E-02    0.11356E+05
    0.33914E-02    0.11661E+05
    0.35063E-02    0.11972E+05
    0.36252E-02    0.12288E+05
    0.37481E-02    0.12609E+05
    0.38751E-02    0.12936E+05
    0.40064E-02    0.13268E+05
    0.41422E-02    0.13604E+05
    0.42826E-02    0.13946E+05
    0.44278E-02    0.14292E+05
    0.45779E-02    0.14642E+05
    0.47331E-02    0.14996E+05
    0.48935E-02    0.15354E+05
    0.50593E-02    0.15715E+05
    0.52308E-02    0.16080E+05
    0.54081E-02    0.16448E+05
    0.55914E-02    0.16818E+05
    0.57810E-02    0.17190E+05
    0.59769E-02    0.17564E+05
    0.61795E-02    0.17939E+05
    0.63890E-02    0.18314E+05
    0.66055E-02    0.18690E+05
    0.68294E-02    0.19065E+05
    0.70609E-02    0.19440E+05
    0.73002E-02    0.19813E+05
    0.75477E-02    0.20183E+05
    0.78035E-02    0.20550E+05
    0.80680E-02    0.20914E+05
    0.83415E-02    0.21273E+05
    0.86242E-02    0.21627E+05
    0.89165E-02    0.21974E+05
    0.92187E-02    0.22315E+05
    0.95312E-02    0.22647E+05
    0.98543E-02    0.22970E+05
    0.10188E-01    0.23282E+05
    0.10534E-01    0.23584E+05
    0.10891E-01    0.23873E+05
    0.11260E-01    0.24149E+05
    0.11641E-01    0.24410E+05
    0.12036E-01    0.24655E+05
    0.12444E-01    0.24882E+05
    0.12866E-01    0.25092E+05
    0.13302E-01    0.25282E+05
    0.13753E-01    0.25450E+05
    0.14219E-01    0.25596E+05
    0.14701E-01    0.25719E+05
    0.15199E-01    0.25817E+05
    0.15714E-01    0.25888E+05
    0.16247E-01    0.25932E+05
    0.16798E-01    0.25947E+05
    0.17367E-01    0.25932E+05
    0.17956E-01    0.25887E+05
    0.18564E-01    0.25810E+05
    0.19194E-01    0.25700E+05
    0.19844E-01    0.25557E+05
    0.20517E-01    0.25380E+05
    0.21212E-01    0.25169E+05
    0.21931E-01    0.24924E+05
    0.22674E-01    0.24645E+05
    0.23443E-01    0.24332E+05
    0.24238E-01    0.23986E+05
    0.25059E-01    0.23608E+05
    0.25909E-01    0.23200E+05
    0.26787E-01    0.22763E+05
    0.27695E-01    0.22299E+05
    0.28633E-01    0.21811E+05
    0.29604E-01    0.21302E+05
    0.30607E-01    0.20773E+05
    0.31645E-01    0.20230E+05
    0.32717E-01    0.19676E+05
    0.33826E-01    0.19113E+05
    0.34973E-01    0.18548E+05
    0.36158E-01    0.17984E+05
    0.37384E-01    0.17425E+05
    0.38651E-01    0.16875E+05
    0.39961E-01    0.16339E+05
    0.41316E-01    0.15820E+05
    0.42716E-01    0.15322E+05
    0.44164E-01    0.14847E+05
    0.45661E-01    0.14398E+05
    0.47208E-01    0.13977E+05
    0.48809E-01    0.13584E+05
    0.50463E-01    0.13220E+05
    0.52173E-01    0.12882E+05
    0.53942E-01    0.12568E+05
    0.55770E-01    0.12276E+05
    0.57660E-01    0.12001E+05
    0.59615E-01    0.11736E+05
    0.61635E-01    0.11476E+05
    0.63725E-01    0.11214E+05
    0.65885E-01    0.10942E+05
    0.68118E-01    0.10653E+05
    0.70427E-01    0.10341E+05
    0.72814E-01    0.10001E+05
    0.75282E-01    0.96313E+04
    0.77833E-01    0.92310E+04
    0.80472E-01    0.88036E+04
    0.83199E-01    0.83554E+04
    0.86019E-01    0.78955E+04
    0.88935E-01    0.74352E+04
    0.91949E-01    0.69870E+04
    0.95066E-01    0.65633E+04
    0.98288E-01    0.61750E+04
    0.10162E+00    0.58306E+04
    0.10506E+00    0.55347E+04
    0.10863E+00    0.52874E+04
    0.11231E+00    0.50844E+04
    0.11611E+00    0.49162E+04
    0.12005E+00    0.47699E+04
    0.12412E+00    0.46297E+04
    0.12833E+00    0.44798E+04
    0.13268E+00    0.43071E+04
    0.13717E+00    0.41043E+04
    0.14182E+00    0.38720E+04
    0.14663E+00    0.36190E+04
    0.15160E+00    0.33608E+04
    0.15674E+00    0.31151E+04
    0.16205E+00    0.28981E+04
    0.16754E+00    0.27193E+04
    0.17322E+00    0.25800E+04
    0.17909E+00    0.24723E+04
    0.18516E+00    0.23816E+04
    0.19144E+00    0.22903E+04
    0.19793E+00    0.21839E+04
    0.20464E+00    0.20568E+04
    0.21157E+00    0.19146E+04
    0.21874E+00    0.17711E+04
    0.22616E+00    0.16417E+04
    0.23382E+00    0.15362E+04
    0.24175E+00    0.14544E+04
    0.24994E+00    0.13869E+04
    0.25842E+00    0.13202E+04
    0.26718E+00    0.12449E+04
    0.27623E+00    0.11607E+04
    0.28559E+00    0.10760E+04
    0.29527E+00    0.10007E+04
    0.30528E+00    0.93915E+03
    0.31563E+00    0.88737E+03
    0.32633E+00    0.83735E+03
    0.33739E+00    0.78404E+03
    0.34883E+00    0.72918E+03
    0.36065E+00    0.67836E+03
    0.37287E+00    0.63470E+03
    0.38551E+00    0.59606E+03
    0.39858E+00    0.55833E+03
    0.41209E+00    0.52030E+03
    0.42606E+00    0.48422E+03
    0.44050E+00    0.45197E+03
    0.45543E+00    0.42262E+03
    0.47087E+00    0.39433E+03
    0.48683E+00    0.36705E+03
    0.50333E+00    0.34186E+03
    0.52039E+00    0.31878E+03
    0.53802E+00    0.29697E+03
    0.55626E+00    0.27630E+03
    0.57512E+00    0.25712E+03
    0.59461E+00    0.23931E+03
    0.61476E+00    0.22256E+03
    0.63560E+00    0.20689E+03
    0.65715E+00    0.19234E+03
    0.67942E+00    0.17873E+03
    0.70245E+00    0.16602E+03
    0.72626E+00    0.15419E+03
    0.75087E+00    0.14316E+03
    0.77633E+00    0.13288E+03
    0.80264E+00    0.12330E+03
    0.82984E+00    0.11438E+03
    0.85797E+00    0.10608E+03
    0.88705E+00    0.98355E+02
    0.91712E+00    0.91169E+02
    0.94821E+00    0.84487E+02
    0.98035E+00    0.78276E+02
    0.10136E+01    0.72504E+02
    0.10479E+01    0.67141E+02
    0.10834E+01    0.62160E+02
    0.11202E+01    0.57534E+02
    0.11581E+01    0.53241E+02
    0.11974E+01    0.49256E+02
    0.12380E+01    0.45560E+02
    0.12799E+01    0.42132E+02
    0.13233E+01    0.38954E+02
    0.13682E+01    0.36007E+02
    0.14146E+01    0.33276E+02
    0.14625E+01    0.30747E+02
    0.15121E+01    0.28403E+02
    0.15633E+01    0.26233E+02
    0.16163E+01    0.24224E+02
    0.16711E+01    0.22365E+02
    0.17277E+01    0.20644E+02
    0.17863E+01    0.19052E+02
    0.18469E+01    0.17579E+02
    0.19095E+01    0.16218E+02
    0.19742E+01    0.14959E+02
    0.20411E+01    0.13795E+02
    0.21103E+01    0.12720E+02
    0.21818E+01    0.11726E+02
    0.22558E+01    0.10809E+02
    0.23322E+01    0.99608E+01
    0.24113E+01    0.91782E+01
    0.24930E+01    0.84556E+01
    0.25775E+01    0.77887E+01
    0.26649E+01    0.71732E+01
    0.27552E+01    0.66054E+01
    0.28486E+01    0.60815E+01
    0.29451E+01    0.55983E+01
    0.30449E+01    0.51528E+01
    0.31482E+01    0.47420E+01
    0.32549E+01    0.43633E+01
    0.33652E+01    0.40143E+01
    0.34792E+01    0.36927E+01
    0.35972E+01    0.33963E+01
    0.37191E+01    0.31233E+01
    0.38452E+01    0.28719E+01
    0.39755E+01    0.26404E+01
    0.41102E+01    0.24272E+01
    0.42496E+01    0.22309E+01
    0.43936E+01    0.20502E+01
    0.45425E+01    0.18839E+01
    0.46965E+01    0.17309E+01
    0.48557E+01    0.15901E+01
    0.50203E+01    0.14606E+01
    0.51904E+01    0.13415E+01
    0.53664E+01    0.12320E+01
    0.55483E+01    0.11312E+01
    0.57363E+01    0.10386E+01
    0.59307E+01    0.95343E+00
    0.61318E+01    0.87517E+00
    0.63396E+01    0.80323E+00
    0.65545E+01    0.73713E+00
    0.67767E+01    0.67639E+00
    0.70063E+01    0.62060E+00
    0.72438E+01    0.56934E+00
    0.74894E+01    0.52226E+00
    0.77432E+01    0.47903E+00
    0.80057E+01    0.43932E+00
    0.82770E+01    0.40287E+00
    0.85576E+01    0.36941E+00
    0.88476E+01    0.33869E+00
    0.91475E+01    0.31050E+00
    0.94576E+01    0.28462E+00
    0.97781E+01    0.26088E+00
    0.10110E+02    0.23910E+00
    0.10452E+02    0.21911E+00
    0.10807E+02    0.20077E+00
    0.11173E+02    0.18396E+00
    0.11552E+02    0.16853E+00
    0.11943E+02    0.15439E+00
    0.12348E+02    0.14142E+00
    0.12766E+02    0.12953E+00
    0.13199E+02    0.11863E+00
    0.13647E+02    0.10863E+00
    0.14109E+02    0.99473E-01
    0.14587E+02    0.91078E-01
    0.15082E+02    0.83384E-01
    0.15593E+02    0.76334E-01
    0.16121E+02    0.69874E-01
    0.16668E+02    0.63956E-01
    0.17233E+02    0.58535E-01
    0.17817E+02    0.53569E-01
    0.18421E+02    0.49020E-01
    0.19045E+02    0.44854E-01
    0.19691E+02    0.41039E-01
    0.20358E+02    0.37546E-01
    0.21048E+02    0.34347E-01
    0.21762E+02    0.31418E-01
    0.22499E+02    0.28738E-01
    0.23262E+02    0.26283E-01
    0.24050E+02    0.24037E-01
    0.24866E+02    0.21981E-01
    0.25708E+02    0.20100E-01
    0.26580E+02    0.18378E-01
    0.27481E+02    0.16803E-01
    0.28412E+02    0.15361E-01
    0.29375E+02    0.14042E-01
    0.30371E+02    0.12836E-01
    0.31400E+02    0.11732E-01
    0.32465E+02    0.10723E-01
    0.33565E+02    0.97993E-02
    0.34703E+02    0.89548E-02
    0.35879E+02    0.81826E-02
    0.37095E+02    0.74765E-02
    0.38352E+02    0.68308E-02
    0.39652E+02    0.62404E-02
    0.40996E+02    0.57007E-02
    0.42386E+02    0.52073E-02
    0.43823E+02    0.47563E-02
    0.45308E+02    0.43441E-02
    0.46844E+02    0.39673E-02
    0.48432E+02    0.36229E-02
    0.50073E+02    0.33082E-02
