#          k/h    CDM            baryon         photon         nu             mass_nu        total          no_nu          total_de       Weyl           v_CDM          v_b            v_b-v_c     
   0.545024E-05   0.198230E+08   0.198230E+08   0.264269E+08   0.264269E+08   0.000000E+00   0.198230E+08   0.198230E+08   0.198308E+08  -0.474216E+00   0.105244E+08   0.105244E+08   0.305711E-02
   0.563498E-05   0.198230E+08   0.198230E+08   0.264267E+08   0.264267E+08   0.000000E+00   0.198230E+08   0.198230E+08   0.198308E+08  -0.474216E+00   0.105244E+08   0.105244E+08   0.316073E-02
   0.582598E-05   0.198230E+08   0.198230E+08   0.264264E+08   0.264264E+08   0.000000E+00   0.198230E+08   0.198230E+08   0.198308E+08  -0.474216E+00   0.105244E+08   0.105244E+08   0.326786E-02
   0.602345E-05   0.198230E+08   0.198230E+08   0.264261E+08   0.264261E+08   0.000000E+00   0.198230E+08   0.198230E+08   0.198308E+08  -0.474216E+00   0.105244E+08   0.105244E+08   0.337862E-02
   0.622761E-05   0.198230E+08   0.198230E+08   0.264258E+08   0.264258E+08   0.000000E+00   0.198230E+08   0.198230E+08   0.198308E+08  -0.474216E+00   0.105244E+08   0.105244E+08   0.349314E-02
   0.643870E-05   0.198230E+08   0.198230E+08   0.264254E+08   0.264254E+08   0.000000E+00   0.198230E+08   0.198230E+08   0.198308E+08  -0.474216E+00   0.105244E+08   0.105244E+08   0.361153E-02
   0.665694E-05   0.198230E+08   0.198230E+08   0.264251E+08   0.264251E+08   0.000000E+00   0.198230E+08   0.198230E+08   0.198308E+08  -0.474216E+00   0.105244E+08   0.105244E+08   0.373395E-02
   0.688258E-05   0.198230E+08   0.198230E+08   0.264247E+08   0.264247E+08   0.000000E+00   0.198230E+08   0.198230E+08   0.198308E+08  -0.474216E+00   0.105244E+08   0.105244E+08   0.386051E-02
   0.711586E-05   0.198230E+08   0.198230E+08   0.264243E+08   0.264243E+08   0.000000E+00   0.198230E+08   0.198230E+08   0.198307E+08  -0.474216E+00   0.105244E+08   0.105244E+08   0.399135E-02
   0.735706E-05   0.198230E+08   0.198230E+08   0.264238E+08   0.264238E+08   0.000000E+00   0.198230E+08   0.198230E+08   0.198307E+08  -0.474216E+00   0.105244E+08   0.105244E+08   0.412664E-02
   0.760642E-05   0.198230E+08   0.198230E+08   0.264234E+08   0.264233E+08   0.000000E+00   0.198230E+08   0.198230E+08   0.198307E+08  -0.474216E+00   0.105244E+08   0.105244E+08   0.426651E-02
   0.786424E-05   0.198230E+08   0.198230E+08   0.264228E+08   0.264228E+08   0.000000E+00   0.198230E+08   0.198230E+08   0.198307E+08  -0.474216E+00   0.105244E+08   0.105244E+08   0.441112E-02
   0.813080E-05   0.198230E+08   0.198230E+08   0.264223E+08   0.264223E+08   0.000000E+00   0.198230E+08   0.198230E+08   0.198307E+08  -0.474216E+00   0.105244E+08   0.105244E+08   0.456063E-02
   0.840640E-05   0.198230E+08   0.198230E+08   0.264217E+08   0.264217E+08   0.000000E+00   0.198230E+08   0.198230E+08   0.198307E+08  -0.474216E+00   0.105244E+08   0.105244E+08   0.471521E-02
   0.869133E-05   0.198230E+08   0.198230E+08   0.264211E+08   0.264211E+08   0.000000E+00   0.198230E+08   0.198230E+08   0.198307E+08  -0.474216E+00   0.105244E+08   0.105244E+08   0.487502E-02
   0.898593E-05   0.198230E+08   0.198230E+08   0.264204E+08   0.264204E+08   0.000000E+00   0.198230E+08   0.198230E+08   0.198307E+08  -0.474216E+00   0.105244E+08   0.105244E+08   0.504026E-02
   0.929051E-05   0.198230E+08   0.198230E+08   0.264197E+08   0.264197E+08   0.000000E+00   0.198230E+08   0.198230E+08   0.198307E+08  -0.474216E+00   0.105244E+08   0.105244E+08   0.521109E-02
   0.960541E-05   0.198230E+08   0.198230E+08   0.264190E+08   0.264190E+08   0.000000E+00   0.198230E+08   0.198230E+08   0.198307E+08  -0.474216E+00   0.105244E+08   0.105244E+08   0.538771E-02
   0.993099E-05   0.198230E+08   0.198230E+08   0.264182E+08   0.264181E+08   0.000000E+00   0.198230E+08   0.198230E+08   0.198307E+08  -0.474216E+00   0.105244E+08   0.105244E+08   0.557032E-02
   0.102676E-04   0.198230E+08   0.198230E+08   0.264173E+08   0.264173E+08   0.000000E+00   0.198230E+08   0.198230E+08   0.198307E+08  -0.474216E+00   0.105244E+08   0.105244E+08   0.575912E-02
   0.106156E-04   0.198230E+08   0.198230E+08   0.264164E+08   0.264164E+08   0.000000E+00   0.198230E+08   0.198230E+08   0.198307E+08  -0.474216E+00   0.105244E+08   0.105244E+08   0.595431E-02
   0.109754E-04   0.198230E+08   0.198230E+08   0.264154E+08   0.264154E+08   0.000000E+00   0.198230E+08   0.198230E+08   0.198307E+08  -0.474216E+00   0.105244E+08   0.105244E+08   0.615613E-02
   0.113475E-04   0.198230E+08   0.198230E+08   0.264143E+08   0.264143E+08   0.000000E+00   0.198230E+08   0.198230E+08   0.198307E+08  -0.474216E+00   0.105244E+08   0.105244E+08   0.636478E-02
   0.117321E-04   0.198230E+08   0.198230E+08   0.264132E+08   0.264132E+08   0.000000E+00   0.198230E+08   0.198230E+08   0.198307E+08  -0.474216E+00   0.105244E+08   0.105244E+08   0.658050E-02
   0.121297E-04   0.198230E+08   0.198230E+08   0.264120E+08   0.264120E+08   0.000000E+00   0.198230E+08   0.198230E+08   0.198307E+08  -0.474215E+00   0.105244E+08   0.105244E+08   0.680353E-02
   0.125409E-04   0.198230E+08   0.198230E+08   0.264107E+08   0.264107E+08   0.000000E+00   0.198230E+08   0.198230E+08   0.198307E+08  -0.474215E+00   0.105244E+08   0.105244E+08   0.703412E-02
   0.129659E-04   0.198230E+08   0.198230E+08   0.264093E+08   0.264093E+08   0.000000E+00   0.198230E+08   0.198230E+08   0.198307E+08  -0.474215E+00   0.105244E+08   0.105244E+08   0.727252E-02
   0.134054E-04   0.198230E+08   0.198230E+08   0.264078E+08   0.264078E+08   0.000000E+00   0.198230E+08   0.198230E+08   0.198307E+08  -0.474215E+00   0.105244E+08   0.105244E+08   0.751901E-02
   0.138598E-04   0.198230E+08   0.198230E+08   0.264063E+08   0.264062E+08   0.000000E+00   0.198230E+08   0.198230E+08   0.198307E+08  -0.474215E+00   0.105244E+08   0.105244E+08   0.777384E-02
   0.143296E-04   0.198230E+08   0.198230E+08   0.264046E+08   0.264045E+08   0.000000E+00   0.198230E+08   0.198230E+08   0.198307E+08  -0.474215E+00   0.105244E+08   0.105244E+08   0.803731E-02
   0.148153E-04   0.198230E+08   0.198230E+08   0.264028E+08   0.264027E+08   0.000000E+00   0.198230E+08   0.198230E+08   0.198307E+08  -0.474215E+00   0.105244E+08   0.105244E+08   0.830971E-02
   0.153175E-04   0.198230E+08   0.198230E+08   0.264009E+08   0.264008E+08   0.000000E+00   0.198230E+08   0.198230E+08   0.198307E+08  -0.474215E+00   0.105244E+08   0.105244E+08   0.859134E-02
   0.158366E-04   0.198230E+08   0.198230E+08   0.263988E+08   0.263988E+08   0.000000E+00   0.198230E+08   0.198230E+08   0.198307E+08  -0.474215E+00   0.105244E+08   0.105244E+08   0.888251E-02
   0.163734E-04   0.198230E+08   0.198230E+08   0.263966E+08   0.263965E+08   0.000000E+00   0.198230E+08   0.198230E+08   0.198307E+08  -0.474215E+00   0.105244E+08   0.105244E+08   0.918355E-02
   0.169284E-04   0.198230E+08   0.198230E+08   0.263942E+08   0.263942E+08   0.000000E+00   0.198230E+08   0.198230E+08   0.198307E+08  -0.474214E+00   0.105244E+08   0.105244E+08   0.949478E-02
   0.175022E-04   0.198230E+08   0.198230E+08   0.263917E+08   0.263917E+08   0.000000E+00   0.198230E+08   0.198230E+08   0.198307E+08  -0.474214E+00   0.105244E+08   0.105244E+08   0.981656E-02
   0.180954E-04   0.198230E+08   0.198230E+08   0.263890E+08   0.263890E+08   0.000000E+00   0.198230E+08   0.198230E+08   0.198307E+08  -0.474214E+00   0.105244E+08   0.105244E+08   0.101492E-01
   0.187088E-04   0.198230E+08   0.198230E+08   0.263862E+08   0.263861E+08   0.000000E+00   0.198230E+08   0.198230E+08   0.198307E+08  -0.474214E+00   0.105244E+08   0.105244E+08   0.104932E-01
   0.193429E-04   0.198230E+08   0.198230E+08   0.263831E+08   0.263830E+08   0.000000E+00   0.198230E+08   0.198230E+08   0.198307E+08  -0.474214E+00   0.105244E+08   0.105244E+08   0.108488E-01
   0.199986E-04   0.198229E+08   0.198229E+08   0.263798E+08   0.263798E+08   0.000000E+00   0.198229E+08   0.198229E+08   0.198307E+08  -0.474214E+00   0.105244E+08   0.105244E+08   0.112165E-01
   0.206764E-04   0.198229E+08   0.198229E+08   0.263763E+08   0.263762E+08   0.000000E+00   0.198229E+08   0.198229E+08   0.198306E+08  -0.474213E+00   0.105244E+08   0.105244E+08   0.115966E-01
   0.213772E-04   0.198229E+08   0.198229E+08   0.263726E+08   0.263725E+08   0.000000E+00   0.198229E+08   0.198229E+08   0.198306E+08  -0.474213E+00   0.105243E+08   0.105243E+08   0.119896E-01
   0.221018E-04   0.198229E+08   0.198229E+08   0.263686E+08   0.263685E+08   0.000000E+00   0.198229E+08   0.198229E+08   0.198306E+08  -0.474213E+00   0.105243E+08   0.105243E+08   0.123959E-01
   0.228510E-04   0.198229E+08   0.198229E+08   0.263643E+08   0.263642E+08   0.000000E+00   0.198229E+08   0.198229E+08   0.198306E+08  -0.474213E+00   0.105243E+08   0.105243E+08   0.128159E-01
   0.236255E-04   0.198229E+08   0.198229E+08   0.263597E+08   0.263596E+08   0.000000E+00   0.198229E+08   0.198229E+08   0.198306E+08  -0.474212E+00   0.105243E+08   0.105243E+08   0.132502E-01
   0.244263E-04   0.198229E+08   0.198229E+08   0.263548E+08   0.263547E+08   0.000000E+00   0.198229E+08   0.198229E+08   0.198306E+08  -0.474212E+00   0.105243E+08   0.105243E+08   0.136992E-01
   0.252542E-04   0.198229E+08   0.198229E+08   0.263496E+08   0.263495E+08   0.000000E+00   0.198229E+08   0.198229E+08   0.198306E+08  -0.474212E+00   0.105243E+08   0.105243E+08   0.141634E-01
   0.261102E-04   0.198229E+08   0.198229E+08   0.263440E+08   0.263439E+08   0.000000E+00   0.198229E+08   0.198229E+08   0.198306E+08  -0.474212E+00   0.105243E+08   0.105243E+08   0.146433E-01
   0.269952E-04   0.198229E+08   0.198229E+08   0.263381E+08   0.263379E+08   0.000000E+00   0.198229E+08   0.198229E+08   0.198306E+08  -0.474211E+00   0.105243E+08   0.105243E+08   0.151395E-01
   0.279102E-04   0.198229E+08   0.198229E+08   0.263317E+08   0.263315E+08   0.000000E+00   0.198229E+08   0.198229E+08   0.198305E+08  -0.474211E+00   0.105243E+08   0.105243E+08   0.156525E-01
   0.288562E-04   0.198228E+08   0.198228E+08   0.263249E+08   0.263247E+08   0.000000E+00   0.198228E+08   0.198228E+08   0.198305E+08  -0.474210E+00   0.105243E+08   0.105243E+08   0.161828E-01
   0.298343E-04   0.198228E+08   0.198228E+08   0.263176E+08   0.263174E+08   0.000000E+00   0.198228E+08   0.198228E+08   0.198305E+08  -0.474210E+00   0.105243E+08   0.105243E+08   0.167311E-01
   0.308456E-04   0.198228E+08   0.198228E+08   0.263098E+08   0.263096E+08   0.000000E+00   0.198228E+08   0.198228E+08   0.198305E+08  -0.474210E+00   0.105243E+08   0.105243E+08   0.172979E-01
   0.318911E-04   0.198228E+08   0.198228E+08   0.263015E+08   0.263013E+08   0.000000E+00   0.198228E+08   0.198228E+08   0.198305E+08  -0.474209E+00   0.105243E+08   0.105243E+08   0.178840E-01
   0.329720E-04   0.198228E+08   0.198228E+08   0.262926E+08   0.262924E+08   0.000000E+00   0.198228E+08   0.198228E+08   0.198305E+08  -0.474209E+00   0.105243E+08   0.105243E+08   0.184899E-01
   0.340896E-04   0.198228E+08   0.198228E+08   0.262831E+08   0.262829E+08   0.000000E+00   0.198228E+08   0.198228E+08   0.198304E+08  -0.474208E+00   0.105243E+08   0.105243E+08   0.191163E-01
   0.352451E-04   0.198227E+08   0.198227E+08   0.262729E+08   0.262727E+08   0.000000E+00   0.198227E+08   0.198227E+08   0.198304E+08  -0.474207E+00   0.105242E+08   0.105242E+08   0.197638E-01
   0.364397E-04   0.198227E+08   0.198227E+08   0.262621E+08   0.262618E+08   0.000000E+00   0.198227E+08   0.198227E+08   0.198304E+08  -0.474207E+00   0.105242E+08   0.105242E+08   0.204333E-01
   0.376749E-04   0.198227E+08   0.198227E+08   0.262505E+08   0.262502E+08   0.000000E+00   0.198227E+08   0.198227E+08   0.198304E+08  -0.474206E+00   0.105242E+08   0.105242E+08   0.211255E-01
   0.389519E-04   0.198227E+08   0.198227E+08   0.262381E+08   0.262378E+08   0.000000E+00   0.198227E+08   0.198227E+08   0.198303E+08  -0.474205E+00   0.105242E+08   0.105242E+08   0.218410E-01
   0.402721E-04   0.198227E+08   0.198227E+08   0.262249E+08   0.262246E+08   0.000000E+00   0.198227E+08   0.198227E+08   0.198303E+08  -0.474205E+00   0.105242E+08   0.105242E+08   0.225808E-01
   0.416372E-04   0.198226E+08   0.198226E+08   0.262108E+08   0.262104E+08   0.000000E+00   0.198226E+08   0.198226E+08   0.198303E+08  -0.474204E+00   0.105242E+08   0.105242E+08   0.233456E-01
   0.430485E-04   0.198226E+08   0.198226E+08   0.261957E+08   0.261953E+08   0.000000E+00   0.198226E+08   0.198226E+08   0.198302E+08  -0.474203E+00   0.105242E+08   0.105242E+08   0.241362E-01
   0.445076E-04   0.198226E+08   0.198226E+08   0.261795E+08   0.261791E+08   0.000000E+00   0.198226E+08   0.198226E+08   0.198302E+08  -0.474202E+00   0.105241E+08   0.105241E+08   0.249535E-01
   0.460162E-04   0.198225E+08   0.198225E+08   0.261623E+08   0.261619E+08   0.000000E+00   0.198225E+08   0.198225E+08   0.198302E+08  -0.474201E+00   0.105241E+08   0.105241E+08   0.257985E-01
   0.475759E-04   0.198225E+08   0.198225E+08   0.261439E+08   0.261434E+08   0.000000E+00   0.198225E+08   0.198225E+08   0.198301E+08  -0.474200E+00   0.105241E+08   0.105241E+08   0.266721E-01
   0.491885E-04   0.198225E+08   0.198225E+08   0.261242E+08   0.261237E+08   0.000000E+00   0.198225E+08   0.198225E+08   0.198301E+08  -0.474199E+00   0.105241E+08   0.105241E+08   0.275751E-01
   0.508558E-04   0.198224E+08   0.198224E+08   0.261032E+08   0.261027E+08   0.000000E+00   0.198224E+08   0.198224E+08   0.198300E+08  -0.474197E+00   0.105241E+08   0.105241E+08   0.285087E-01
   0.525795E-04   0.198224E+08   0.198224E+08   0.260807E+08   0.260802E+08   0.000000E+00   0.198224E+08   0.198224E+08   0.198300E+08  -0.474196E+00   0.105240E+08   0.105240E+08   0.294738E-01
   0.543617E-04   0.198223E+08   0.198223E+08   0.260568E+08   0.260562E+08   0.000000E+00   0.198223E+08   0.198223E+08   0.198299E+08  -0.474195E+00   0.105240E+08   0.105240E+08   0.304714E-01
   0.562043E-04   0.198223E+08   0.198223E+08   0.260312E+08   0.260306E+08   0.000000E+00   0.198223E+08   0.198223E+08   0.198299E+08  -0.474193E+00   0.105240E+08   0.105240E+08   0.315028E-01
   0.581093E-04   0.198222E+08   0.198222E+08   0.260038E+08   0.260032E+08   0.000000E+00   0.198222E+08   0.198222E+08   0.198298E+08  -0.474192E+00   0.105240E+08   0.105240E+08   0.325689E-01
   0.600790E-04   0.198222E+08   0.198222E+08   0.259746E+08   0.259740E+08   0.000000E+00   0.198222E+08   0.198222E+08   0.198298E+08  -0.474190E+00   0.105239E+08   0.105239E+08   0.336711E-01
   0.621154E-04   0.198221E+08   0.198221E+08   0.259435E+08   0.259427E+08   0.000000E+00   0.198221E+08   0.198221E+08   0.198297E+08  -0.474188E+00   0.105239E+08   0.105239E+08   0.348103E-01
   0.642208E-04   0.198220E+08   0.198220E+08   0.259102E+08   0.259094E+08   0.000000E+00   0.198220E+08   0.198220E+08   0.198296E+08  -0.474186E+00   0.105239E+08   0.105239E+08   0.359880E-01
   0.663975E-04   0.198220E+08   0.198220E+08   0.258746E+08   0.258738E+08   0.000000E+00   0.198220E+08   0.198220E+08   0.198295E+08  -0.474184E+00   0.105238E+08   0.105238E+08   0.372054E-01
   0.686481E-04   0.198219E+08   0.198219E+08   0.258367E+08   0.258358E+08   0.000000E+00   0.198219E+08   0.198219E+08   0.198295E+08  -0.474182E+00   0.105238E+08   0.105238E+08   0.384638E-01
   0.709749E-04   0.198218E+08   0.198218E+08   0.257962E+08   0.257953E+08   0.000000E+00   0.198218E+08   0.198218E+08   0.198294E+08  -0.474180E+00   0.105238E+08   0.105238E+08   0.397645E-01
   0.733806E-04   0.198217E+08   0.198217E+08   0.257530E+08   0.257520E+08   0.000000E+00   0.198217E+08   0.198217E+08   0.198293E+08  -0.474177E+00   0.105237E+08   0.105237E+08   0.411091E-01
   0.758679E-04   0.198217E+08   0.198217E+08   0.257068E+08   0.257058E+08   0.000000E+00   0.198217E+08   0.198217E+08   0.198292E+08  -0.474174E+00   0.105237E+08   0.105237E+08   0.424988E-01
   0.784394E-04   0.198216E+08   0.198216E+08   0.256576E+08   0.256565E+08   0.000000E+00   0.198216E+08   0.198216E+08   0.198291E+08  -0.474171E+00   0.105236E+08   0.105236E+08   0.439353E-01
   0.810981E-04   0.198215E+08   0.198215E+08   0.256051E+08   0.256039E+08   0.000000E+00   0.198215E+08   0.198215E+08   0.198289E+08  -0.474168E+00   0.105236E+08   0.105236E+08   0.454200E-01
   0.838470E-04   0.198214E+08   0.198214E+08   0.255490E+08   0.255477E+08   0.000000E+00   0.198214E+08   0.198214E+08   0.198288E+08  -0.474165E+00   0.105235E+08   0.105235E+08   0.469547E-01
   0.866890E-04   0.198212E+08   0.198212E+08   0.254892E+08   0.254879E+08   0.000000E+00   0.198212E+08   0.198212E+08   0.198287E+08  -0.474161E+00   0.105234E+08   0.105234E+08   0.485408E-01
   0.896273E-04   0.198211E+08   0.198211E+08   0.254255E+08   0.254240E+08   0.000000E+00   0.198211E+08   0.198211E+08   0.198285E+08  -0.474158E+00   0.105234E+08   0.105234E+08   0.501801E-01
   0.926652E-04   0.198210E+08   0.198210E+08   0.253575E+08   0.253559E+08   0.000000E+00   0.198210E+08   0.198210E+08   0.198284E+08  -0.474154E+00   0.105233E+08   0.105233E+08   0.518743E-01
   0.958061E-04   0.198208E+08   0.198208E+08   0.252850E+08   0.252833E+08   0.000000E+00   0.198208E+08   0.198208E+08   0.198282E+08  -0.474149E+00   0.105232E+08   0.105232E+08   0.536253E-01
   0.990535E-04   0.198207E+08   0.198207E+08   0.252077E+08   0.252059E+08   0.000000E+00   0.198207E+08   0.198207E+08   0.198280E+08  -0.474145E+00   0.105231E+08   0.105231E+08   0.554349E-01
   0.102411E-03   0.198205E+08   0.198205E+08   0.251253E+08   0.251234E+08   0.000000E+00   0.198205E+08   0.198205E+08   0.198279E+08  -0.474140E+00   0.105230E+08   0.105230E+08   0.573050E-01
   0.105882E-03   0.198203E+08   0.198203E+08   0.250375E+08   0.250355E+08   0.000000E+00   0.198203E+08   0.198203E+08   0.198277E+08  -0.474134E+00   0.105230E+08   0.105230E+08   0.592375E-01
   0.109471E-03   0.198202E+08   0.198202E+08   0.249440E+08   0.249419E+08   0.000000E+00   0.198202E+08   0.198202E+08   0.198274E+08  -0.474129E+00   0.105229E+08   0.105229E+08   0.612346E-01
   0.113182E-03   0.198200E+08   0.198200E+08   0.248444E+08   0.248421E+08   0.000000E+00   0.198200E+08   0.198200E+08   0.198272E+08  -0.474123E+00   0.105228E+08   0.105228E+08   0.632982E-01
   0.117018E-03   0.198198E+08   0.198198E+08   0.247383E+08   0.247359E+08   0.000000E+00   0.198198E+08   0.198198E+08   0.198270E+08  -0.474116E+00   0.105226E+08   0.105226E+08   0.654305E-01
   0.120984E-03   0.198195E+08   0.198195E+08   0.246253E+08   0.246228E+08   0.000000E+00   0.198195E+08   0.198195E+08   0.198267E+08  -0.474110E+00   0.105225E+08   0.105225E+08   0.676337E-01
   0.125085E-03   0.198193E+08   0.198193E+08   0.245051E+08   0.245024E+08   0.000000E+00   0.198193E+08   0.198193E+08   0.198264E+08  -0.474102E+00   0.105224E+08   0.105224E+08   0.699100E-01
   0.129325E-03   0.198190E+08   0.198190E+08   0.243772E+08   0.243744E+08   0.000000E+00   0.198190E+08   0.198190E+08   0.198262E+08  -0.474095E+00   0.105222E+08   0.105222E+08   0.722619E-01
   0.133708E-03   0.198188E+08   0.198188E+08   0.242412E+08   0.242382E+08   0.000000E+00   0.198188E+08   0.198188E+08   0.198258E+08  -0.474086E+00   0.105221E+08   0.105221E+08   0.746917E-01
   0.138240E-03   0.198185E+08   0.198185E+08   0.240966E+08   0.240933E+08   0.000000E+00   0.198185E+08   0.198185E+08   0.198255E+08  -0.474077E+00   0.105219E+08   0.105219E+08   0.772018E-01
   0.142926E-03   0.198181E+08   0.198181E+08   0.239428E+08   0.239394E+08   0.000000E+00   0.198181E+08   0.198181E+08   0.198251E+08  -0.474068E+00   0.105218E+08   0.105218E+08   0.797948E-01
   0.147770E-03   0.198178E+08   0.198178E+08   0.237795E+08   0.237758E+08   0.000000E+00   0.198178E+08   0.198178E+08   0.198248E+08  -0.474058E+00   0.105216E+08   0.105216E+08   0.824732E-01
   0.152779E-03   0.198175E+08   0.198174E+08   0.236060E+08   0.236021E+08   0.000000E+00   0.198175E+08   0.198175E+08   0.198243E+08  -0.474047E+00   0.105214E+08   0.105214E+08   0.852397E-01
   0.157958E-03   0.198171E+08   0.198171E+08   0.234218E+08   0.234177E+08   0.000000E+00   0.198171E+08   0.198171E+08   0.198239E+08  -0.474035E+00   0.105212E+08   0.105212E+08   0.880970E-01
   0.163312E-03   0.198167E+08   0.198167E+08   0.232264E+08   0.232221E+08   0.000000E+00   0.198167E+08   0.198167E+08   0.198234E+08  -0.474023E+00   0.105210E+08   0.105210E+08   0.910479E-01
   0.168847E-03   0.198162E+08   0.198162E+08   0.230192E+08   0.230147E+08   0.000000E+00   0.198162E+08   0.198162E+08   0.198230E+08  -0.474010E+00   0.105207E+08   0.105207E+08   0.940952E-01
   0.174570E-03   0.198158E+08   0.198158E+08   0.227996E+08   0.227948E+08   0.000000E+00   0.198158E+08   0.198158E+08   0.198224E+08  -0.473996E+00   0.105205E+08   0.105205E+08   0.972418E-01
   0.180487E-03   0.198153E+08   0.198153E+08   0.225669E+08   0.225619E+08   0.000000E+00   0.198153E+08   0.198153E+08   0.198219E+08  -0.473981E+00   0.105202E+08   0.105202E+08   0.100491E+00
   0.186605E-03   0.198147E+08   0.198147E+08   0.223207E+08   0.223154E+08   0.000000E+00   0.198147E+08   0.198147E+08   0.198213E+08  -0.473965E+00   0.105199E+08   0.105199E+08   0.103845E+00
   0.192930E-03   0.198142E+08   0.198142E+08   0.220602E+08   0.220546E+08   0.000000E+00   0.198142E+08   0.198142E+08   0.198206E+08  -0.473948E+00   0.105196E+08   0.105196E+08   0.107308E+00
   0.199469E-03   0.198136E+08   0.198136E+08   0.217848E+08   0.217789E+08   0.000000E+00   0.198136E+08   0.198136E+08   0.198199E+08  -0.473930E+00   0.105193E+08   0.105193E+08   0.110882E+00
   0.206230E-03   0.198129E+08   0.198129E+08   0.214939E+08   0.214877E+08   0.000000E+00   0.198129E+08   0.198129E+08   0.198192E+08  -0.473911E+00   0.105190E+08   0.105190E+08   0.114572E+00
   0.213220E-03   0.198122E+08   0.198122E+08   0.211869E+08   0.211805E+08   0.000000E+00   0.198122E+08   0.198122E+08   0.198184E+08  -0.473890E+00   0.105186E+08   0.105186E+08   0.118379E+00
   0.220448E-03   0.198115E+08   0.198115E+08   0.208633E+08   0.208565E+08   0.000000E+00   0.198115E+08   0.198115E+08   0.198176E+08  -0.473869E+00   0.105182E+08   0.105182E+08   0.122308E+00
   0.227920E-03   0.198107E+08   0.198107E+08   0.205224E+08   0.205153E+08   0.000000E+00   0.198107E+08   0.198107E+08   0.198167E+08  -0.473845E+00   0.105178E+08   0.105178E+08   0.126361E+00
   0.235645E-03   0.198099E+08   0.198099E+08   0.201636E+08   0.201562E+08   0.000000E+00   0.198099E+08   0.198099E+08   0.198158E+08  -0.473820E+00   0.105173E+08   0.105173E+08   0.130543E+00
   0.243632E-03   0.198090E+08   0.198090E+08   0.197865E+08   0.197789E+08   0.000000E+00   0.198090E+08   0.198090E+08   0.198148E+08  -0.473794E+00   0.105168E+08   0.105168E+08   0.134857E+00
   0.251890E-03   0.198080E+08   0.198080E+08   0.193907E+08   0.193827E+08   0.000000E+00   0.198080E+08   0.198080E+08   0.198137E+08  -0.473766E+00   0.105163E+08   0.105163E+08   0.139306E+00
   0.260428E-03   0.198070E+08   0.198070E+08   0.189756E+08   0.189674E+08   0.000000E+00   0.198070E+08   0.198070E+08   0.198126E+08  -0.473736E+00   0.105158E+08   0.105158E+08   0.143894E+00
   0.269255E-03   0.198059E+08   0.198059E+08   0.185411E+08   0.185325E+08   0.000000E+00   0.198059E+08   0.198059E+08   0.198113E+08  -0.473704E+00   0.105152E+08   0.105152E+08   0.148624E+00
   0.278382E-03   0.198048E+08   0.198048E+08   0.180868E+08   0.180779E+08   0.000000E+00   0.198048E+08   0.198048E+08   0.198101E+08  -0.473671E+00   0.105146E+08   0.105146E+08   0.153500E+00
   0.287817E-03   0.198035E+08   0.198035E+08   0.176126E+08   0.176035E+08   0.000000E+00   0.198035E+08   0.198035E+08   0.198087E+08  -0.473635E+00   0.105139E+08   0.105139E+08   0.158526E+00
   0.297573E-03   0.198022E+08   0.198022E+08   0.171185E+08   0.171092E+08   0.000000E+00   0.198022E+08   0.198022E+08   0.198072E+08  -0.473597E+00   0.105132E+08   0.105132E+08   0.163706E+00
   0.307659E-03   0.198008E+08   0.198008E+08   0.166046E+08   0.165951E+08   0.000000E+00   0.198008E+08   0.198008E+08   0.198057E+08  -0.473556E+00   0.105124E+08   0.105124E+08   0.169042E+00
   0.318088E-03   0.197993E+08   0.197993E+08   0.160713E+08   0.160616E+08   0.000000E+00   0.197993E+08   0.197993E+08   0.198040E+08  -0.473513E+00   0.105116E+08   0.105116E+08   0.174540E+00
   0.328869E-03   0.197978E+08   0.197977E+08   0.155189E+08   0.155090E+08   0.000000E+00   0.197978E+08   0.197978E+08   0.198023E+08  -0.473467E+00   0.105108E+08   0.105108E+08   0.180202E+00
   0.340016E-03   0.197961E+08   0.197961E+08   0.149481E+08   0.149382E+08   0.000000E+00   0.197961E+08   0.197961E+08   0.198004E+08  -0.473419E+00   0.105099E+08   0.105099E+08   0.186032E+00
   0.351541E-03   0.197943E+08   0.197943E+08   0.143598E+08   0.143498E+08   0.000000E+00   0.197943E+08   0.197943E+08   0.197985E+08  -0.473367E+00   0.105089E+08   0.105089E+08   0.192034E+00
   0.363457E-03   0.197924E+08   0.197924E+08   0.137552E+08   0.137451E+08   0.000000E+00   0.197924E+08   0.197924E+08   0.197964E+08  -0.473313E+00   0.105079E+08   0.105079E+08   0.198212E+00
   0.375776E-03   0.197903E+08   0.197903E+08   0.131354E+08   0.131255E+08   0.000000E+00   0.197903E+08   0.197903E+08   0.197942E+08  -0.473255E+00   0.105068E+08   0.105068E+08   0.204569E+00
   0.388513E-03   0.197882E+08   0.197881E+08   0.125023E+08   0.124925E+08   0.000000E+00   0.197882E+08   0.197882E+08   0.197918E+08  -0.473194E+00   0.105056E+08   0.105056E+08   0.211109E+00
   0.401682E-03   0.197859E+08   0.197858E+08   0.118577E+08   0.118481E+08   0.000000E+00   0.197859E+08   0.197859E+08   0.197893E+08  -0.473129E+00   0.105044E+08   0.105044E+08   0.217836E+00
   0.415297E-03   0.197834E+08   0.197834E+08   0.112039E+08   0.111946E+08   0.000000E+00   0.197834E+08   0.197834E+08   0.197867E+08  -0.473061E+00   0.105031E+08   0.105031E+08   0.224754E+00
   0.429373E-03   0.197808E+08   0.197808E+08   0.105435E+08   0.105345E+08   0.000000E+00   0.197808E+08   0.197808E+08   0.197839E+08  -0.472989E+00   0.105016E+08   0.105016E+08   0.231865E+00
   0.443927E-03   0.197781E+08   0.197780E+08   0.987920E+07   0.987067E+07   0.000000E+00   0.197781E+08   0.197781E+08   0.197809E+08  -0.472912E+00   0.105002E+08   0.105002E+08   0.239175E+00
   0.458974E-03   0.197751E+08   0.197751E+08   0.921433E+07   0.920634E+07   0.000000E+00   0.197751E+08   0.197751E+08   0.197778E+08  -0.472831E+00   0.104986E+08   0.104986E+08   0.246686E+00
   0.474531E-03   0.197720E+08   0.197720E+08   0.855234E+07   0.854498E+07   0.000000E+00   0.197720E+08   0.197720E+08   0.197745E+08  -0.472746E+00   0.104969E+08   0.104969E+08   0.254402E+00
   0.490615E-03   0.197687E+08   0.197687E+08   0.789695E+07   0.789031E+07   0.000000E+00   0.197687E+08   0.197687E+08   0.197710E+08  -0.472656E+00   0.104951E+08   0.104951E+08   0.262327E+00
   0.507245E-03   0.197652E+08   0.197652E+08   0.725218E+07   0.724635E+07   0.000000E+00   0.197652E+08   0.197652E+08   0.197673E+08  -0.472561E+00   0.104932E+08   0.104932E+08   0.270464E+00
   0.524438E-03   0.197615E+08   0.197615E+08   0.662219E+07   0.661725E+07   0.000000E+00   0.197615E+08   0.197615E+08   0.197634E+08  -0.472461E+00   0.104912E+08   0.104912E+08   0.278818E+00
   0.542214E-03   0.197575E+08   0.197575E+08   0.601130E+07   0.600730E+07   0.000000E+00   0.197575E+08   0.197575E+08   0.197593E+08  -0.472356E+00   0.104891E+08   0.104891E+08   0.287393E+00
   0.560592E-03   0.197534E+08   0.197533E+08   0.542383E+07   0.542084E+07   0.000000E+00   0.197534E+08   0.197534E+08   0.197550E+08  -0.472246E+00   0.104868E+08   0.104868E+08   0.296192E+00
   0.579593E-03   0.197490E+08   0.197489E+08   0.486409E+07   0.486214E+07   0.000000E+00   0.197490E+08   0.197490E+08   0.197504E+08  -0.472129E+00   0.104844E+08   0.104844E+08   0.305219E+00
   0.599239E-03   0.197443E+08   0.197442E+08   0.433620E+07   0.433530E+07   0.000000E+00   0.197443E+08   0.197443E+08   0.197455E+08  -0.472006E+00   0.104819E+08   0.104819E+08   0.314480E+00
   0.619550E-03   0.197393E+08   0.197393E+08   0.384400E+07   0.384415E+07   0.000000E+00   0.197393E+08   0.197393E+08   0.197404E+08  -0.471878E+00   0.104792E+08   0.104792E+08   0.323978E+00
   0.640550E-03   0.197341E+08   0.197340E+08   0.339088E+07   0.339204E+07   0.000000E+00   0.197341E+08   0.197341E+08   0.197351E+08  -0.471743E+00   0.104764E+08   0.104764E+08   0.333718E+00
   0.662261E-03   0.197286E+08   0.197285E+08   0.297968E+07   0.298177E+07   0.000000E+00   0.197286E+08   0.197286E+08   0.197294E+08  -0.471601E+00   0.104734E+08   0.104734E+08   0.343706E+00
   0.684709E-03   0.197227E+08   0.197227E+08   0.261249E+07   0.261540E+07   0.000000E+00   0.197227E+08   0.197227E+08   0.197235E+08  -0.471452E+00   0.104703E+08   0.104703E+08   0.353946E+00
   0.707917E-03   0.197166E+08   0.197165E+08   0.229053E+07   0.229413E+07   0.000000E+00   0.197165E+08   0.197165E+08   0.197172E+08  -0.471295E+00   0.104670E+08   0.104670E+08   0.364444E+00
   0.731912E-03   0.197100E+08   0.197100E+08   0.201401E+07   0.201812E+07   0.000000E+00   0.197100E+08   0.197100E+08   0.197106E+08  -0.471131E+00   0.104635E+08   0.104635E+08   0.375208E+00
   0.756720E-03   0.197032E+08   0.197031E+08   0.178203E+07   0.178645E+07   0.000000E+00   0.197032E+08   0.197032E+08   0.197037E+08  -0.470959E+00   0.104598E+08   0.104598E+08   0.386242E+00
   0.782369E-03   0.196959E+08   0.196959E+08   0.159252E+07   0.159703E+07   0.000000E+00   0.196959E+08   0.196959E+08   0.196964E+08  -0.470779E+00   0.104559E+08   0.104559E+08   0.397554E+00
   0.808888E-03   0.196883E+08   0.196882E+08   0.144219E+07   0.144655E+07   0.000000E+00   0.196883E+08   0.196883E+08   0.196887E+08  -0.470590E+00   0.104518E+08   0.104517E+08   0.409151E+00
   0.836305E-03   0.196803E+08   0.196802E+08   0.132662E+07   0.133059E+07   0.000000E+00   0.196802E+08   0.196802E+08   0.196806E+08  -0.470392E+00   0.104474E+08   0.104474E+08   0.421041E+00
   0.864652E-03   0.196718E+08   0.196717E+08   0.124034E+07   0.124370E+07   0.000000E+00   0.196718E+08   0.196718E+08   0.196721E+08  -0.470184E+00   0.104429E+08   0.104429E+08   0.433232E+00
   0.893959E-03   0.196629E+08   0.196628E+08   0.117707E+07   0.117962E+07   0.000000E+00   0.196629E+08   0.196629E+08   0.196632E+08  -0.469967E+00   0.104381E+08   0.104381E+08   0.445733E+00
   0.924260E-03   0.196535E+08   0.196534E+08   0.113000E+07   0.113158E+07   0.000000E+00   0.196535E+08   0.196535E+08   0.196538E+08  -0.469738E+00   0.104331E+08   0.104331E+08   0.458551E+00
   0.955588E-03   0.196436E+08   0.196435E+08   0.109213E+07   0.109266E+07   0.000000E+00   0.196436E+08   0.196436E+08   0.196440E+08  -0.469499E+00   0.104278E+08   0.104278E+08   0.471697E+00
   0.987978E-03   0.196333E+08   0.196332E+08   0.105676E+07   0.105624E+07   0.000000E+00   0.196333E+08   0.196333E+08   0.196336E+08  -0.469248E+00   0.104222E+08   0.104222E+08   0.485180E+00
   0.102147E-02   0.196224E+08   0.196223E+08   0.101792E+07   0.101643E+07   0.000000E+00   0.196224E+08   0.196224E+08   0.196227E+08  -0.468985E+00   0.104164E+08   0.104164E+08   0.499008E+00
   0.105609E-02   0.196110E+08   0.196108E+08   0.970874E+06   0.968580E+06   0.000000E+00   0.196110E+08   0.196110E+08   0.196112E+08  -0.468710E+00   0.104103E+08   0.104103E+08   0.513192E+00
   0.109188E-02   0.195990E+08   0.195988E+08   0.912524E+06   0.909685E+06   0.000000E+00   0.195990E+08   0.195990E+08   0.195992E+08  -0.468420E+00   0.104039E+08   0.104039E+08   0.527741E+00
   0.112889E-02   0.195864E+08   0.195862E+08   0.841734E+06   0.838673E+06   0.000000E+00   0.195864E+08   0.195864E+08   0.195866E+08  -0.468117E+00   0.103971E+08   0.103971E+08   0.542663E+00
   0.116716E-02   0.195732E+08   0.195730E+08   0.759474E+06   0.756548E+06   0.000000E+00   0.195731E+08   0.195731E+08   0.195734E+08  -0.467799E+00   0.103901E+08   0.103901E+08   0.557970E+00
   0.120672E-02   0.195593E+08   0.195591E+08   0.668741E+06   0.666305E+06   0.000000E+00   0.195593E+08   0.195593E+08   0.195595E+08  -0.467466E+00   0.103827E+08   0.103827E+08   0.573669E+00
   0.124762E-02   0.195448E+08   0.195446E+08   0.574222E+06   0.572579E+06   0.000000E+00   0.195448E+08   0.195448E+08   0.195449E+08  -0.467117E+00   0.103750E+08   0.103749E+08   0.589771E+00
   0.128991E-02   0.195295E+08   0.195294E+08   0.481698E+06   0.481051E+06   0.000000E+00   0.195295E+08   0.195295E+08   0.195297E+08  -0.466751E+00   0.103668E+08   0.103668E+08   0.606284E+00
   0.133363E-02   0.195136E+08   0.195134E+08   0.397214E+06   0.397625E+06   0.000000E+00   0.195136E+08   0.195136E+08   0.195137E+08  -0.466367E+00   0.103583E+08   0.103583E+08   0.623218E+00
   0.137883E-02   0.194969E+08   0.194966E+08   0.326124E+06   0.327488E+06   0.000000E+00   0.194968E+08   0.194968E+08   0.194969E+08  -0.465966E+00   0.103494E+08   0.103494E+08   0.640583E+00
   0.142557E-02   0.194794E+08   0.194791E+08   0.272134E+06   0.274182E+06   0.000000E+00   0.194793E+08   0.194793E+08   0.194794E+08  -0.465545E+00   0.103401E+08   0.103401E+08   0.658390E+00
   0.147389E-02   0.194610E+08   0.194608E+08   0.236536E+06   0.238862E+06   0.000000E+00   0.194610E+08   0.194610E+08   0.194611E+08  -0.465106E+00   0.103304E+08   0.103303E+08   0.676647E+00
   0.152385E-02   0.194418E+08   0.194416E+08   0.217801E+06   0.219933E+06   0.000000E+00   0.194418E+08   0.194418E+08   0.194419E+08  -0.464646E+00   0.103201E+08   0.103201E+08   0.695367E+00
   0.157550E-02   0.194218E+08   0.194215E+08   0.211716E+06   0.213209E+06   0.000000E+00   0.194217E+08   0.194217E+08   0.194218E+08  -0.464165E+00   0.103095E+08   0.103095E+08   0.714561E+00
   0.162890E-02   0.194008E+08   0.194005E+08   0.212113E+06   0.212652E+06   0.000000E+00   0.194007E+08   0.194007E+08   0.194008E+08  -0.463662E+00   0.102983E+08   0.102983E+08   0.734241E+00
   0.168411E-02   0.193789E+08   0.193785E+08   0.212145E+06   0.211634E+06   0.000000E+00   0.193788E+08   0.193788E+08   0.193789E+08  -0.463136E+00   0.102866E+08   0.102866E+08   0.754418E+00
   0.174119E-02   0.193559E+08   0.193556E+08   0.205879E+06   0.204490E+06   0.000000E+00   0.193559E+08   0.193559E+08   0.193559E+08  -0.462587E+00   0.102744E+08   0.102744E+08   0.775106E+00
   0.180021E-02   0.193320E+08   0.193316E+08   0.189828E+06   0.187978E+06   0.000000E+00   0.193319E+08   0.193319E+08   0.193320E+08  -0.462014E+00   0.102617E+08   0.102617E+08   0.796316E+00
   0.186123E-02   0.193069E+08   0.193065E+08   0.163973E+06   0.162227E+06   0.000000E+00   0.193069E+08   0.193069E+08   0.193069E+08  -0.461415E+00   0.102484E+08   0.102484E+08   0.818061E+00
   0.192432E-02   0.192808E+08   0.192804E+08   0.131844E+06   0.130749E+06   0.000000E+00   0.192807E+08   0.192807E+08   0.192808E+08  -0.460789E+00   0.102345E+08   0.102345E+08   0.840354E+00
   0.198954E-02   0.192535E+08   0.192531E+08   0.994676E+05   0.993644E+05   0.000000E+00   0.192535E+08   0.192535E+08   0.192535E+08  -0.460137E+00   0.102200E+08   0.102200E+08   0.863207E+00
   0.205698E-02   0.192251E+08   0.192246E+08   0.733417E+05   0.742195E+05   0.000000E+00   0.192250E+08   0.192250E+08   0.192250E+08  -0.459456E+00   0.102049E+08   0.102049E+08   0.886632E+00
   0.212670E-02   0.191954E+08   0.191949E+08   0.580113E+05   0.594739E+05   0.000000E+00   0.191953E+08   0.191953E+08   0.191953E+08  -0.458745E+00   0.101891E+08   0.101891E+08   0.910643E+00
   0.219879E-02   0.191644E+08   0.191639E+08   0.541652E+05   0.555493E+05   0.000000E+00   0.191643E+08   0.191643E+08   0.191643E+08  -0.458005E+00   0.101727E+08   0.101727E+08   0.935254E+00
   0.227331E-02   0.191321E+08   0.191316E+08   0.581552E+05   0.587845E+05   0.000000E+00   0.191321E+08   0.191321E+08   0.191321E+08  -0.457233E+00   0.101555E+08   0.101555E+08   0.960478E+00
   0.235037E-02   0.190985E+08   0.190979E+08   0.634229E+05   0.629039E+05   0.000000E+00   0.190984E+08   0.190984E+08   0.190984E+08  -0.456428E+00   0.101376E+08   0.101376E+08   0.986330E+00
   0.243003E-02   0.190635E+08   0.190628E+08   0.634816E+05   0.618972E+05   0.000000E+00   0.190634E+08   0.190634E+08   0.190634E+08  -0.455591E+00   0.101190E+08   0.101190E+08   0.101282E+01
   0.251240E-02   0.190270E+08   0.190263E+08   0.551832E+05   0.530504E+05   0.000000E+00   0.190269E+08   0.190269E+08   0.190269E+08  -0.454718E+00   0.100997E+08   0.100997E+08   0.103998E+01
   0.259756E-02   0.189890E+08   0.189883E+08   0.405078E+05   0.384699E+05   0.000000E+00   0.189889E+08   0.189889E+08   0.189889E+08  -0.453810E+00   0.100795E+08   0.100795E+08   0.106780E+01
   0.268560E-02   0.189495E+08   0.189487E+08   0.255561E+05   0.239417E+05   0.000000E+00   0.189494E+08   0.189494E+08   0.189494E+08  -0.452865E+00   0.100585E+08   0.100585E+08   0.109631E+01
   0.277663E-02   0.189084E+08   0.189076E+08   0.168765E+05   0.153985E+05   0.000000E+00   0.189083E+08   0.189083E+08   0.189083E+08  -0.451883E+00   0.100367E+08   0.100367E+08   0.112552E+01
   0.287074E-02   0.188657E+08   0.188648E+08   0.171078E+05   0.149665E+05   0.000000E+00   0.188655E+08   0.188655E+08   0.188655E+08  -0.450860E+00   0.100140E+08   0.100140E+08   0.115545E+01
   0.296805E-02   0.188212E+08   0.188203E+08   0.229077E+05   0.193408E+05   0.000000E+00   0.188211E+08   0.188211E+08   0.188211E+08  -0.449798E+00   0.999038E+07   0.999037E+07   0.118611E+01
   0.306865E-02   0.187751E+08   0.187740E+08   0.271255E+05   0.220986E+05   0.000000E+00   0.187749E+08   0.187749E+08   0.187749E+08  -0.448694E+00   0.996586E+07   0.996585E+07   0.121752E+01
   0.317266E-02   0.187271E+08   0.187260E+08   0.242053E+05   0.187081E+05   0.000000E+00   0.187269E+08   0.187269E+08   0.187269E+08  -0.447548E+00   0.994039E+07   0.994038E+07   0.124969E+01
   0.328020E-02   0.186773E+08   0.186761E+08   0.147832E+05   0.103639E+05   0.000000E+00   0.186771E+08   0.186771E+08   0.186771E+08  -0.446357E+00   0.991395E+07   0.991394E+07   0.128265E+01
   0.339138E-02   0.186256E+08   0.186244E+08   0.522362E+04   0.297599E+04   0.000000E+00   0.186254E+08   0.186254E+08   0.186254E+08  -0.445121E+00   0.988650E+07   0.988649E+07   0.131640E+01
   0.350634E-02   0.185720E+08   0.185706E+08   0.176670E+04   0.155865E+04   0.000000E+00   0.185718E+08   0.185718E+08   0.185718E+08  -0.443839E+00   0.985802E+07   0.985801E+07   0.135096E+01
   0.362518E-02   0.185164E+08   0.185149E+08   0.441350E+04   0.509415E+04   0.000000E+00   0.185161E+08   0.185161E+08   0.185162E+08  -0.442509E+00   0.982848E+07   0.982846E+07   0.138636E+01
   0.374806E-02   0.184587E+08   0.184572E+08   0.707298E+04   0.752812E+04   0.000000E+00   0.184585E+08   0.184585E+08   0.184585E+08  -0.441130E+00   0.979785E+07   0.979784E+07   0.142259E+01
   0.387510E-02   0.183989E+08   0.183973E+08   0.462510E+04   0.461356E+04   0.000000E+00   0.183987E+08   0.183987E+08   0.183987E+08  -0.439701E+00   0.976611E+07   0.976609E+07   0.145969E+01
   0.400645E-02   0.183370E+08   0.183352E+08  -0.827250E+03  -0.958840E+03   0.000000E+00   0.183367E+08   0.183367E+08   0.183367E+08  -0.438220E+00   0.973322E+07   0.973320E+07   0.149766E+01
   0.414225E-02   0.182728E+08   0.182710E+08  -0.278124E+04  -0.301273E+04   0.000000E+00   0.182725E+08   0.182725E+08   0.182725E+08  -0.436687E+00   0.969916E+07   0.969914E+07   0.153652E+01
   0.428265E-02   0.182064E+08   0.182044E+08   0.439950E+03  -0.300811E+03   0.000000E+00   0.182061E+08   0.182061E+08   0.182061E+08  -0.435099E+00   0.966390E+07   0.966388E+07   0.157629E+01
   0.442781E-02   0.181377E+08   0.181356E+08   0.280408E+04   0.168596E+04   0.000000E+00   0.181374E+08   0.181374E+08   0.181374E+08  -0.433456E+00   0.962740E+07   0.962738E+07   0.161698E+01
   0.457789E-02   0.180666E+08   0.180644E+08  -0.401981E+03  -0.928239E+03   0.000000E+00   0.180663E+08   0.180663E+08   0.180663E+08  -0.431756E+00   0.958965E+07   0.958963E+07   0.165861E+01
   0.473306E-02   0.179931E+08   0.179907E+08  -0.463340E+04  -0.422198E+04   0.000000E+00   0.179927E+08   0.179927E+08   0.179927E+08  -0.429999E+00   0.955061E+07   0.955058E+07   0.170119E+01
   0.489348E-02   0.179171E+08   0.179145E+08  -0.330260E+04  -0.323422E+04   0.000000E+00   0.179167E+08   0.179167E+08   0.179167E+08  -0.428181E+00   0.951025E+07   0.951022E+07   0.174472E+01
   0.505935E-02   0.178385E+08   0.178358E+08   0.477770E+03  -0.852135E+03   0.000000E+00   0.178381E+08   0.178381E+08   0.178381E+08  -0.426304E+00   0.946854E+07   0.946851E+07   0.178923E+01
   0.523084E-02   0.177574E+08   0.177545E+08  -0.670085E+03  -0.223719E+04   0.000000E+00   0.177569E+08   0.177569E+08   0.177569E+08  -0.424364E+00   0.942546E+07   0.942543E+07   0.183473E+01
   0.540814E-02   0.176736E+08   0.176705E+08  -0.405938E+04  -0.458776E+04   0.000000E+00   0.176731E+08   0.176731E+08   0.176731E+08  -0.422361E+00   0.938097E+07   0.938094E+07   0.188122E+01
   0.559145E-02   0.175871E+08   0.175838E+08  -0.233161E+04  -0.322385E+04   0.000000E+00   0.175866E+08   0.175866E+08   0.175866E+08  -0.420293E+00   0.933505E+07   0.933501E+07   0.192871E+01
   0.578097E-02   0.174979E+08   0.174944E+08   0.753804E+03  -0.185560E+04   0.000000E+00   0.174974E+08   0.174974E+08   0.174974E+08  -0.418160E+00   0.928766E+07   0.928763E+07   0.197721E+01
   0.597692E-02   0.174058E+08   0.174021E+08  -0.134523E+04  -0.362099E+04   0.000000E+00   0.174053E+08   0.174053E+08   0.174053E+08  -0.415959E+00   0.923878E+07   0.923875E+07   0.202672E+01
   0.617951E-02   0.173109E+08   0.173070E+08  -0.315425E+04   0.561044E+03   0.000000E+00   0.173103E+08   0.173103E+08   0.173103E+08  -0.413690E+00   0.918839E+07   0.918835E+07   0.207726E+01
   0.638896E-02   0.172131E+08   0.172089E+08  -0.135183E+04   0.780784E+04   0.000000E+00   0.172125E+08   0.172125E+08   0.172125E+08  -0.411351E+00   0.913644E+07   0.913640E+07   0.212880E+01
   0.660551E-02   0.171123E+08   0.171078E+08  -0.249867E+04   0.682392E+04   0.000000E+00   0.171116E+08   0.171116E+08   0.171116E+08  -0.408941E+00   0.908291E+07   0.908287E+07   0.218136E+01
   0.682941E-02   0.170085E+08   0.170037E+08  -0.393413E+04   0.716039E+04   0.000000E+00   0.170078E+08   0.170078E+08   0.170078E+08  -0.406459E+00   0.902778E+07   0.902773E+07   0.223493E+01
   0.706089E-02   0.169016E+08   0.168965E+08  -0.129916E+04   0.104260E+05   0.000000E+00   0.169008E+08   0.169008E+08   0.169008E+08  -0.403903E+00   0.897101E+07   0.897096E+07   0.228950E+01
   0.730022E-02   0.167916E+08   0.167861E+08  -0.173210E+04   0.878124E+04   0.000000E+00   0.167907E+08   0.167907E+08   0.167907E+08  -0.401272E+00   0.891257E+07   0.891252E+07   0.234506E+01
   0.754766E-02   0.166783E+08   0.166726E+08  -0.296267E+04   0.904701E+04   0.000000E+00   0.166774E+08   0.166774E+08   0.166774E+08  -0.398565E+00   0.885244E+07   0.885239E+07   0.240159E+01
   0.780349E-02   0.165619E+08   0.165557E+08  -0.143944E+04   0.992778E+04   0.000000E+00   0.165609E+08   0.165609E+08   0.165609E+08  -0.395780E+00   0.879059E+07   0.879053E+07   0.245907E+01
   0.806799E-02   0.164421E+08   0.164356E+08  -0.200290E+04   0.818284E+04   0.000000E+00   0.164411E+08   0.164411E+08   0.164411E+08  -0.392917E+00   0.872699E+07   0.872693E+07   0.251746E+01
   0.834146E-02   0.163190E+08   0.163121E+08  -0.108774E+04   0.905742E+04   0.000000E+00   0.163179E+08   0.163179E+08   0.163179E+08  -0.389973E+00   0.866161E+07   0.866154E+07   0.257675E+01
   0.862420E-02   0.161925E+08   0.161851E+08  -0.122676E+04   0.789972E+04   0.000000E+00   0.161913E+08   0.161913E+08   0.161913E+08  -0.386948E+00   0.859442E+07   0.859435E+07   0.263689E+01
   0.891651E-02   0.160625E+08   0.160547E+08  -0.135944E+04   0.774156E+04   0.000000E+00   0.160613E+08   0.160613E+08   0.160613E+08  -0.383840E+00   0.852540E+07   0.852532E+07   0.269783E+01
   0.921874E-02   0.159290E+08   0.159208E+08  -0.126573E+04   0.734919E+04   0.000000E+00   0.159278E+08   0.159278E+08   0.159278E+08  -0.380649E+00   0.845451E+07   0.845443E+07   0.275952E+01
   0.953121E-02   0.157920E+08   0.157832E+08  -0.233261E+04   0.666545E+04   0.000000E+00   0.157907E+08   0.157907E+08   0.157907E+08  -0.377372E+00   0.838173E+07   0.838165E+07   0.282190E+01
   0.985427E-02   0.156514E+08   0.156421E+08  -0.833461E+03   0.653604E+04   0.000000E+00   0.156499E+08   0.156499E+08   0.156499E+08  -0.374009E+00   0.830704E+07   0.830695E+07   0.288489E+01
   0.101883E-01   0.155071E+08   0.154972E+08  -0.154471E+04   0.581810E+04   0.000000E+00   0.155055E+08   0.155055E+08   0.155055E+08  -0.370558E+00   0.823039E+07   0.823030E+07   0.294842E+01
   0.105336E-01   0.153590E+08   0.153486E+08  -0.954179E+03   0.563887E+04   0.000000E+00   0.153574E+08   0.153574E+08   0.153574E+08  -0.367019E+00   0.815178E+07   0.815168E+07   0.301238E+01
   0.108907E-01   0.152073E+08   0.151962E+08  -0.121701E+04   0.514276E+04   0.000000E+00   0.152056E+08   0.152056E+08   0.152056E+08  -0.363389E+00   0.807117E+07   0.807106E+07   0.307668E+01
   0.112598E-01   0.150517E+08   0.150399E+08  -0.416328E+03   0.473659E+04   0.000000E+00   0.150499E+08   0.150499E+08   0.150499E+08  -0.359669E+00   0.798853E+07   0.798842E+07   0.314120E+01
   0.116414E-01   0.148922E+08   0.148798E+08  -0.931357E+03   0.459507E+04   0.000000E+00   0.148903E+08   0.148903E+08   0.148903E+08  -0.355856E+00   0.790384E+07   0.790373E+07   0.320581E+01
   0.120360E-01   0.147289E+08   0.147157E+08  -0.104051E+04   0.394612E+04   0.000000E+00   0.147269E+08   0.147269E+08   0.147269E+08  -0.351949E+00   0.781708E+07   0.781696E+07   0.327035E+01
   0.124440E-01   0.145616E+08   0.145477E+08  -0.969539E+03   0.397702E+04   0.000000E+00   0.145595E+08   0.145595E+08   0.145595E+08  -0.347949E+00   0.772822E+07   0.772810E+07   0.333467E+01
   0.128658E-01   0.143904E+08   0.143756E+08  -0.699836E+03   0.350763E+04   0.000000E+00   0.143881E+08   0.143881E+08   0.143881E+08  -0.343853E+00   0.763725E+07   0.763712E+07   0.339858E+01
   0.133019E-01   0.142151E+08   0.141995E+08  -0.849935E+03   0.317870E+04   0.000000E+00   0.142127E+08   0.142127E+08   0.142127E+08  -0.339661E+00   0.754414E+07   0.754400E+07   0.346188E+01
   0.137527E-01   0.140357E+08   0.140193E+08  -0.260710E+03   0.315056E+04   0.000000E+00   0.140332E+08   0.140332E+08   0.140332E+08  -0.335371E+00   0.744888E+07   0.744873E+07   0.352436E+01
   0.142189E-01   0.138523E+08   0.138349E+08  -0.577025E+03   0.280173E+04   0.000000E+00   0.138496E+08   0.138496E+08   0.138496E+08  -0.330985E+00   0.735144E+07   0.735129E+07   0.358577E+01
   0.147008E-01   0.136648E+08   0.136465E+08  -0.781803E+03   0.247839E+04   0.000000E+00   0.136620E+08   0.136620E+08   0.136620E+08  -0.326500E+00   0.725183E+07   0.725167E+07   0.364585E+01
   0.151991E-01   0.134732E+08   0.134538E+08  -0.478030E+03   0.239425E+04   0.000000E+00   0.134702E+08   0.134702E+08   0.134702E+08  -0.321916E+00   0.715003E+07   0.714986E+07   0.370431E+01
   0.157143E-01   0.132774E+08   0.132570E+08  -0.351607E+03   0.228557E+04   0.000000E+00   0.132743E+08   0.132743E+08   0.132743E+08  -0.317234E+00   0.704604E+07   0.704586E+07   0.376085E+01
   0.162469E-01   0.130775E+08   0.130561E+08  -0.551102E+03   0.205653E+04   0.000000E+00   0.130742E+08   0.130742E+08   0.130742E+08  -0.312453E+00   0.693986E+07   0.693967E+07   0.381513E+01
   0.167976E-01   0.128735E+08   0.128510E+08  -0.270850E+03   0.182111E+04   0.000000E+00   0.128701E+08   0.128701E+08   0.128701E+08  -0.307574E+00   0.683149E+07   0.683129E+07   0.386679E+01
   0.173670E-01   0.126655E+08   0.126418E+08  -0.596509E+03   0.165183E+04   0.000000E+00   0.126618E+08   0.126618E+08   0.126618E+08  -0.302598E+00   0.672095E+07   0.672075E+07   0.391545E+01
   0.179557E-01   0.124533E+08   0.124285E+08  -0.350377E+03   0.153380E+04   0.000000E+00   0.124495E+08   0.124495E+08   0.124495E+08  -0.297524E+00   0.660827E+07   0.660805E+07   0.396069E+01
   0.185643E-01   0.122372E+08   0.122112E+08  -0.115246E+03   0.143285E+04   0.000000E+00   0.122332E+08   0.122332E+08   0.122332E+08  -0.292355E+00   0.649347E+07   0.649324E+07   0.400206E+01
   0.191935E-01   0.120172E+08   0.119900E+08  -0.152407E+03   0.133179E+04   0.000000E+00   0.120130E+08   0.120130E+08   0.120130E+08  -0.287093E+00   0.637658E+07   0.637635E+07   0.403911E+01
   0.198441E-01   0.117934E+08   0.117649E+08  -0.668056E+02   0.122787E+04   0.000000E+00   0.117890E+08   0.117890E+08   0.117890E+08  -0.281739E+00   0.625768E+07   0.625744E+07   0.407135E+01
   0.205167E-01   0.115659E+08   0.115361E+08  -0.356746E+03   0.112265E+04   0.000000E+00   0.115613E+08   0.115613E+08   0.115613E+08  -0.276297E+00   0.613681E+07   0.613656E+07   0.409827E+01
   0.212121E-01   0.113348E+08   0.113038E+08  -0.164881E+03   0.101802E+04   0.000000E+00   0.113301E+08   0.113301E+08   0.113301E+08  -0.270771E+00   0.601406E+07   0.601380E+07   0.411932E+01
   0.219311E-01   0.111004E+08   0.110680E+08  -0.121623E+03   0.918128E+03   0.000000E+00   0.110954E+08   0.110954E+08   0.110954E+08  -0.265163E+00   0.588952E+07   0.588925E+07   0.413396E+01
   0.226744E-01   0.108628E+08   0.108291E+08  -0.107755E+03   0.833465E+03   0.000000E+00   0.108576E+08   0.108576E+08   0.108576E+08  -0.259481E+00   0.576330E+07   0.576302E+07   0.414162E+01
   0.234430E-01   0.106223E+08   0.105873E+08  -0.259645E+03   0.776746E+03   0.000000E+00   0.106169E+08   0.106169E+08   0.106169E+08  -0.253728E+00   0.563553E+07   0.563524E+07   0.414172E+01
   0.242376E-01   0.103792E+08   0.103429E+08  -0.168063E+03   0.739225E+03   0.000000E+00   0.103736E+08   0.103736E+08   0.103736E+08  -0.247912E+00   0.550637E+07   0.550607E+07   0.413369E+01
   0.250591E-01   0.101337E+08   0.100962E+08  -0.124671E+03   0.677351E+03   0.000000E+00   0.101279E+08   0.101279E+08   0.101279E+08  -0.242041E+00   0.537597E+07   0.537566E+07   0.411695E+01
   0.259085E-01   0.988626E+07   0.984761E+07  -0.209604E+03   0.585921E+03   0.000000E+00   0.988033E+07   0.988033E+07   0.988033E+07  -0.236124E+00   0.524454E+07   0.524423E+07   0.409092E+01
   0.267867E-01   0.963729E+07   0.959750E+07  -0.741967E+02   0.544687E+03   0.000000E+00   0.963118E+07   0.963118E+07   0.963118E+07  -0.230170E+00   0.511230E+07   0.511197E+07   0.405507E+01
   0.276946E-01   0.938724E+07   0.934636E+07  -0.730928E+02   0.514818E+03   0.000000E+00   0.938096E+07   0.938096E+07   0.938096E+07  -0.224190E+00   0.497948E+07   0.497915E+07   0.400889E+01
   0.286333E-01   0.913660E+07   0.909472E+07  -0.118595E+03   0.439645E+03   0.000000E+00   0.913017E+07   0.913017E+07   0.913017E+07  -0.218197E+00   0.484636E+07   0.484602E+07   0.395190E+01
   0.296039E-01   0.888592E+07   0.884314E+07  -0.227224E+02   0.427972E+03   0.000000E+00   0.887935E+07   0.887935E+07   0.887935E+07  -0.212202E+00   0.471323E+07   0.471288E+07   0.388371E+01
   0.306073E-01   0.863581E+07   0.859224E+07  -0.358011E+02   0.363692E+03   0.000000E+00   0.862912E+07   0.862912E+07   0.862912E+07  -0.206222E+00   0.458041E+07   0.458006E+07   0.380398E+01
   0.316447E-01   0.838690E+07   0.834266E+07  -0.117160E+03   0.353201E+03   0.000000E+00   0.838010E+07   0.838010E+07   0.838010E+07  -0.200271E+00   0.444823E+07   0.444788E+07   0.371246E+01
   0.327173E-01   0.813987E+07   0.809512E+07  -0.400472E+02   0.304954E+03   0.000000E+00   0.813300E+07   0.813300E+07   0.813300E+07  -0.194366E+00   0.431707E+07   0.431671E+07   0.360905E+01
   0.338263E-01   0.789544E+07   0.785033E+07  -0.817575E+02   0.276660E+03   0.000000E+00   0.788851E+07   0.788851E+07   0.788851E+07  -0.188523E+00   0.418729E+07   0.418694E+07   0.349373E+01
   0.349728E-01   0.765435E+07   0.760907E+07  -0.454924E+02   0.263386E+03   0.000000E+00   0.764739E+07   0.764739E+07   0.764739E+07  -0.182761E+00   0.405930E+07   0.405895E+07   0.336667E+01
   0.361582E-01   0.741734E+07   0.737208E+07  -0.568073E+02   0.236377E+03   0.000000E+00   0.741039E+07   0.741039E+07   0.741039E+07  -0.177097E+00   0.393350E+07   0.393315E+07   0.322818E+01
   0.373838E-01   0.718520E+07   0.714017E+07  -0.180667E+02   0.207746E+03   0.000000E+00   0.717828E+07   0.717828E+07   0.717828E+07  -0.171549E+00   0.381030E+07   0.380995E+07   0.307879E+01
   0.386510E-01   0.695864E+07   0.691406E+07  -0.559149E+02   0.185178E+03   0.000000E+00   0.695180E+07   0.695180E+07   0.695180E+07  -0.166137E+00   0.369008E+07   0.368974E+07   0.291922E+01
   0.399610E-01   0.673841E+07   0.669452E+07  -0.381515E+02   0.167200E+03   0.000000E+00   0.673167E+07   0.673167E+07   0.673167E+07  -0.160876E+00   0.357323E+07   0.357290E+07   0.275041E+01
   0.413155E-01   0.652516E+07   0.648218E+07  -0.285336E+02   0.152432E+03   0.000000E+00   0.651856E+07   0.651856E+07   0.651856E+07  -0.155783E+00   0.346011E+07   0.345979E+07   0.257356E+01
   0.427159E-01   0.631949E+07   0.627768E+07  -0.420689E+02   0.141278E+03   0.000000E+00   0.631307E+07   0.631307E+07   0.631307E+07  -0.150872E+00   0.335104E+07   0.335073E+07   0.239010E+01
   0.441638E-01   0.612189E+07   0.608147E+07  -0.402820E+02   0.132035E+03   0.000000E+00   0.611568E+07   0.611568E+07   0.611568E+07  -0.146155E+00   0.324626E+07   0.324597E+07   0.220169E+01
   0.456607E-01   0.593274E+07   0.589394E+07  -0.409652E+02   0.117337E+03   0.000000E+00   0.592678E+07   0.592678E+07   0.592678E+07  -0.141641E+00   0.314599E+07   0.314571E+07   0.201024E+01
   0.472084E-01   0.575227E+07   0.571530E+07  -0.191426E+02   0.101681E+03   0.000000E+00   0.574659E+07   0.574659E+07   0.574659E+07  -0.137334E+00   0.305034E+07   0.305008E+07   0.181791E+01
   0.488085E-01   0.558052E+07   0.554557E+07  -0.280620E+02   0.986067E+02   0.000000E+00   0.557515E+07   0.557515E+07   0.557515E+07  -0.133237E+00   0.295934E+07   0.295910E+07   0.162699E+01
   0.504629E-01   0.541736E+07   0.538458E+07  -0.377760E+02   0.839425E+02   0.000000E+00   0.541232E+07   0.541232E+07   0.541232E+07  -0.129346E+00   0.287290E+07   0.287269E+07   0.143998E+01
   0.521734E-01   0.526242E+07   0.523194E+07  -0.304292E+02   0.814946E+02   0.000000E+00   0.525774E+07   0.525774E+07   0.525774E+07  -0.125652E+00   0.279085E+07   0.279065E+07   0.125945E+01
   0.539417E-01   0.511512E+07   0.508701E+07  -0.126015E+02   0.708515E+02   0.000000E+00   0.511080E+07   0.511080E+07   0.511080E+07  -0.122140E+00   0.271285E+07   0.271267E+07   0.108797E+01
   0.557701E-01   0.497467E+07   0.494896E+07  -0.100381E+02   0.631095E+02   0.000000E+00   0.497072E+07   0.497072E+07   0.497072E+07  -0.118792E+00   0.263849E+07   0.263834E+07   0.928151E+00
   0.576604E-01   0.484005E+07   0.481670E+07  -0.198526E+02   0.586848E+02   0.000000E+00   0.483647E+07   0.483647E+07   0.483647E+07  -0.115584E+00   0.256723E+07   0.256709E+07   0.782368E+00
   0.596149E-01   0.471005E+07   0.468896E+07  -0.150389E+02   0.539999E+02   0.000000E+00   0.470681E+07   0.470681E+07   0.470681E+07  -0.112485E+00   0.249840E+07   0.249828E+07   0.652767E+00
   0.616355E-01   0.458330E+07   0.456432E+07  -0.204941E+02   0.486641E+02   0.000000E+00   0.458038E+07   0.458038E+07   0.458038E+07  -0.109464E+00   0.243129E+07   0.243119E+07   0.541135E+00
   0.637247E-01   0.445834E+07   0.444126E+07  -0.103056E+02   0.433662E+02   0.000000E+00   0.445572E+07   0.445572E+07   0.445572E+07  -0.106485E+00   0.236512E+07   0.236503E+07   0.448766E+00
   0.658846E-01   0.433371E+07   0.431824E+07  -0.135989E+02   0.405019E+02   0.000000E+00   0.433133E+07   0.433133E+07   0.433133E+07  -0.103512E+00   0.229909E+07   0.229902E+07   0.376373E+00
   0.681178E-01   0.420797E+07   0.419380E+07  -0.859353E+01   0.380622E+02   0.000000E+00   0.420580E+07   0.420580E+07   0.420580E+07  -0.100512E+00   0.223245E+07   0.223239E+07   0.323974E+00
   0.704267E-01   0.407989E+07   0.406666E+07  -0.396094E+01   0.325954E+02   0.000000E+00   0.407786E+07   0.407786E+07   0.407786E+07  -0.974543E-01   0.216454E+07   0.216448E+07   0.290832E+00
   0.728138E-01   0.394848E+07   0.393583E+07  -0.110782E+02   0.308436E+02   0.000000E+00   0.394654E+07   0.394654E+07   0.394654E+07  -0.943161E-01   0.209484E+07   0.209478E+07   0.275412E+00
   0.752818E-01   0.381316E+07   0.380071E+07  -0.504822E+01   0.282116E+02   0.000000E+00   0.381125E+07   0.381125E+07   0.381125E+07  -0.910828E-01   0.202303E+07   0.202296E+07   0.275387E+00
   0.778335E-01   0.367380E+07   0.366122E+07  -0.107156E+02   0.247702E+02   0.000000E+00   0.367187E+07   0.367187E+07   0.367187E+07  -0.877518E-01   0.194904E+07   0.194898E+07   0.287703E+00
   0.804717E-01   0.353083E+07   0.351782E+07  -0.142420E+02   0.221770E+02   0.000000E+00   0.352883E+07   0.352883E+07   0.352883E+07  -0.843334E-01   0.187312E+07   0.187305E+07   0.308700E+00
   0.831992E-01   0.338525E+07   0.337160E+07  -0.590705E+01   0.203439E+02   0.000000E+00   0.338315E+07   0.338315E+07   0.338315E+07  -0.808520E-01   0.179580E+07   0.179571E+07   0.334301E+00
   0.860193E-01   0.323864E+07   0.322422E+07  -0.626034E+01   0.182952E+02   0.000000E+00   0.323642E+07   0.323642E+07   0.323642E+07  -0.773454E-01   0.171791E+07   0.171782E+07   0.360261E+00
   0.889349E-01   0.309306E+07   0.307786E+07  -0.528849E+01   0.153638E+02   0.000000E+00   0.309072E+07   0.309072E+07   0.309072E+07  -0.738634E-01   0.164058E+07   0.164048E+07   0.382464E+00
   0.919494E-01   0.295091E+07   0.293504E+07  -0.122486E+01   0.146541E+02   0.000000E+00   0.294847E+07   0.294847E+07   0.294847E+07  -0.704637E-01   0.156507E+07   0.156496E+07   0.397262E+00
   0.950660E-01   0.281473E+07   0.279841E+07   0.174386E+01   0.127001E+02   0.000000E+00   0.281222E+07   0.281222E+07   0.281222E+07  -0.672076E-01   0.149275E+07   0.149264E+07   0.401803E+00
   0.982883E-01   0.268692E+07   0.267046E+07  -0.107945E+01   0.110119E+02   0.000000E+00   0.268439E+07   0.268439E+07   0.268439E+07  -0.641527E-01   0.142490E+07   0.142478E+07   0.394336E+00
   0.101620E+00   0.256947E+07   0.255324E+07  -0.538747E+01   0.989589E+01   0.000000E+00   0.256697E+07   0.256697E+07   0.256697E+07  -0.613466E-01   0.136257E+07   0.136246E+07   0.374437E+00
   0.105064E+00   0.246360E+07   0.244800E+07  -0.120301E+01   0.926564E+01   0.000000E+00   0.246120E+07   0.246120E+07   0.246120E+07  -0.588188E-01   0.130643E+07   0.130632E+07   0.343113E+00
   0.108625E+00   0.236958E+07   0.235500E+07  -0.321732E+01   0.817761E+01   0.000000E+00   0.236734E+07   0.236734E+07   0.236734E+07  -0.565758E-01   0.125661E+07   0.125651E+07   0.302754E+00
   0.112307E+00   0.228655E+07   0.227329E+07  -0.285715E+01   0.742869E+01   0.000000E+00   0.228452E+07   0.228452E+07   0.228452E+07  -0.545963E-01   0.121264E+07   0.121255E+07   0.256900E+00
   0.116114E+00   0.221251E+07   0.220074E+07  -0.178816E+01   0.642098E+01   0.000000E+00   0.221070E+07   0.221070E+07   0.221070E+07  -0.528322E-01   0.117345E+07   0.117338E+07   0.209841E+00
   0.120050E+00   0.214449E+07   0.213425E+07  -0.205411E+01   0.582276E+01   0.000000E+00   0.214292E+07   0.214292E+07   0.214292E+07  -0.512124E-01   0.113747E+07   0.113741E+07   0.166050E+00
   0.124119E+00   0.207898E+07   0.207013E+07  -0.206082E+01   0.533945E+01   0.000000E+00   0.207762E+07   0.207762E+07   0.207762E+07  -0.496517E-01   0.110281E+07   0.110276E+07   0.129538E+00
   0.128326E+00   0.201240E+07   0.200466E+07  -0.806005E+00   0.515490E+01   0.000000E+00   0.201121E+07   0.201121E+07   0.201121E+07  -0.480647E-01   0.106756E+07   0.106752E+07   0.103227E+00
   0.132675E+00   0.194178E+07   0.193475E+07  -0.313010E+01   0.432650E+01   0.000000E+00   0.194070E+07   0.194070E+07   0.194070E+07  -0.463796E-01   0.103013E+07   0.103010E+07   0.884275E-01
   0.137172E+00   0.186536E+07   0.185862E+07  -0.130929E+01   0.396553E+01   0.000000E+00   0.186433E+07   0.186433E+07   0.186433E+07  -0.445545E-01   0.989595E+06   0.989560E+06   0.845746E-01
   0.141822E+00   0.178304E+07   0.177619E+07  -0.257675E+00   0.352941E+01   0.000000E+00   0.178199E+07   0.178199E+07   0.178199E+07  -0.425868E-01   0.945890E+06   0.945852E+06   0.892869E-01
   0.146629E+00   0.169651E+07   0.168926E+07  -0.157252E+01   0.310542E+01   0.000000E+00   0.169540E+07   0.169540E+07   0.169540E+07  -0.405173E-01   0.899927E+06   0.899884E+06   0.987992E-01
   0.151599E+00   0.160899E+07   0.160125E+07   0.140117E+00   0.293068E+01   0.000000E+00   0.160780E+07   0.160780E+07   0.160780E+07  -0.384239E-01   0.853432E+06   0.853382E+06   0.108722E+00
   0.156737E+00   0.152457E+07   0.151643E+07   0.812717E+00   0.257910E+01   0.000000E+00   0.152332E+07   0.152332E+07   0.152332E+07  -0.364049E-01   0.808589E+06   0.808535E+06   0.114991E+00
   0.162050E+00   0.144719E+07   0.143891E+07  -0.185059E+00   0.229743E+01   0.000000E+00   0.144591E+07   0.144591E+07   0.144591E+07  -0.345551E-01   0.767503E+06   0.767447E+06   0.114807E+00
   0.167543E+00   0.137957E+07   0.137152E+07   0.301527E+00   0.202842E+01   0.000000E+00   0.137833E+07   0.137833E+07   0.137833E+07  -0.329399E-01   0.731628E+06   0.731574E+06   0.107300E+00
   0.173222E+00   0.132235E+07   0.131489E+07   0.432877E+00   0.177958E+01   0.000000E+00   0.132121E+07   0.132121E+07   0.132121E+07  -0.315747E-01   0.701306E+06   0.701258E+06   0.937216E-01
   0.179093E+00   0.127381E+07   0.126717E+07  -0.506481E+00   0.155383E+01   0.000000E+00   0.127279E+07   0.127279E+07   0.127279E+07  -0.304176E-01   0.675605E+06   0.675563E+06   0.770368E-01
   0.185163E+00   0.123024E+07   0.122448E+07  -0.893456E+00   0.146113E+01   0.000000E+00   0.122935E+07   0.122935E+07   0.122935E+07  -0.293796E-01   0.652548E+06   0.652514E+06   0.609911E-01
   0.191440E+00   0.118714E+07   0.118211E+07  -0.287177E+00   0.131596E+01   0.000000E+00   0.118637E+07   0.118637E+07   0.118637E+07  -0.283523E-01   0.629730E+06   0.629702E+06   0.488974E-01
   0.197928E+00   0.114076E+07   0.113616E+07  -0.648567E+00   0.123049E+01   0.000000E+00   0.114006E+07   0.114006E+07   0.114006E+07  -0.272455E-01   0.605147E+06   0.605122E+06   0.425462E-01
   0.204637E+00   0.108949E+07   0.108499E+07  -0.142540E+00   0.107853E+01   0.000000E+00   0.108879E+07   0.108879E+07   0.108879E+07  -0.260205E-01   0.577938E+06   0.577912E+06   0.416376E-01
   0.211573E+00   0.103448E+07   0.102985E+07  -0.422906E-01   0.909024E+00   0.000000E+00   0.103377E+07   0.103377E+07   0.103377E+07  -0.247055E-01   0.548732E+06   0.548704E+06   0.440021E-01
   0.218745E+00   0.979203E+06   0.974370E+06  -0.832095E-01   0.792127E+00   0.000000E+00   0.978461E+06   0.978461E+06   0.978461E+06  -0.233837E-01   0.519373E+06   0.519343E+06   0.465679E-01
   0.226159E+00   0.927826E+06   0.922926E+06  -0.409889E+00   0.714363E+00   0.000000E+00   0.927073E+06   0.927073E+06   0.927073E+06  -0.221556E-01   0.492097E+06   0.492066E+06   0.467027E-01
   0.233825E+00   0.883263E+06   0.878535E+06  -0.143140E+00   0.657896E+00   0.000000E+00   0.882536E+06   0.882536E+06   0.882536E+06  -0.210912E-01   0.468457E+06   0.468426E+06   0.433380E-01
   0.241750E+00   0.845726E+06   0.841391E+06  -0.426335E-01   0.595444E+00   0.000000E+00   0.845061E+06   0.845061E+06   0.845061E+06  -0.201956E-01   0.448564E+06   0.448537E+06   0.373241E-01
   0.249944E+00   0.812664E+06   0.808806E+06  -0.110375E+00   0.502578E+00   0.000000E+00   0.812072E+06   0.812072E+06   0.812072E+06  -0.194072E-01   0.431053E+06   0.431030E+06   0.308140E-01
   0.258416E+00   0.780245E+06   0.776776E+06   0.365952E-01   0.459672E+00   0.000000E+00   0.779712E+06   0.779712E+06   0.779712E+06  -0.186339E-01   0.413876E+06   0.413856E+06   0.259855E-01
   0.267175E+00   0.745609E+06   0.742335E+06  -0.132268E+00   0.403902E+00   0.000000E+00   0.745106E+06   0.745106E+06   0.745106E+06  -0.178069E-01   0.395507E+06   0.395488E+06   0.238178E-01
   0.276231E+00   0.708538E+06   0.705285E+06  -0.124410E+00   0.377338E+00   0.000000E+00   0.708038E+06   0.708038E+06   0.708038E+06  -0.169210E-01   0.375831E+06   0.375811E+06   0.236547E-01
   0.285594E+00   0.671372E+06   0.668091E+06   0.231872E-01   0.321520E+00   0.000000E+00   0.670868E+06   0.670868E+06   0.670868E+06  -0.160327E-01   0.356101E+06   0.356081E+06   0.238217E-01
   0.295275E+00   0.637180E+06   0.633957E+06   0.928082E-01   0.311135E+00   0.000000E+00   0.636685E+06   0.636685E+06   0.636685E+06  -0.152158E-01   0.337957E+06   0.337936E+06   0.228622E-01
   0.305283E+00   0.607440E+06   0.604410E+06  -0.854142E-01   0.275604E+00   0.000000E+00   0.606975E+06   0.606975E+06   0.606975E+06  -0.145057E-01   0.322186E+06   0.322167E+06   0.205062E-01
   0.315630E+00   0.581044E+06   0.578275E+06   0.102798E-01   0.233334E+00   0.000000E+00   0.580619E+06   0.580619E+06   0.580619E+06  -0.138759E-01   0.308196E+06   0.308179E+06   0.176659E-01
   0.326329E+00   0.555441E+06   0.552887E+06  -0.135950E-01   0.218729E+00   0.000000E+00   0.555048E+06   0.555048E+06   0.555048E+06  -0.132648E-01   0.294623E+06   0.294608E+06   0.155185E-01
   0.337390E+00   0.528922E+06   0.526477E+06  -0.457183E-01   0.178738E+00   0.000000E+00   0.528546E+06   0.528546E+06   0.528546E+06  -0.126314E-01   0.280556E+06   0.280541E+06   0.144913E-01
   0.348825E+00   0.501983E+06   0.499583E+06  -0.261003E-01   0.171299E+00   0.000000E+00   0.501614E+06   0.501614E+06   0.501614E+06  -0.119878E-01   0.266260E+06   0.266245E+06   0.140360E-01
   0.360649E+00   0.476484E+06   0.474150E+06  -0.955135E-02   0.144397E+00   0.000000E+00   0.476125E+06   0.476125E+06   0.476125E+06  -0.113786E-01   0.252730E+06   0.252716E+06   0.133188E-01
   0.372873E+00   0.453561E+06   0.451357E+06  -0.258566E-01   0.137765E+00   0.000000E+00   0.453222E+06   0.453222E+06   0.453222E+06  -0.108313E-01   0.240573E+06   0.240560E+06   0.120675E-01
   0.385512E+00   0.432538E+06   0.430489E+06  -0.215341E-01   0.120073E+00   0.000000E+00   0.432224E+06   0.432224E+06   0.432224E+06  -0.103295E-01   0.229427E+06   0.229415E+06   0.107058E-01
   0.398579E+00   0.411964E+06   0.410033E+06  -0.459664E-01   0.110829E+00   0.000000E+00   0.411668E+06   0.411668E+06   0.411668E+06  -0.983820E-02   0.218516E+06   0.218504E+06   0.973193E-02
   0.412089E+00   0.391366E+06   0.389506E+06  -0.319366E-01   0.909269E-01   0.000000E+00   0.391080E+06   0.391080E+06   0.391080E+06  -0.934620E-02   0.207588E+06   0.207576E+06   0.914449E-02
   0.426056E+00   0.371553E+06   0.369762E+06  -0.189338E-01   0.786160E-01   0.000000E+00   0.371278E+06   0.371278E+06   0.371278E+06  -0.887294E-02   0.197076E+06   0.197066E+06   0.857354E-02
   0.440498E+00   0.353258E+06   0.351561E+06  -0.128914E-01   0.750545E-01   0.000000E+00   0.352997E+06   0.352997E+06   0.352997E+06  -0.843608E-02   0.187373E+06   0.187363E+06   0.782648E-02
   0.455428E+00   0.336159E+06   0.334563E+06  -0.127741E-01   0.655673E-01   0.000000E+00   0.335914E+06   0.335914E+06   0.335914E+06  -0.802781E-02   0.178305E+06   0.178295E+06   0.707260E-02
   0.470865E+00   0.319546E+06   0.318032E+06  -0.163207E-01   0.621201E-01   0.000000E+00   0.319314E+06   0.319314E+06   0.319314E+06  -0.763109E-02   0.169494E+06   0.169485E+06   0.649977E-02
   0.486825E+00   0.303394E+06   0.301944E+06  -0.125763E-01   0.540765E-01   0.000000E+00   0.303171E+06   0.303171E+06   0.303171E+06  -0.724532E-02   0.160925E+06   0.160916E+06   0.604335E-02
   0.503326E+00   0.288142E+06   0.286762E+06  -0.890326E-02   0.491117E-01   0.000000E+00   0.287930E+06   0.287930E+06   0.287930E+06  -0.688107E-02   0.152835E+06   0.152827E+06   0.556074E-02
   0.520387E+00   0.273819E+06   0.272515E+06  -0.124809E-01   0.419385E-01   0.000000E+00   0.273619E+06   0.273619E+06   0.273619E+06  -0.653906E-02   0.145239E+06   0.145231E+06   0.506806E-02
   0.538025E+00   0.260086E+06   0.258850E+06  -0.957207E-02   0.339566E-01   0.000000E+00   0.259896E+06   0.259896E+06   0.259896E+06  -0.621111E-02   0.137955E+06   0.137947E+06   0.465029E-02
   0.556262E+00   0.246879E+06   0.245701E+06  -0.747626E-02   0.346121E-01   0.000000E+00   0.246698E+06   0.246698E+06   0.246698E+06  -0.589569E-02   0.130949E+06   0.130942E+06   0.429162E-02
   0.575116E+00   0.234368E+06   0.233250E+06  -0.822879E-02   0.267241E-01   0.000000E+00   0.234196E+06   0.234196E+06   0.234196E+06  -0.559692E-02   0.124313E+06   0.124306E+06   0.393872E-02
   0.594610E+00   0.222512E+06   0.221452E+06  -0.612915E-02   0.266138E-01   0.000000E+00   0.222349E+06   0.222349E+06   0.222349E+06  -0.531378E-02   0.118024E+06   0.118018E+06   0.360513E-02
   0.614764E+00   0.211170E+06   0.210164E+06  -0.654171E-02   0.222928E-01   0.000000E+00   0.211015E+06   0.211015E+06   0.211015E+06  -0.504293E-02   0.112008E+06   0.112002E+06   0.331292E-02
   0.635602E+00   0.200364E+06   0.199408E+06  -0.503511E-02   0.198407E-01   0.000000E+00   0.200217E+06   0.200217E+06   0.200217E+06  -0.478487E-02   0.106276E+06   0.106271E+06   0.304370E-02
   0.657145E+00   0.190114E+06   0.189208E+06  -0.438190E-02   0.177408E-01   0.000000E+00   0.189975E+06   0.189975E+06   0.189975E+06  -0.454010E-02   0.100840E+06   0.100834E+06   0.278946E-02
   0.679419E+00   0.180351E+06   0.179492E+06  -0.417080E-02   0.167201E-01   0.000000E+00   0.180219E+06   0.180219E+06   0.180219E+06  -0.430696E-02   0.956615E+05   0.956563E+05   0.255945E-02
   0.702448E+00   0.171056E+06   0.170241E+06  -0.351446E-02   0.132113E-01   0.000000E+00   0.170931E+06   0.170931E+06   0.170931E+06  -0.408498E-02   0.907314E+05   0.907264E+05   0.234916E-02
   0.726258E+00   0.162228E+06   0.161455E+06  -0.312411E-02   0.114441E-01   0.000000E+00   0.162109E+06   0.162109E+06   0.162109E+06  -0.387416E-02   0.860486E+05   0.860439E+05   0.215375E-02
   0.750875E+00   0.153830E+06   0.153098E+06  -0.265810E-02   0.109540E-01   0.000000E+00   0.153718E+06   0.153718E+06   0.153718E+06  -0.367361E-02   0.815943E+05   0.815898E+05   0.197536E-02
   0.776325E+00   0.145846E+06   0.145151E+06  -0.246783E-02   0.101946E-01   0.000000E+00   0.145739E+06   0.145739E+06   0.145739E+06  -0.348293E-02   0.773591E+05   0.773549E+05   0.181161E-02
   0.802639E+00   0.138258E+06   0.137600E+06  -0.217644E-02   0.924717E-02   0.000000E+00   0.138157E+06   0.138157E+06   0.138157E+06  -0.330174E-02   0.733348E+05   0.733308E+05   0.166076E-02
   0.829845E+00   0.131046E+06   0.130422E+06  -0.193298E-02   0.835329E-02   0.000000E+00   0.130950E+06   0.130950E+06   0.130950E+06  -0.312951E-02   0.695093E+05   0.695055E+05   0.152264E-02
   0.857973E+00   0.124194E+06   0.123603E+06  -0.167937E-02   0.619039E-02   0.000000E+00   0.124103E+06   0.124103E+06   0.124103E+06  -0.296587E-02   0.658748E+05   0.658712E+05   0.139568E-02
   0.887053E+00   0.117685E+06   0.117124E+06  -0.150063E-02   0.575133E-02   0.000000E+00   0.117599E+06   0.117599E+06   0.117599E+06  -0.281042E-02   0.624221E+05   0.624187E+05   0.127918E-02
   0.917120E+00   0.111502E+06   0.110971E+06  -0.133080E-02   0.515720E-02   0.000000E+00   0.111420E+06   0.111420E+06   0.111420E+06  -0.266277E-02   0.591426E+05   0.591394E+05   0.117229E-02
   0.948206E+00   0.105631E+06   0.105128E+06  -0.117900E-02   0.436353E-02   0.000000E+00   0.105554E+06   0.105554E+06   0.105554E+06  -0.252257E-02   0.560287E+05   0.560257E+05   0.107420E-02
   0.980346E+00   0.100057E+06   0.995808E+05  -0.104476E-02   0.443059E-02   0.000000E+00   0.999840E+05   0.999840E+05   0.999840E+05  -0.238946E-02   0.530722E+05   0.530693E+05   0.984221E-03
   0.101357E+01   0.947660E+05   0.943149E+05  -0.925853E-03   0.353711E-02   0.000000E+00   0.946967E+05   0.946967E+05   0.946967E+05  -0.226310E-02   0.502656E+05   0.502629E+05   0.901679E-03
   0.104793E+01   0.897435E+05   0.893163E+05  -0.819658E-03   0.343566E-02   0.000000E+00   0.896779E+05   0.896779E+05   0.896779E+05  -0.214316E-02   0.476016E+05   0.475990E+05   0.825976E-03
   0.108345E+01   0.849770E+05   0.845724E+05  -0.726446E-03   0.296763E-02   0.000000E+00   0.849148E+05   0.849148E+05   0.849148E+05  -0.202933E-02   0.450733E+05   0.450709E+05   0.756549E-03
   0.112017E+01   0.804539E+05   0.800709E+05  -0.643111E-03   0.259506E-02   0.000000E+00   0.803950E+05   0.803950E+05   0.803950E+05  -0.192131E-02   0.426742E+05   0.426719E+05   0.692887E-03
   0.115814E+01   0.761629E+05   0.758003E+05  -0.569516E-03   0.199418E-02   0.000000E+00   0.761072E+05   0.761072E+05   0.761072E+05  -0.181884E-02   0.403982E+05   0.403960E+05   0.634522E-03
   0.119740E+01   0.720926E+05   0.717494E+05  -0.504391E-03   0.207587E-02   0.000000E+00   0.720399E+05   0.720399E+05   0.720399E+05  -0.172164E-02   0.382392E+05   0.382371E+05   0.581020E-03
   0.123798E+01   0.682324E+05   0.679076E+05  -0.446639E-03   0.196820E-02   0.000000E+00   0.681825E+05   0.681825E+05   0.681825E+05  -0.162945E-02   0.361917E+05   0.361897E+05   0.531982E-03
   0.127994E+01   0.645718E+05   0.642644E+05  -0.395345E-03   0.138850E-02   0.000000E+00   0.645246E+05   0.645246E+05   0.645246E+05  -0.154203E-02   0.342500E+05   0.342482E+05   0.487041E-03
   0.132333E+01   0.611007E+05   0.608099E+05  -0.349973E-03   0.153124E-02   0.000000E+00   0.610560E+05   0.610560E+05   0.610560E+05  -0.145914E-02   0.324089E+05   0.324071E+05   0.445856E-03
   0.136818E+01   0.578100E+05   0.575348E+05  -0.309809E-03   0.109510E-02   0.000000E+00   0.577677E+05   0.577677E+05   0.577677E+05  -0.138056E-02   0.306635E+05   0.306618E+05   0.408121E-03
   0.141456E+01   0.546908E+05   0.544305E+05  -0.274189E-03   0.969356E-03   0.000000E+00   0.546508E+05   0.546508E+05   0.546508E+05  -0.130607E-02   0.290090E+05   0.290074E+05   0.373550E-03
   0.146250E+01   0.517348E+05   0.514886E+05  -0.242635E-03   0.108820E-02   0.000000E+00   0.516970E+05   0.516970E+05   0.516970E+05  -0.123548E-02   0.274411E+05   0.274396E+05   0.341883E-03
   0.151208E+01   0.489335E+05   0.487006E+05  -0.214700E-03   0.901501E-03   0.000000E+00   0.488977E+05   0.488977E+05   0.488977E+05  -0.116858E-02   0.259552E+05   0.259538E+05   0.312878E-03
   0.156333E+01   0.462792E+05   0.460590E+05  -0.189958E-03   0.778901E-03   0.000000E+00   0.462454E+05   0.462454E+05   0.462454E+05  -0.110519E-02   0.245473E+05   0.245460E+05   0.286314E-03
   0.161632E+01   0.437644E+05   0.435561E+05  -0.168047E-03   0.693584E-03   0.000000E+00   0.437324E+05   0.437324E+05   0.437324E+05  -0.104514E-02   0.232134E+05   0.232122E+05   0.261986E-03
   0.167110E+01   0.413823E+05   0.411854E+05  -0.148655E-03   0.650114E-03   0.000000E+00   0.413521E+05   0.413521E+05   0.413521E+05  -0.988249E-03   0.219499E+05   0.219487E+05   0.239712E-03
   0.172774E+01   0.391262E+05   0.389400E+05  -0.131485E-03   0.446632E-03   0.000000E+00   0.390976E+05   0.390976E+05   0.390976E+05  -0.934370E-03   0.207532E+05   0.207521E+05   0.219319E-03
   0.178631E+01   0.369895E+05   0.368135E+05  -0.116288E-03   0.474513E-03   0.000000E+00   0.369625E+05   0.369625E+05   0.369625E+05  -0.883345E-03   0.196199E+05   0.196188E+05   0.200649E-03
   0.184685E+01   0.349662E+05   0.347998E+05  -0.102838E-03   0.419905E-03   0.000000E+00   0.349406E+05   0.349406E+05   0.349406E+05  -0.835026E-03   0.185467E+05   0.185457E+05   0.183559E-03
   0.190945E+01   0.330505E+05   0.328932E+05  -0.909349E-04   0.333118E-03   0.000000E+00   0.330264E+05   0.330264E+05   0.330264E+05  -0.789278E-03   0.175306E+05   0.175296E+05   0.167917E-03
   0.197417E+01   0.312371E+05   0.310885E+05  -0.804026E-04   0.266784E-03   0.000000E+00   0.312143E+05   0.312143E+05   0.312143E+05  -0.745972E-03   0.165687E+05   0.165678E+05   0.153602E-03
   0.204109E+01   0.295205E+05   0.293800E+05  -0.710835E-04   0.232032E-03   0.000000E+00   0.294989E+05   0.294989E+05   0.294989E+05  -0.704978E-03   0.156582E+05   0.156574E+05   0.140501E-03
   0.211027E+01   0.278958E+05   0.277630E+05  -0.628392E-04   0.267510E-03   0.000000E+00   0.278754E+05   0.278754E+05   0.278754E+05  -0.666178E-03   0.147964E+05   0.147956E+05   0.128514E-03
   0.218180E+01   0.263582E+05   0.262327E+05  -0.555461E-04   0.231654E-03   0.000000E+00   0.263389E+05   0.263389E+05   0.263389E+05  -0.629458E-03   0.139809E+05   0.139801E+05   0.117546E-03
   0.225575E+01   0.249032E+05   0.247847E+05  -0.490954E-04   0.152801E-03   0.000000E+00   0.248850E+05   0.248850E+05   0.248850E+05  -0.594712E-03   0.132091E+05   0.132084E+05   0.107511E-03
   0.233221E+01   0.235265E+05   0.234146E+05  -0.433899E-04   0.190107E-03   0.000000E+00   0.235093E+05   0.235093E+05   0.235093E+05  -0.561836E-03   0.124789E+05   0.124782E+05   0.983313E-04
   0.241126E+01   0.222242E+05   0.221184E+05  -0.383444E-04   0.153835E-03   0.000000E+00   0.222079E+05   0.222079E+05   0.222079E+05  -0.530734E-03   0.117881E+05   0.117875E+05   0.899342E-04
   0.249299E+01   0.209922E+05   0.208923E+05  -0.338828E-04   0.105957E-03   0.000000E+00   0.209768E+05   0.209768E+05   0.209768E+05  -0.501313E-03   0.111346E+05   0.111340E+05   0.822534E-04
   0.257749E+01   0.198269E+05   0.197325E+05  -0.299380E-04   0.128762E-03   0.000000E+00   0.198124E+05   0.198124E+05   0.198124E+05  -0.473485E-03   0.105165E+05   0.105160E+05   0.752286E-04
   0.266486E+01   0.187248E+05   0.186357E+05  -0.264503E-04   0.122013E-03   0.000000E+00   0.187111E+05   0.187111E+05   0.187111E+05  -0.447165E-03   0.993196E+04   0.993142E+04   0.688040E-04
   0.275518E+01   0.176826E+05   0.175984E+05  -0.233671E-04   0.737638E-04   0.000000E+00   0.176697E+05   0.176697E+05   0.176697E+05  -0.422277E-03   0.937916E+04   0.937864E+04   0.629288E-04
   0.284857E+01   0.166971E+05   0.166176E+05  -0.206416E-04   0.666706E-04   0.000000E+00   0.166848E+05   0.166848E+05   0.166848E+05  -0.398741E-03   0.885642E+04   0.885593E+04   0.575562E-04
   0.294512E+01   0.157653E+05   0.156902E+05  -0.182327E-04   0.814547E-04   0.000000E+00   0.157538E+05   0.157538E+05   0.157538E+05  -0.376490E-03   0.836219E+04   0.836173E+04   0.526437E-04
   0.304495E+01   0.148844E+05   0.148135E+05  -0.161037E-04   0.649294E-04   0.000000E+00   0.148735E+05   0.148735E+05   0.148735E+05  -0.355453E-03   0.789494E+04   0.789450E+04   0.481520E-04
   0.314816E+01   0.140516E+05   0.139847E+05  -0.142222E-04   0.424555E-04   0.000000E+00   0.140414E+05   0.140414E+05   0.140414E+05  -0.335566E-03   0.745324E+04   0.745283E+04   0.440453E-04
   0.325486E+01   0.132646E+05   0.132014E+05  -0.125597E-04   0.417328E-04   0.000000E+00   0.132549E+05   0.132549E+05   0.132549E+05  -0.316770E-03   0.703576E+04   0.703537E+04   0.402910E-04
   0.336519E+01   0.125206E+05   0.124610E+05  -0.110906E-04   0.429100E-04   0.000000E+00   0.125115E+05   0.125115E+05   0.125115E+05  -0.299005E-03   0.664118E+04   0.664081E+04   0.368587E-04
   0.347925E+01   0.118176E+05   0.117614E+05  -0.979278E-05   0.279604E-04   0.000000E+00   0.118090E+05   0.118090E+05   0.118090E+05  -0.282216E-03   0.626828E+04   0.626793E+04   0.337212E-04
   0.359718E+01   0.111533E+05   0.111002E+05  -0.864615E-05   0.237480E-04   0.000000E+00   0.111451E+05   0.111451E+05   0.111451E+05  -0.266351E-03   0.591590E+04   0.591557E+04   0.308530E-04
   0.371911E+01   0.105256E+05   0.104754E+05  -0.763327E-05   0.200301E-04   0.000000E+00   0.105179E+05   0.105179E+05   0.105179E+05  -0.251360E-03   0.558295E+04   0.558263E+04   0.282313E-04
   0.384517E+01   0.993249E+04   0.988518E+04  -0.673857E-05   0.262811E-04   0.000000E+00   0.992522E+04   0.992522E+04   0.992522E+04  -0.237197E-03   0.526837E+04   0.526807E+04   0.258349E-04
   0.397550E+01   0.937222E+04   0.932758E+04  -0.594837E-05   0.152290E-04   0.000000E+00   0.936536E+04   0.936536E+04   0.936536E+04  -0.223817E-03   0.497119E+04   0.497091E+04   0.236446E-04
   0.411025E+01   0.884296E+04   0.880083E+04  -0.525046E-05   0.246906E-04   0.000000E+00   0.883649E+04   0.883649E+04   0.883649E+04  -0.211178E-03   0.469046E+04   0.469020E+04   0.216425E-04
   0.424956E+01   0.834304E+04   0.830330E+04  -0.463414E-05   0.168197E-04   0.000000E+00   0.833694E+04   0.833694E+04   0.833694E+04  -0.199240E-03   0.442530E+04   0.442505E+04   0.198127E-04
   0.439360E+01   0.787087E+04   0.783337E+04  -0.408989E-05   0.129586E-04   0.000000E+00   0.786510E+04   0.786510E+04   0.786510E+04  -0.187964E-03   0.417485E+04   0.417461E+04   0.181401E-04
   0.454252E+01   0.742495E+04   0.738957E+04  -0.360934E-05   0.858782E-05   0.000000E+00   0.741952E+04   0.741952E+04   0.741952E+04  -0.177315E-03   0.393833E+04   0.393810E+04   0.166115E-04
   0.469650E+01   0.700385E+04   0.697047E+04  -0.318505E-05   0.149242E-04   0.000000E+00   0.699872E+04   0.699872E+04   0.699872E+04  -0.167258E-03   0.371497E+04   0.371475E+04   0.152144E-04
   0.485568E+01   0.660624E+04   0.657475E+04  -0.281047E-05   0.105747E-04   0.000000E+00   0.660140E+04   0.660140E+04   0.660140E+04  -0.157763E-03   0.350407E+04   0.350386E+04   0.139374E-04
   0.502027E+01   0.623080E+04   0.620110E+04  -0.247977E-05   0.740038E-05   0.000000E+00   0.622624E+04   0.622624E+04   0.622624E+04  -0.148797E-03   0.330493E+04   0.330474E+04   0.127703E-04
   0.519043E+01   0.587635E+04   0.584833E+04  -0.218786E-05   0.497231E-05   0.000000E+00   0.587204E+04   0.587204E+04   0.587204E+04  -0.140332E-03   0.311692E+04   0.311674E+04   0.117034E-04
   0.536636E+01   0.554173E+04   0.551530E+04  -0.193020E-05   0.860906E-05   0.000000E+00   0.553767E+04   0.553767E+04   0.553767E+04  -0.132342E-03   0.293943E+04   0.293926E+04   0.107284E-04
   0.554826E+01   0.522585E+04   0.520093E+04  -0.170278E-05   0.541044E-05   0.000000E+00   0.522202E+04   0.522202E+04   0.522202E+04  -0.124798E-03   0.277188E+04   0.277172E+04   0.983704E-05
   0.573631E+01   0.492771E+04   0.490420E+04  -0.150207E-05   0.345458E-05   0.000000E+00   0.492410E+04   0.492410E+04   0.492410E+04  -0.117678E-03   0.261374E+04   0.261359E+04   0.902231E-05
   0.593075E+01   0.464629E+04   0.462412E+04  -0.132494E-05   0.608522E-05   0.000000E+00   0.464289E+04   0.464289E+04   0.464289E+04  -0.110958E-03   0.246448E+04   0.246433E+04   0.827751E-05
   0.613177E+01   0.438071E+04   0.435980E+04  -0.116864E-05   0.240840E-05   0.000000E+00   0.437750E+04   0.437750E+04   0.437750E+04  -0.104615E-03   0.232360E+04   0.232346E+04   0.759662E-05
   0.633961E+01   0.413007E+04   0.411035E+04  -0.103071E-05   0.293136E-05   0.000000E+00   0.412704E+04   0.412704E+04   0.412704E+04  -0.986297E-04   0.219066E+04   0.219053E+04   0.697410E-05
   0.655449E+01   0.389356E+04   0.387496E+04  -0.909015E-06   0.253248E-05   0.000000E+00   0.389070E+04   0.389070E+04   0.389070E+04  -0.929816E-04   0.206521E+04   0.206508E+04   0.640493E-05
   0.677665E+01   0.367039E+04   0.365285E+04  -0.801642E-06   0.389992E-05   0.000000E+00   0.366769E+04   0.366769E+04   0.366769E+04  -0.876521E-04   0.194684E+04   0.194672E+04   0.588447E-05
   0.700635E+01   0.345983E+04   0.344329E+04  -0.706915E-06   0.273149E-05   0.000000E+00   0.345729E+04   0.345729E+04   0.345729E+04  -0.826237E-04   0.183515E+04   0.183504E+04   0.540852E-05
   0.724383E+01   0.326116E+04   0.324557E+04  -0.623346E-06   0.176712E-05   0.000000E+00   0.325877E+04   0.325877E+04   0.325877E+04  -0.778794E-04   0.172978E+04   0.172967E+04   0.497321E-05
   0.748936E+01   0.307375E+04   0.305905E+04  -0.549630E-06   0.269812E-05   0.000000E+00   0.307149E+04   0.307149E+04   0.307149E+04  -0.734039E-04   0.163037E+04   0.163027E+04   0.457506E-05
   0.774321E+01   0.289696E+04   0.288310E+04  -0.484605E-06   0.209810E-05   0.000000E+00   0.289483E+04   0.289483E+04   0.289483E+04  -0.691818E-04   0.153660E+04   0.153650E+04   0.421081E-05
   0.800567E+01   0.273019E+04   0.271713E+04  -0.427250E-06   0.931769E-06   0.000000E+00   0.272818E+04   0.272818E+04   0.272818E+04  -0.651993E-04   0.144814E+04   0.144805E+04   0.387755E-05
   0.827702E+01   0.257290E+04   0.256058E+04  -0.376666E-06   0.190856E-05   0.000000E+00   0.257100E+04   0.257100E+04   0.257100E+04  -0.614429E-04   0.136471E+04   0.136462E+04   0.357259E-05
   0.855758E+01   0.242454E+04   0.241293E+04  -0.332052E-06   0.444697E-06   0.000000E+00   0.242276E+04   0.242276E+04   0.242276E+04  -0.579000E-04   0.128602E+04   0.128593E+04   0.329348E-05
   0.884763E+01   0.228463E+04   0.227368E+04  -0.292710E-06   0.606861E-06   0.000000E+00   0.228295E+04   0.228295E+04   0.228295E+04  -0.545589E-04   0.121180E+04   0.121172E+04   0.303799E-05
   0.914753E+01   0.215268E+04   0.214236E+04  -0.258015E-06   0.128777E-05   0.000000E+00   0.215110E+04   0.215110E+04   0.215110E+04  -0.514078E-04   0.114182E+04   0.114174E+04   0.280407E-05
   0.945758E+01   0.202826E+04   0.201853E+04  -0.227423E-06   0.107332E-05   0.000000E+00   0.202677E+04   0.202677E+04   0.202677E+04  -0.484365E-04   0.107582E+04   0.107575E+04   0.258984E-05
   0.977815E+01   0.191094E+04   0.190176E+04  -0.200447E-06   0.102984E-05   0.000000E+00   0.190953E+04   0.190953E+04   0.190953E+04  -0.456347E-04   0.101359E+04   0.101352E+04   0.239362E-05
   0.101096E+02   0.180032E+04   0.179167E+04  -0.176663E-06   0.341841E-06   0.000000E+00   0.179899E+04   0.179899E+04   0.179899E+04  -0.429930E-04   0.954917E+03   0.954850E+03   0.221383E-05
   0.104522E+02   0.169602E+04   0.168787E+04  -0.155694E-06   0.242840E-06   0.000000E+00   0.169477E+04   0.169477E+04   0.169477E+04  -0.405023E-04   0.899596E+03   0.899531E+03   0.204906E-05
   0.108065E+02   0.159769E+04   0.159001E+04  -0.137207E-06   0.142522E-06   0.000000E+00   0.159651E+04   0.159651E+04   0.159651E+04  -0.381541E-04   0.847441E+03   0.847379E+03   0.189802E-05
   0.111728E+02   0.150500E+04   0.149775E+04  -0.120910E-06   0.168532E-06   0.000000E+00   0.150388E+04   0.150388E+04   0.150388E+04  -0.359405E-04   0.798273E+03   0.798214E+03   0.175951E-05
   0.115515E+02   0.141762E+04   0.141078E+04  -0.106544E-06   0.547170E-06   0.000000E+00   0.141657E+04   0.141657E+04   0.141657E+04  -0.338537E-04   0.751924E+03   0.751868E+03   0.163245E-05
   0.119431E+02   0.133525E+04   0.132881E+04  -0.938804E-07   0.438275E-06   0.000000E+00   0.133426E+04   0.133426E+04   0.133426E+04  -0.318866E-04   0.708234E+03   0.708180E+03   0.151586E-05
   0.123479E+02   0.125761E+04   0.125154E+04  -0.827185E-07   0.302609E-06   0.000000E+00   0.125668E+04   0.125668E+04   0.125668E+04  -0.300326E-04   0.667054E+03   0.667002E+03   0.140883E-05
   0.127664E+02   0.118444E+04   0.117871E+04  -0.728803E-07   0.384471E-06   0.000000E+00   0.118356E+04   0.118356E+04   0.118356E+04  -0.282851E-04   0.628240E+03   0.628190E+03   0.131054E-05
   0.131991E+02   0.111547E+04   0.111007E+04  -0.642094E-07   0.190183E-06   0.000000E+00   0.111464E+04   0.111464E+04   0.111464E+04  -0.266381E-04   0.591659E+03   0.591611E+03   0.122024E-05
   0.136465E+02   0.105047E+04   0.104538E+04  -0.565679E-07   0.392060E-07   0.000000E+00   0.104969E+04   0.104969E+04   0.104969E+04  -0.250860E-04   0.557185E+03   0.557139E+03   0.113724E-05
   0.141091E+02   0.989225E+03   0.984425E+03  -0.498335E-07   0.215587E-06   0.000000E+00   0.988488E+03   0.988488E+03   0.988488E+03  -0.236233E-04   0.524697E+03   0.524652E+03   0.106092E-05
   0.145873E+02   0.931509E+03   0.926982E+03  -0.438991E-07   0.131201E-06   0.000000E+00   0.930813E+03   0.930813E+03   0.930813E+03  -0.222450E-04   0.494083E+03   0.494040E+03   0.990698E-06
   0.150817E+02   0.877122E+03   0.872853E+03  -0.386696E-07   0.153316E-06   0.000000E+00   0.876466E+03   0.876466E+03   0.876466E+03  -0.209461E-04   0.465235E+03   0.465193E+03   0.926058E-06
   0.155929E+02   0.825879E+03   0.821853E+03  -0.340619E-07   0.142137E-06   0.000000E+00   0.825260E+03   0.825260E+03   0.825260E+03  -0.197224E-04   0.438055E+03   0.438014E+03   0.866525E-06
   0.161214E+02   0.777596E+03   0.773799E+03  -0.300018E-07   0.547084E-07   0.000000E+00   0.777013E+03   0.777013E+03   0.777013E+03  -0.185694E-04   0.412445E+03   0.412405E+03   0.811659E-06
   0.166679E+02   0.732108E+03   0.728526E+03  -0.264247E-07   0.337405E-08   0.000000E+00   0.731557E+03   0.731557E+03   0.731557E+03  -0.174831E-04   0.388317E+03   0.388279E+03   0.761067E-06
   0.172328E+02   0.689252E+03   0.685874E+03  -0.232730E-07  -0.343526E-08   0.000000E+00   0.688733E+03   0.688733E+03   0.688733E+03  -0.164596E-04   0.365586E+03   0.365549E+03   0.714383E-06
   0.178169E+02   0.648881E+03   0.645693E+03  -0.204966E-07   0.720167E-07   0.000000E+00   0.648391E+03   0.648391E+03   0.648391E+03  -0.154955E-04   0.344172E+03   0.344136E+03   0.671278E-06
   0.184209E+02   0.610849E+03   0.607842E+03  -0.180505E-07   0.735151E-07   0.000000E+00   0.610387E+03   0.610387E+03   0.610387E+03  -0.145873E-04   0.323999E+03   0.323964E+03   0.631448E-06
   0.190452E+02   0.575026E+03   0.572188E+03  -0.158958E-07   0.329484E-08   0.000000E+00   0.574590E+03   0.574590E+03   0.574590E+03  -0.137318E-04   0.304997E+03   0.304964E+03   0.594619E-06
   0.196908E+02   0.541281E+03   0.538603E+03  -0.139977E-07   0.642089E-07   0.000000E+00   0.540870E+03   0.540870E+03   0.540870E+03  -0.129259E-04   0.287099E+03   0.287066E+03   0.560538E-06
   0.203582E+02   0.509498E+03   0.506971E+03  -0.123259E-07  -0.239264E-08   0.000000E+00   0.509110E+03   0.509110E+03   0.509110E+03  -0.121669E-04   0.270241E+03   0.270208E+03   0.528975E-06
   0.210482E+02   0.479563E+03   0.477177E+03  -0.108532E-07   0.504825E-07   0.000000E+00   0.479197E+03   0.479197E+03   0.479197E+03  -0.114520E-04   0.254362E+03   0.254331E+03   0.499719E-06
   0.217617E+02   0.451370E+03   0.449117E+03  -0.955615E-08   0.438963E-07   0.000000E+00   0.451024E+03   0.451024E+03   0.451024E+03  -0.107788E-04   0.239408E+03   0.239377E+03   0.472579E-06
   0.224993E+02   0.424819E+03   0.422692E+03  -0.841381E-08  -0.493306E-08   0.000000E+00   0.424492E+03   0.424492E+03   0.424492E+03  -0.101447E-04   0.225325E+03   0.225295E+03   0.447381E-06
   0.232619E+02   0.399815E+03   0.397806E+03  -0.740771E-08   0.258923E-07   0.000000E+00   0.399506E+03   0.399506E+03   0.399506E+03  -0.954756E-05   0.212062E+03   0.212032E+03   0.423963E-06
   0.240504E+02   0.376269E+03   0.374372E+03  -0.652171E-08   0.305027E-07   0.000000E+00   0.375978E+03   0.375978E+03   0.375978E+03  -0.898527E-05   0.199573E+03   0.199544E+03   0.402181E-06
   0.248656E+02   0.354097E+03   0.352304E+03  -0.574143E-08   0.554166E-08   0.000000E+00   0.353821E+03   0.353821E+03   0.353821E+03  -0.845577E-05   0.187812E+03   0.187784E+03   0.381898E-06
   0.257084E+02   0.333220E+03   0.331525E+03  -0.505434E-08   0.243998E-07   0.000000E+00   0.332959E+03   0.332959E+03   0.332959E+03  -0.795720E-05   0.176739E+03   0.176711E+03   0.362995E-06
   0.265798E+02   0.313562E+03   0.311960E+03  -0.444929E-08  -0.492568E-08   0.000000E+00   0.313316E+03   0.313316E+03   0.313316E+03  -0.748775E-05   0.166312E+03   0.166284E+03   0.345360E-06
   0.274807E+02   0.295053E+03   0.293539E+03  -0.391654E-08  -0.468578E-08   0.000000E+00   0.294821E+03   0.294821E+03   0.294821E+03  -0.704575E-05   0.156494E+03   0.156467E+03   0.328890E-06
   0.284121E+02   0.277627E+03   0.276195E+03  -0.344744E-08  -0.268218E-09   0.000000E+00   0.277407E+03   0.277407E+03   0.277407E+03  -0.662960E-05   0.147251E+03   0.147225E+03   0.313493E-06
   0.293752E+02   0.261222E+03   0.259867E+03  -0.303443E-08  -0.308351E-08   0.000000E+00   0.261014E+03   0.261014E+03   0.261014E+03  -0.623781E-05   0.138550E+03   0.138523E+03   0.299083E-06
   0.303709E+02   0.245777E+03   0.244495E+03  -0.267079E-08  -0.307814E-08   0.000000E+00   0.245580E+03   0.245580E+03   0.245580E+03  -0.586897E-05   0.130357E+03   0.130331E+03   0.285583E-06
   0.314003E+02   0.231237E+03   0.230024E+03  -0.235064E-08  -0.244026E-08   0.000000E+00   0.231051E+03   0.231051E+03   0.231051E+03  -0.552175E-05   0.122645E+03   0.122619E+03   0.272922E-06
   0.324646E+02   0.217550E+03   0.216401E+03  -0.206880E-08   0.877259E-09   0.000000E+00   0.217374E+03   0.217374E+03   0.217374E+03  -0.519489E-05   0.115385E+03   0.115360E+03   0.261033E-06
   0.335650E+02   0.204666E+03   0.203578E+03  -0.182067E-08  -0.221929E-08   0.000000E+00   0.204499E+03   0.204499E+03   0.204499E+03  -0.488720E-05   0.108551E+03   0.108526E+03   0.249859E-06
   0.347027E+02   0.192539E+03   0.191508E+03  -0.160226E-08   0.577414E-08   0.000000E+00   0.192381E+03   0.192381E+03   0.192381E+03  -0.459759E-05   0.102119E+03   0.102094E+03   0.239344E-06
   0.358789E+02   0.181124E+03   0.180146E+03  -0.140999E-08   0.190498E-08   0.000000E+00   0.180974E+03   0.180974E+03   0.180974E+03  -0.432499E-05   0.960639E+02   0.960392E+02   0.229438E-06
   0.370950E+02   0.170380E+03   0.169453E+03  -0.124074E-08   0.549411E-10   0.000000E+00   0.170238E+03   0.170238E+03   0.170238E+03  -0.406841E-05   0.903651E+02   0.903407E+02   0.220096E-06
   0.383524E+02   0.160268E+03   0.159388E+03  -0.109177E-08   0.281855E-08   0.000000E+00   0.160133E+03   0.160133E+03   0.160133E+03  -0.382692E-05   0.850013E+02   0.849771E+02   0.211276E-06
   0.396523E+02   0.150751E+03   0.149916E+03  -0.960654E-09  -0.820437E-09   0.000000E+00   0.150623E+03   0.150623E+03   0.150623E+03  -0.359964E-05   0.799534E+02   0.799292E+02   0.202940E-06
   0.409964E+02   0.141794E+03   0.141001E+03  -0.845250E-09  -0.102720E-08   0.000000E+00   0.141672E+03   0.141672E+03   0.141672E+03  -0.338575E-05   0.752025E+02   0.751785E+02   0.195051E-06
   0.423859E+02   0.133365E+03   0.132611E+03  -0.743681E-09  -0.511252E-09   0.000000E+00   0.133249E+03   0.133249E+03   0.133249E+03  -0.318445E-05   0.707316E+02   0.707077E+02   0.187580E-06
   0.438226E+02   0.125433E+03   0.124716E+03  -0.654294E-09  -0.718957E-09   0.000000E+00   0.125323E+03   0.125323E+03   0.125323E+03  -0.299502E-05   0.665241E+02   0.665004E+02   0.180494E-06
   0.453080E+02   0.117969E+03   0.117287E+03  -0.575625E-09   0.126074E-08   0.000000E+00   0.117864E+03   0.117864E+03   0.117864E+03  -0.281676E-05   0.625648E+02   0.625412E+02   0.173769E-06
   0.468437E+02   0.110945E+03   0.110295E+03  -0.506400E-09  -0.754627E-09   0.000000E+00   0.110845E+03   0.110845E+03   0.110845E+03  -0.264902E-05   0.588392E+02   0.588157E+02   0.167378E-06
   0.484315E+02   0.104335E+03   0.103717E+03  -0.445477E-09   0.482866E-09   0.000000E+00   0.104240E+03   0.104240E+03   0.104240E+03  -0.249117E-05   0.553333E+02   0.553099E+02   0.161298E-06
   0.500731E+02   0.981164E+02   0.975267E+02  -0.391870E-09  -0.580776E-10   0.000000E+00   0.980258E+02   0.980258E+02   0.980258E+02  -0.234266E-05   0.520347E+02   0.520113E+02   0.155510E-06
