#          k/h    CDM            baryon         photon         nu             mass_nu        total          no_nu          total_de       Weyl           v_CDM          v_b            v_b-v_c     
   0.545024E-05   0.152168E+08   0.152168E+08   0.202870E+08   0.202870E+08   0.000000E+00   0.152168E+08   0.152168E+08   0.152257E+08  -0.546152E+00   0.116260E+08   0.116260E+08   0.450581E-02
   0.563498E-05   0.152168E+08   0.152168E+08   0.202868E+08   0.202868E+08   0.000000E+00   0.152168E+08   0.152168E+08   0.152257E+08  -0.546152E+00   0.116260E+08   0.116260E+08   0.465853E-02
   0.582598E-05   0.152168E+08   0.152168E+08   0.202867E+08   0.202867E+08   0.000000E+00   0.152168E+08   0.152168E+08   0.152257E+08  -0.546152E+00   0.116260E+08   0.116260E+08   0.481643E-02
   0.602345E-05   0.152168E+08   0.152168E+08   0.202865E+08   0.202865E+08   0.000000E+00   0.152168E+08   0.152168E+08   0.152257E+08  -0.546152E+00   0.116260E+08   0.116260E+08   0.497968E-02
   0.622761E-05   0.152168E+08   0.152168E+08   0.202863E+08   0.202863E+08   0.000000E+00   0.152168E+08   0.152168E+08   0.152257E+08  -0.546152E+00   0.116260E+08   0.116260E+08   0.514846E-02
   0.643870E-05   0.152168E+08   0.152168E+08   0.202861E+08   0.202861E+08   0.000000E+00   0.152168E+08   0.152168E+08   0.152257E+08  -0.546152E+00   0.116260E+08   0.116260E+08   0.532297E-02
   0.665694E-05   0.152168E+08   0.152168E+08   0.202859E+08   0.202859E+08   0.000000E+00   0.152168E+08   0.152168E+08   0.152257E+08  -0.546152E+00   0.116260E+08   0.116260E+08   0.550339E-02
   0.688258E-05   0.152168E+08   0.152168E+08   0.202857E+08   0.202857E+08   0.000000E+00   0.152168E+08   0.152168E+08   0.152257E+08  -0.546152E+00   0.116260E+08   0.116260E+08   0.568992E-02
   0.711586E-05   0.152168E+08   0.152168E+08   0.202855E+08   0.202855E+08   0.000000E+00   0.152168E+08   0.152168E+08   0.152257E+08  -0.546152E+00   0.116260E+08   0.116260E+08   0.588278E-02
   0.735706E-05   0.152168E+08   0.152168E+08   0.202852E+08   0.202852E+08   0.000000E+00   0.152168E+08   0.152168E+08   0.152257E+08  -0.546152E+00   0.116260E+08   0.116260E+08   0.608217E-02
   0.760642E-05   0.152168E+08   0.152168E+08   0.202850E+08   0.202850E+08   0.000000E+00   0.152168E+08   0.152168E+08   0.152257E+08  -0.546152E+00   0.116260E+08   0.116260E+08   0.628833E-02
   0.786424E-05   0.152168E+08   0.152168E+08   0.202847E+08   0.202847E+08   0.000000E+00   0.152168E+08   0.152168E+08   0.152257E+08  -0.546152E+00   0.116260E+08   0.116260E+08   0.650147E-02
   0.813080E-05   0.152168E+08   0.152168E+08   0.202844E+08   0.202844E+08   0.000000E+00   0.152168E+08   0.152168E+08   0.152257E+08  -0.546152E+00   0.116260E+08   0.116260E+08   0.672183E-02
   0.840640E-05   0.152168E+08   0.152168E+08   0.202841E+08   0.202841E+08   0.000000E+00   0.152168E+08   0.152168E+08   0.152257E+08  -0.546152E+00   0.116260E+08   0.116260E+08   0.694966E-02
   0.869133E-05   0.152168E+08   0.152168E+08   0.202837E+08   0.202837E+08   0.000000E+00   0.152168E+08   0.152168E+08   0.152257E+08  -0.546151E+00   0.116260E+08   0.116260E+08   0.718521E-02
   0.898593E-05   0.152168E+08   0.152168E+08   0.202834E+08   0.202833E+08   0.000000E+00   0.152168E+08   0.152168E+08   0.152257E+08  -0.546151E+00   0.116260E+08   0.116260E+08   0.742875E-02
   0.929051E-05   0.152168E+08   0.152168E+08   0.202830E+08   0.202829E+08   0.000000E+00   0.152168E+08   0.152168E+08   0.152257E+08  -0.546151E+00   0.116260E+08   0.116260E+08   0.768054E-02
   0.960541E-05   0.152168E+08   0.152168E+08   0.202825E+08   0.202825E+08   0.000000E+00   0.152168E+08   0.152168E+08   0.152257E+08  -0.546151E+00   0.116260E+08   0.116260E+08   0.794086E-02
   0.993099E-05   0.152168E+08   0.152168E+08   0.202821E+08   0.202821E+08   0.000000E+00   0.152168E+08   0.152168E+08   0.152257E+08  -0.546151E+00   0.116260E+08   0.116260E+08   0.821001E-02
   0.102676E-04   0.152168E+08   0.152168E+08   0.202816E+08   0.202816E+08   0.000000E+00   0.152168E+08   0.152168E+08   0.152257E+08  -0.546151E+00   0.116260E+08   0.116260E+08   0.848828E-02
   0.106156E-04   0.152168E+08   0.152168E+08   0.202811E+08   0.202811E+08   0.000000E+00   0.152168E+08   0.152168E+08   0.152257E+08  -0.546151E+00   0.116260E+08   0.116260E+08   0.877598E-02
   0.109754E-04   0.152168E+08   0.152168E+08   0.202805E+08   0.202805E+08   0.000000E+00   0.152168E+08   0.152168E+08   0.152257E+08  -0.546151E+00   0.116260E+08   0.116260E+08   0.907343E-02
   0.113475E-04   0.152168E+08   0.152168E+08   0.202799E+08   0.202799E+08   0.000000E+00   0.152168E+08   0.152168E+08   0.152257E+08  -0.546151E+00   0.116260E+08   0.116260E+08   0.938096E-02
   0.117321E-04   0.152168E+08   0.152168E+08   0.202793E+08   0.202793E+08   0.000000E+00   0.152168E+08   0.152168E+08   0.152257E+08  -0.546151E+00   0.116260E+08   0.116260E+08   0.969891E-02
   0.121297E-04   0.152168E+08   0.152168E+08   0.202786E+08   0.202786E+08   0.000000E+00   0.152168E+08   0.152168E+08   0.152257E+08  -0.546151E+00   0.116260E+08   0.116260E+08   0.100276E-01
   0.125409E-04   0.152168E+08   0.152168E+08   0.202779E+08   0.202779E+08   0.000000E+00   0.152168E+08   0.152168E+08   0.152257E+08  -0.546151E+00   0.116260E+08   0.116260E+08   0.103675E-01
   0.129659E-04   0.152168E+08   0.152168E+08   0.202772E+08   0.202771E+08   0.000000E+00   0.152168E+08   0.152168E+08   0.152257E+08  -0.546151E+00   0.116260E+08   0.116260E+08   0.107189E-01
   0.134054E-04   0.152168E+08   0.152168E+08   0.202763E+08   0.202763E+08   0.000000E+00   0.152168E+08   0.152168E+08   0.152257E+08  -0.546151E+00   0.116260E+08   0.116260E+08   0.110822E-01
   0.138598E-04   0.152168E+08   0.152168E+08   0.202754E+08   0.202754E+08   0.000000E+00   0.152168E+08   0.152168E+08   0.152257E+08  -0.546151E+00   0.116260E+08   0.116260E+08   0.114578E-01
   0.143296E-04   0.152168E+08   0.152168E+08   0.202745E+08   0.202745E+08   0.000000E+00   0.152168E+08   0.152168E+08   0.152257E+08  -0.546150E+00   0.116260E+08   0.116260E+08   0.118461E-01
   0.148153E-04   0.152168E+08   0.152168E+08   0.202735E+08   0.202735E+08   0.000000E+00   0.152168E+08   0.152168E+08   0.152257E+08  -0.546150E+00   0.116260E+08   0.116260E+08   0.122476E-01
   0.153175E-04   0.152168E+08   0.152168E+08   0.202724E+08   0.202724E+08   0.000000E+00   0.152168E+08   0.152168E+08   0.152257E+08  -0.546150E+00   0.116260E+08   0.116260E+08   0.126627E-01
   0.158366E-04   0.152168E+08   0.152168E+08   0.202713E+08   0.202712E+08   0.000000E+00   0.152168E+08   0.152168E+08   0.152257E+08  -0.546150E+00   0.116260E+08   0.116260E+08   0.130919E-01
   0.163734E-04   0.152168E+08   0.152168E+08   0.202701E+08   0.202700E+08   0.000000E+00   0.152168E+08   0.152168E+08   0.152257E+08  -0.546150E+00   0.116259E+08   0.116259E+08   0.135356E-01
   0.169284E-04   0.152168E+08   0.152168E+08   0.202687E+08   0.202687E+08   0.000000E+00   0.152168E+08   0.152168E+08   0.152257E+08  -0.546150E+00   0.116259E+08   0.116259E+08   0.139943E-01
   0.175022E-04   0.152168E+08   0.152168E+08   0.202673E+08   0.202673E+08   0.000000E+00   0.152168E+08   0.152168E+08   0.152256E+08  -0.546150E+00   0.116259E+08   0.116259E+08   0.144686E-01
   0.180954E-04   0.152168E+08   0.152168E+08   0.202658E+08   0.202658E+08   0.000000E+00   0.152168E+08   0.152168E+08   0.152256E+08  -0.546149E+00   0.116259E+08   0.116259E+08   0.149590E-01
   0.187088E-04   0.152168E+08   0.152168E+08   0.202642E+08   0.202642E+08   0.000000E+00   0.152168E+08   0.152168E+08   0.152256E+08  -0.546149E+00   0.116259E+08   0.116259E+08   0.154659E-01
   0.193429E-04   0.152168E+08   0.152168E+08   0.202625E+08   0.202625E+08   0.000000E+00   0.152168E+08   0.152168E+08   0.152256E+08  -0.546149E+00   0.116259E+08   0.116259E+08   0.159901E-01
   0.199986E-04   0.152168E+08   0.152168E+08   0.202607E+08   0.202606E+08   0.000000E+00   0.152168E+08   0.152168E+08   0.152256E+08  -0.546149E+00   0.116259E+08   0.116259E+08   0.165320E-01
   0.206764E-04   0.152167E+08   0.152167E+08   0.202587E+08   0.202587E+08   0.000000E+00   0.152167E+08   0.152167E+08   0.152256E+08  -0.546149E+00   0.116259E+08   0.116259E+08   0.170923E-01
   0.213772E-04   0.152167E+08   0.152167E+08   0.202566E+08   0.202566E+08   0.000000E+00   0.152167E+08   0.152167E+08   0.152256E+08  -0.546148E+00   0.116259E+08   0.116259E+08   0.176715E-01
   0.221018E-04   0.152167E+08   0.152167E+08   0.202544E+08   0.202543E+08   0.000000E+00   0.152167E+08   0.152167E+08   0.152256E+08  -0.546148E+00   0.116259E+08   0.116259E+08   0.182704E-01
   0.228510E-04   0.152167E+08   0.152167E+08   0.202520E+08   0.202519E+08   0.000000E+00   0.152167E+08   0.152167E+08   0.152256E+08  -0.546148E+00   0.116259E+08   0.116259E+08   0.188895E-01
   0.236255E-04   0.152167E+08   0.152167E+08   0.202495E+08   0.202494E+08   0.000000E+00   0.152167E+08   0.152167E+08   0.152256E+08  -0.546148E+00   0.116259E+08   0.116259E+08   0.195297E-01
   0.244263E-04   0.152167E+08   0.152167E+08   0.202467E+08   0.202467E+08   0.000000E+00   0.152167E+08   0.152167E+08   0.152256E+08  -0.546147E+00   0.116259E+08   0.116259E+08   0.201915E-01
   0.252542E-04   0.152167E+08   0.152167E+08   0.202438E+08   0.202437E+08   0.000000E+00   0.152167E+08   0.152167E+08   0.152256E+08  -0.546147E+00   0.116259E+08   0.116259E+08   0.208757E-01
   0.261102E-04   0.152167E+08   0.152167E+08   0.202407E+08   0.202406E+08   0.000000E+00   0.152167E+08   0.152167E+08   0.152256E+08  -0.546147E+00   0.116259E+08   0.116259E+08   0.215831E-01
   0.269952E-04   0.152167E+08   0.152167E+08   0.202374E+08   0.202373E+08   0.000000E+00   0.152167E+08   0.152167E+08   0.152256E+08  -0.546146E+00   0.116259E+08   0.116259E+08   0.223145E-01
   0.279102E-04   0.152167E+08   0.152167E+08   0.202338E+08   0.202337E+08   0.000000E+00   0.152167E+08   0.152167E+08   0.152256E+08  -0.546146E+00   0.116259E+08   0.116259E+08   0.230706E-01
   0.288562E-04   0.152167E+08   0.152167E+08   0.202300E+08   0.202299E+08   0.000000E+00   0.152167E+08   0.152167E+08   0.152255E+08  -0.546145E+00   0.116259E+08   0.116259E+08   0.238524E-01
   0.298343E-04   0.152167E+08   0.152167E+08   0.202259E+08   0.202258E+08   0.000000E+00   0.152167E+08   0.152167E+08   0.152255E+08  -0.546145E+00   0.116259E+08   0.116259E+08   0.246606E-01
   0.308456E-04   0.152167E+08   0.152167E+08   0.202216E+08   0.202215E+08   0.000000E+00   0.152167E+08   0.152167E+08   0.152255E+08  -0.546145E+00   0.116259E+08   0.116259E+08   0.254962E-01
   0.318911E-04   0.152166E+08   0.152166E+08   0.202169E+08   0.202168E+08   0.000000E+00   0.152166E+08   0.152166E+08   0.152255E+08  -0.546144E+00   0.116258E+08   0.116258E+08   0.263601E-01
   0.329720E-04   0.152166E+08   0.152166E+08   0.202120E+08   0.202118E+08   0.000000E+00   0.152166E+08   0.152166E+08   0.152255E+08  -0.546143E+00   0.116258E+08   0.116258E+08   0.272532E-01
   0.340896E-04   0.152166E+08   0.152166E+08   0.202067E+08   0.202065E+08   0.000000E+00   0.152166E+08   0.152166E+08   0.152255E+08  -0.546143E+00   0.116258E+08   0.116258E+08   0.281765E-01
   0.352451E-04   0.152166E+08   0.152166E+08   0.202010E+08   0.202008E+08   0.000000E+00   0.152166E+08   0.152166E+08   0.152255E+08  -0.546142E+00   0.116258E+08   0.116258E+08   0.291312E-01
   0.364397E-04   0.152166E+08   0.152166E+08   0.201949E+08   0.201948E+08   0.000000E+00   0.152166E+08   0.152166E+08   0.152254E+08  -0.546142E+00   0.116258E+08   0.116258E+08   0.301181E-01
   0.376749E-04   0.152166E+08   0.152166E+08   0.201885E+08   0.201883E+08   0.000000E+00   0.152166E+08   0.152166E+08   0.152254E+08  -0.546141E+00   0.116258E+08   0.116258E+08   0.311384E-01
   0.389519E-04   0.152166E+08   0.152166E+08   0.201815E+08   0.201813E+08   0.000000E+00   0.152166E+08   0.152166E+08   0.152254E+08  -0.546140E+00   0.116258E+08   0.116258E+08   0.321933E-01
   0.402721E-04   0.152165E+08   0.152165E+08   0.201742E+08   0.201739E+08   0.000000E+00   0.152165E+08   0.152165E+08   0.152254E+08  -0.546139E+00   0.116258E+08   0.116258E+08   0.332838E-01
   0.416372E-04   0.152165E+08   0.152165E+08   0.201663E+08   0.201660E+08   0.000000E+00   0.152165E+08   0.152165E+08   0.152254E+08  -0.546138E+00   0.116258E+08   0.116258E+08   0.344113E-01
   0.430485E-04   0.152165E+08   0.152165E+08   0.201578E+08   0.201576E+08   0.000000E+00   0.152165E+08   0.152165E+08   0.152253E+08  -0.546137E+00   0.116257E+08   0.116257E+08   0.355768E-01
   0.445076E-04   0.152165E+08   0.152165E+08   0.201488E+08   0.201485E+08   0.000000E+00   0.152165E+08   0.152165E+08   0.152253E+08  -0.546136E+00   0.116257E+08   0.116257E+08   0.367819E-01
   0.460162E-04   0.152164E+08   0.152164E+08   0.201392E+08   0.201389E+08   0.000000E+00   0.152164E+08   0.152164E+08   0.152253E+08  -0.546135E+00   0.116257E+08   0.116257E+08   0.380276E-01
   0.475759E-04   0.152164E+08   0.152164E+08   0.201288E+08   0.201285E+08   0.000000E+00   0.152164E+08   0.152164E+08   0.152252E+08  -0.546134E+00   0.116257E+08   0.116257E+08   0.393155E-01
   0.491885E-04   0.152164E+08   0.152164E+08   0.201178E+08   0.201175E+08   0.000000E+00   0.152164E+08   0.152164E+08   0.152252E+08  -0.546133E+00   0.116257E+08   0.116257E+08   0.406469E-01
   0.508558E-04   0.152164E+08   0.152164E+08   0.201061E+08   0.201057E+08   0.000000E+00   0.152164E+08   0.152164E+08   0.152252E+08  -0.546132E+00   0.116256E+08   0.116256E+08   0.420234E-01
   0.525795E-04   0.152163E+08   0.152163E+08   0.200935E+08   0.200931E+08   0.000000E+00   0.152163E+08   0.152163E+08   0.152251E+08  -0.546130E+00   0.116256E+08   0.116256E+08   0.434463E-01
   0.543617E-04   0.152163E+08   0.152163E+08   0.200801E+08   0.200797E+08   0.000000E+00   0.152163E+08   0.152163E+08   0.152251E+08  -0.546129E+00   0.116256E+08   0.116256E+08   0.449173E-01
   0.562043E-04   0.152163E+08   0.152163E+08   0.200658E+08   0.200653E+08   0.000000E+00   0.152163E+08   0.152163E+08   0.152251E+08  -0.546127E+00   0.116256E+08   0.116256E+08   0.464381E-01
   0.581093E-04   0.152162E+08   0.152162E+08   0.200505E+08   0.200500E+08   0.000000E+00   0.152162E+08   0.152162E+08   0.152250E+08  -0.546125E+00   0.116255E+08   0.116255E+08   0.480102E-01
   0.600790E-04   0.152162E+08   0.152162E+08   0.200341E+08   0.200336E+08   0.000000E+00   0.152162E+08   0.152162E+08   0.152250E+08  -0.546124E+00   0.116255E+08   0.116255E+08   0.496353E-01
   0.621154E-04   0.152161E+08   0.152161E+08   0.200167E+08   0.200161E+08   0.000000E+00   0.152161E+08   0.152161E+08   0.152249E+08  -0.546122E+00   0.116255E+08   0.116255E+08   0.513153E-01
   0.642208E-04   0.152161E+08   0.152161E+08   0.199980E+08   0.199974E+08   0.000000E+00   0.152161E+08   0.152161E+08   0.152249E+08  -0.546119E+00   0.116254E+08   0.116254E+08   0.530521E-01
   0.663975E-04   0.152160E+08   0.152160E+08   0.199781E+08   0.199775E+08   0.000000E+00   0.152160E+08   0.152160E+08   0.152248E+08  -0.546117E+00   0.116254E+08   0.116254E+08   0.548474E-01
   0.686481E-04   0.152160E+08   0.152160E+08   0.199568E+08   0.199561E+08   0.000000E+00   0.152160E+08   0.152160E+08   0.152247E+08  -0.546115E+00   0.116254E+08   0.116254E+08   0.567033E-01
   0.709749E-04   0.152159E+08   0.152159E+08   0.199341E+08   0.199334E+08   0.000000E+00   0.152159E+08   0.152159E+08   0.152247E+08  -0.546112E+00   0.116253E+08   0.116253E+08   0.586217E-01
   0.733806E-04   0.152159E+08   0.152159E+08   0.199098E+08   0.199091E+08   0.000000E+00   0.152159E+08   0.152159E+08   0.152246E+08  -0.546109E+00   0.116253E+08   0.116253E+08   0.606048E-01
   0.758679E-04   0.152158E+08   0.152158E+08   0.198839E+08   0.198831E+08   0.000000E+00   0.152158E+08   0.152158E+08   0.152245E+08  -0.546107E+00   0.116252E+08   0.116252E+08   0.626547E-01
   0.784394E-04   0.152157E+08   0.152157E+08   0.198563E+08   0.198554E+08   0.000000E+00   0.152157E+08   0.152157E+08   0.152244E+08  -0.546103E+00   0.116252E+08   0.116252E+08   0.647737E-01
   0.810981E-04   0.152157E+08   0.152157E+08   0.198267E+08   0.198258E+08   0.000000E+00   0.152157E+08   0.152157E+08   0.152244E+08  -0.546100E+00   0.116251E+08   0.116251E+08   0.669639E-01
   0.838470E-04   0.152156E+08   0.152156E+08   0.197952E+08   0.197943E+08   0.000000E+00   0.152156E+08   0.152156E+08   0.152243E+08  -0.546097E+00   0.116250E+08   0.116250E+08   0.692279E-01
   0.866890E-04   0.152155E+08   0.152155E+08   0.197616E+08   0.197606E+08   0.000000E+00   0.152155E+08   0.152155E+08   0.152242E+08  -0.546093E+00   0.116250E+08   0.116250E+08   0.715680E-01
   0.896273E-04   0.152154E+08   0.152154E+08   0.197257E+08   0.197246E+08   0.000000E+00   0.152154E+08   0.152154E+08   0.152241E+08  -0.546089E+00   0.116249E+08   0.116249E+08   0.739867E-01
   0.926652E-04   0.152153E+08   0.152153E+08   0.196874E+08   0.196862E+08   0.000000E+00   0.152153E+08   0.152153E+08   0.152239E+08  -0.546084E+00   0.116248E+08   0.116248E+08   0.764867E-01
   0.958061E-04   0.152152E+08   0.152152E+08   0.196466E+08   0.196453E+08   0.000000E+00   0.152152E+08   0.152152E+08   0.152238E+08  -0.546080E+00   0.116248E+08   0.116248E+08   0.790706E-01
   0.990535E-04   0.152151E+08   0.152151E+08   0.196030E+08   0.196016E+08   0.000000E+00   0.152151E+08   0.152151E+08   0.152237E+08  -0.546075E+00   0.116247E+08   0.116247E+08   0.817412E-01
   0.102411E-03   0.152150E+08   0.152150E+08   0.195565E+08   0.195551E+08   0.000000E+00   0.152150E+08   0.152150E+08   0.152236E+08  -0.546069E+00   0.116246E+08   0.116246E+08   0.845013E-01
   0.105882E-03   0.152149E+08   0.152149E+08   0.195069E+08   0.195054E+08   0.000000E+00   0.152149E+08   0.152149E+08   0.152234E+08  -0.546064E+00   0.116245E+08   0.116245E+08   0.873539E-01
   0.109471E-03   0.152147E+08   0.152147E+08   0.194540E+08   0.194524E+08   0.000000E+00   0.152147E+08   0.152147E+08   0.152233E+08  -0.546058E+00   0.116244E+08   0.116244E+08   0.903019E-01
   0.113182E-03   0.152146E+08   0.152146E+08   0.193976E+08   0.193959E+08   0.000000E+00   0.152146E+08   0.152146E+08   0.152231E+08  -0.546051E+00   0.116243E+08   0.116243E+08   0.933486E-01
   0.117018E-03   0.152144E+08   0.152144E+08   0.193375E+08   0.193357E+08   0.000000E+00   0.152144E+08   0.152144E+08   0.152229E+08  -0.546044E+00   0.116242E+08   0.116242E+08   0.964970E-01
   0.120984E-03   0.152143E+08   0.152143E+08   0.192735E+08   0.192716E+08   0.000000E+00   0.152143E+08   0.152143E+08   0.152227E+08  -0.546037E+00   0.116240E+08   0.116240E+08   0.997505E-01
   0.125085E-03   0.152141E+08   0.152141E+08   0.192053E+08   0.192032E+08   0.000000E+00   0.152141E+08   0.152141E+08   0.152225E+08  -0.546029E+00   0.116239E+08   0.116239E+08   0.103113E+00
   0.129325E-03   0.152139E+08   0.152139E+08   0.191326E+08   0.191304E+08   0.000000E+00   0.152139E+08   0.152139E+08   0.152223E+08  -0.546021E+00   0.116238E+08   0.116238E+08   0.106587E+00
   0.133708E-03   0.152137E+08   0.152137E+08   0.190552E+08   0.190528E+08   0.000000E+00   0.152137E+08   0.152137E+08   0.152221E+08  -0.546012E+00   0.116236E+08   0.116236E+08   0.110176E+00
   0.138240E-03   0.152135E+08   0.152135E+08   0.189727E+08   0.189703E+08   0.000000E+00   0.152135E+08   0.152135E+08   0.152218E+08  -0.546002E+00   0.116234E+08   0.116234E+08   0.113885E+00
   0.142926E-03   0.152133E+08   0.152133E+08   0.188850E+08   0.188824E+08   0.000000E+00   0.152133E+08   0.152133E+08   0.152215E+08  -0.545992E+00   0.116233E+08   0.116233E+08   0.117717E+00
   0.147770E-03   0.152130E+08   0.152130E+08   0.187916E+08   0.187888E+08   0.000000E+00   0.152130E+08   0.152130E+08   0.152213E+08  -0.545981E+00   0.116231E+08   0.116231E+08   0.121676E+00
   0.152779E-03   0.152128E+08   0.152128E+08   0.186923E+08   0.186893E+08   0.000000E+00   0.152128E+08   0.152128E+08   0.152209E+08  -0.545969E+00   0.116229E+08   0.116229E+08   0.125765E+00
   0.157958E-03   0.152125E+08   0.152125E+08   0.185866E+08   0.185835E+08   0.000000E+00   0.152125E+08   0.152125E+08   0.152206E+08  -0.545957E+00   0.116227E+08   0.116227E+08   0.129990E+00
   0.163312E-03   0.152122E+08   0.152122E+08   0.184743E+08   0.184710E+08   0.000000E+00   0.152122E+08   0.152122E+08   0.152203E+08  -0.545943E+00   0.116224E+08   0.116224E+08   0.134355E+00
   0.168847E-03   0.152119E+08   0.152119E+08   0.183550E+08   0.183515E+08   0.000000E+00   0.152119E+08   0.152119E+08   0.152199E+08  -0.545929E+00   0.116222E+08   0.116222E+08   0.138862E+00
   0.174570E-03   0.152115E+08   0.152115E+08   0.182282E+08   0.182245E+08   0.000000E+00   0.152115E+08   0.152115E+08   0.152195E+08  -0.545914E+00   0.116219E+08   0.116219E+08   0.143518E+00
   0.180487E-03   0.152112E+08   0.152112E+08   0.180936E+08   0.180897E+08   0.000000E+00   0.152112E+08   0.152112E+08   0.152191E+08  -0.545898E+00   0.116217E+08   0.116217E+08   0.148327E+00
   0.186605E-03   0.152108E+08   0.152108E+08   0.179507E+08   0.179466E+08   0.000000E+00   0.152108E+08   0.152108E+08   0.152186E+08  -0.545880E+00   0.116214E+08   0.116214E+08   0.153293E+00
   0.192930E-03   0.152104E+08   0.152104E+08   0.177992E+08   0.177948E+08   0.000000E+00   0.152104E+08   0.152104E+08   0.152182E+08  -0.545862E+00   0.116211E+08   0.116211E+08   0.158420E+00
   0.199469E-03   0.152099E+08   0.152099E+08   0.176386E+08   0.176339E+08   0.000000E+00   0.152099E+08   0.152099E+08   0.152177E+08  -0.545842E+00   0.116207E+08   0.116207E+08   0.163715E+00
   0.206230E-03   0.152095E+08   0.152094E+08   0.174683E+08   0.174634E+08   0.000000E+00   0.152095E+08   0.152095E+08   0.152171E+08  -0.545821E+00   0.116204E+08   0.116204E+08   0.169181E+00
   0.213220E-03   0.152089E+08   0.152089E+08   0.172881E+08   0.172829E+08   0.000000E+00   0.152089E+08   0.152089E+08   0.152165E+08  -0.545799E+00   0.116200E+08   0.116200E+08   0.174825E+00
   0.220448E-03   0.152084E+08   0.152084E+08   0.170973E+08   0.170919E+08   0.000000E+00   0.152084E+08   0.152084E+08   0.152159E+08  -0.545775E+00   0.116196E+08   0.116196E+08   0.180650E+00
   0.227920E-03   0.152078E+08   0.152078E+08   0.168956E+08   0.168899E+08   0.000000E+00   0.152078E+08   0.152078E+08   0.152152E+08  -0.545750E+00   0.116191E+08   0.116191E+08   0.186663E+00
   0.235645E-03   0.152072E+08   0.152072E+08   0.166825E+08   0.166765E+08   0.000000E+00   0.152072E+08   0.152072E+08   0.152145E+08  -0.545723E+00   0.116187E+08   0.116187E+08   0.192868E+00
   0.243632E-03   0.152066E+08   0.152066E+08   0.164575E+08   0.164512E+08   0.000000E+00   0.152066E+08   0.152066E+08   0.152138E+08  -0.545694E+00   0.116182E+08   0.116182E+08   0.199272E+00
   0.251890E-03   0.152059E+08   0.152059E+08   0.162201E+08   0.162135E+08   0.000000E+00   0.152059E+08   0.152059E+08   0.152130E+08  -0.545663E+00   0.116176E+08   0.116176E+08   0.205879E+00
   0.260428E-03   0.152051E+08   0.152051E+08   0.159700E+08   0.159630E+08   0.000000E+00   0.152051E+08   0.152051E+08   0.152121E+08  -0.545631E+00   0.116171E+08   0.116171E+08   0.212696E+00
   0.269255E-03   0.152043E+08   0.152043E+08   0.157066E+08   0.156994E+08   0.000000E+00   0.152043E+08   0.152043E+08   0.152112E+08  -0.545596E+00   0.116165E+08   0.116165E+08   0.219728E+00
   0.278382E-03   0.152035E+08   0.152035E+08   0.154296E+08   0.154221E+08   0.000000E+00   0.152035E+08   0.152035E+08   0.152103E+08  -0.545559E+00   0.116158E+08   0.116158E+08   0.226980E+00
   0.287817E-03   0.152026E+08   0.152026E+08   0.151386E+08   0.151308E+08   0.000000E+00   0.152026E+08   0.152026E+08   0.152092E+08  -0.545519E+00   0.116151E+08   0.116151E+08   0.234459E+00
   0.297573E-03   0.152016E+08   0.152016E+08   0.148334E+08   0.148252E+08   0.000000E+00   0.152016E+08   0.152016E+08   0.152081E+08  -0.545477E+00   0.116144E+08   0.116144E+08   0.242171E+00
   0.307659E-03   0.152006E+08   0.152006E+08   0.145135E+08   0.145051E+08   0.000000E+00   0.152006E+08   0.152006E+08   0.152070E+08  -0.545432E+00   0.116136E+08   0.116136E+08   0.250121E+00
   0.318088E-03   0.151995E+08   0.151995E+08   0.141789E+08   0.141702E+08   0.000000E+00   0.151995E+08   0.151995E+08   0.152057E+08  -0.545385E+00   0.116128E+08   0.116128E+08   0.258315E+00
   0.328869E-03   0.151984E+08   0.151983E+08   0.138294E+08   0.138204E+08   0.000000E+00   0.151984E+08   0.151984E+08   0.152044E+08  -0.545334E+00   0.116119E+08   0.116119E+08   0.266760E+00
   0.340016E-03   0.151971E+08   0.151971E+08   0.134648E+08   0.134556E+08   0.000000E+00   0.151971E+08   0.151971E+08   0.152030E+08  -0.545281E+00   0.116109E+08   0.116109E+08   0.275461E+00
   0.351541E-03   0.151958E+08   0.151958E+08   0.130854E+08   0.130759E+08   0.000000E+00   0.151958E+08   0.151958E+08   0.152015E+08  -0.545224E+00   0.116099E+08   0.116099E+08   0.284425E+00
   0.363457E-03   0.151944E+08   0.151944E+08   0.126911E+08   0.126814E+08   0.000000E+00   0.151944E+08   0.151944E+08   0.152000E+08  -0.545163E+00   0.116088E+08   0.116088E+08   0.293657E+00
   0.375776E-03   0.151929E+08   0.151929E+08   0.122823E+08   0.122725E+08   0.000000E+00   0.151929E+08   0.151929E+08   0.151983E+08  -0.545099E+00   0.116077E+08   0.116077E+08   0.303164E+00
   0.388513E-03   0.151913E+08   0.151913E+08   0.118594E+08   0.118494E+08   0.000000E+00   0.151913E+08   0.151913E+08   0.151965E+08  -0.545031E+00   0.116065E+08   0.116065E+08   0.312952E+00
   0.401682E-03   0.151896E+08   0.151896E+08   0.114229E+08   0.114129E+08   0.000000E+00   0.151896E+08   0.151896E+08   0.151946E+08  -0.544958E+00   0.116052E+08   0.116052E+08   0.323027E+00
   0.415297E-03   0.151878E+08   0.151878E+08   0.109737E+08   0.109636E+08   0.000000E+00   0.151878E+08   0.151878E+08   0.151926E+08  -0.544882E+00   0.116038E+08   0.116038E+08   0.333394E+00
   0.429373E-03   0.151859E+08   0.151859E+08   0.105126E+08   0.105025E+08   0.000000E+00   0.151859E+08   0.151859E+08   0.151905E+08  -0.544800E+00   0.116023E+08   0.116023E+08   0.344060E+00
   0.443927E-03   0.151838E+08   0.151838E+08   0.100407E+08   0.100308E+08   0.000000E+00   0.151838E+08   0.151838E+08   0.151882E+08  -0.544714E+00   0.116007E+08   0.116007E+08   0.355030E+00
   0.458974E-03   0.151817E+08   0.151816E+08   0.955944E+07   0.954969E+07   0.000000E+00   0.151817E+08   0.151817E+08   0.151858E+08  -0.544623E+00   0.115991E+08   0.115991E+08   0.366312E+00
   0.474531E-03   0.151794E+08   0.151793E+08   0.907036E+07   0.906085E+07   0.000000E+00   0.151793E+08   0.151793E+08   0.151833E+08  -0.544527E+00   0.115973E+08   0.115973E+08   0.377909E+00
   0.490615E-03   0.151769E+08   0.151769E+08   0.857524E+07   0.856605E+07   0.000000E+00   0.151769E+08   0.151769E+08   0.151807E+08  -0.544425E+00   0.115954E+08   0.115954E+08   0.389830E+00
   0.507245E-03   0.151743E+08   0.151743E+08   0.807614E+07   0.806735E+07   0.000000E+00   0.151743E+08   0.151743E+08   0.151778E+08  -0.544317E+00   0.115934E+08   0.115934E+08   0.402078E+00
   0.524438E-03   0.151715E+08   0.151715E+08   0.757531E+07   0.756702E+07   0.000000E+00   0.151715E+08   0.151715E+08   0.151748E+08  -0.544203E+00   0.115913E+08   0.115913E+08   0.414660E+00
   0.542214E-03   0.151686E+08   0.151686E+08   0.707526E+07   0.706755E+07   0.000000E+00   0.151686E+08   0.151686E+08   0.151717E+08  -0.544083E+00   0.115890E+08   0.115890E+08   0.427582E+00
   0.560592E-03   0.151655E+08   0.151654E+08   0.657870E+07   0.657166E+07   0.000000E+00   0.151655E+08   0.151655E+08   0.151684E+08  -0.543957E+00   0.115866E+08   0.115866E+08   0.440850E+00
   0.579593E-03   0.151622E+08   0.151621E+08   0.608853E+07   0.608225E+07   0.000000E+00   0.151622E+08   0.151622E+08   0.151648E+08  -0.543823E+00   0.115841E+08   0.115841E+08   0.454470E+00
   0.599239E-03   0.151587E+08   0.151586E+08   0.560782E+07   0.560238E+07   0.000000E+00   0.151587E+08   0.151587E+08   0.151611E+08  -0.543682E+00   0.115814E+08   0.115814E+08   0.468447E+00
   0.619550E-03   0.151550E+08   0.151549E+08   0.513974E+07   0.513523E+07   0.000000E+00   0.151550E+08   0.151550E+08   0.151572E+08  -0.543534E+00   0.115785E+08   0.115785E+08   0.482789E+00
   0.640550E-03   0.151510E+08   0.151510E+08   0.468755E+07   0.468401E+07   0.000000E+00   0.151510E+08   0.151510E+08   0.151531E+08  -0.543378E+00   0.115755E+08   0.115755E+08   0.497501E+00
   0.662261E-03   0.151469E+08   0.151468E+08   0.425446E+07   0.425195E+07   0.000000E+00   0.151469E+08   0.151469E+08   0.151487E+08  -0.543214E+00   0.115723E+08   0.115723E+08   0.512589E+00
   0.684709E-03   0.151425E+08   0.151424E+08   0.384364E+07   0.384218E+07   0.000000E+00   0.151425E+08   0.151425E+08   0.151442E+08  -0.543041E+00   0.115689E+08   0.115689E+08   0.528062E+00
   0.707917E-03   0.151378E+08   0.151378E+08   0.345807E+07   0.345766E+07   0.000000E+00   0.151378E+08   0.151378E+08   0.151393E+08  -0.542860E+00   0.115653E+08   0.115653E+08   0.543926E+00
   0.731912E-03   0.151329E+08   0.151329E+08   0.310044E+07   0.310106E+07   0.000000E+00   0.151329E+08   0.151329E+08   0.151343E+08  -0.542669E+00   0.115615E+08   0.115615E+08   0.560189E+00
   0.756720E-03   0.151277E+08   0.151277E+08   0.277308E+07   0.277467E+07   0.000000E+00   0.151277E+08   0.151277E+08   0.151289E+08  -0.542469E+00   0.115575E+08   0.115575E+08   0.576859E+00
   0.782369E-03   0.151223E+08   0.151222E+08   0.247780E+07   0.248029E+07   0.000000E+00   0.151222E+08   0.151222E+08   0.151233E+08  -0.542260E+00   0.115532E+08   0.115532E+08   0.593945E+00
   0.808888E-03   0.151165E+08   0.151164E+08   0.221584E+07   0.221909E+07   0.000000E+00   0.151165E+08   0.151165E+08   0.151174E+08  -0.542040E+00   0.115488E+08   0.115488E+08   0.611455E+00
   0.836305E-03   0.151104E+08   0.151103E+08   0.198770E+07   0.199155E+07   0.000000E+00   0.151104E+08   0.151104E+08   0.151112E+08  -0.541809E+00   0.115441E+08   0.115441E+08   0.629401E+00
   0.864652E-03   0.151039E+08   0.151039E+08   0.179308E+07   0.179735E+07   0.000000E+00   0.151039E+08   0.151039E+08   0.151047E+08  -0.541568E+00   0.115391E+08   0.115391E+08   0.647793E+00
   0.893959E-03   0.150972E+08   0.150971E+08   0.163081E+07   0.163530E+07   0.000000E+00   0.150972E+08   0.150972E+08   0.150979E+08  -0.541314E+00   0.115339E+08   0.115338E+08   0.666642E+00
   0.924260E-03   0.150900E+08   0.150899E+08   0.149886E+07   0.150332E+07   0.000000E+00   0.150900E+08   0.150900E+08   0.150907E+08  -0.541049E+00   0.115283E+08   0.115283E+08   0.685961E+00
   0.955588E-03   0.150825E+08   0.150824E+08   0.139426E+07   0.139846E+07   0.000000E+00   0.150825E+08   0.150825E+08   0.150831E+08  -0.540771E+00   0.115225E+08   0.115225E+08   0.705762E+00
   0.987978E-03   0.150746E+08   0.150745E+08   0.131326E+07   0.131696E+07   0.000000E+00   0.150746E+08   0.150746E+08   0.150752E+08  -0.540480E+00   0.115164E+08   0.115164E+08   0.726059E+00
   0.102147E-02   0.150663E+08   0.150662E+08   0.125140E+07   0.125439E+07   0.000000E+00   0.150663E+08   0.150663E+08   0.150669E+08  -0.540175E+00   0.115100E+08   0.115100E+08   0.746866E+00
   0.105609E-02   0.150576E+08   0.150575E+08   0.120371E+07   0.120581E+07   0.000000E+00   0.150576E+08   0.150576E+08   0.150581E+08  -0.539856E+00   0.115033E+08   0.115033E+08   0.768198E+00
   0.109188E-02   0.150484E+08   0.150483E+08   0.116497E+07   0.116607E+07   0.000000E+00   0.150484E+08   0.150484E+08   0.150489E+08  -0.539522E+00   0.114962E+08   0.114962E+08   0.790070E+00
   0.112889E-02   0.150388E+08   0.150386E+08   0.113002E+07   0.113006E+07   0.000000E+00   0.150388E+08   0.150388E+08   0.150393E+08  -0.539172E+00   0.114888E+08   0.114888E+08   0.812498E+00
   0.116716E-02   0.150287E+08   0.150285E+08   0.109410E+07   0.109311E+07   0.000000E+00   0.150287E+08   0.150287E+08   0.150291E+08  -0.538805E+00   0.114810E+08   0.114810E+08   0.835497E+00
   0.120672E-02   0.150181E+08   0.150179E+08   0.105321E+07   0.105132E+07   0.000000E+00   0.150180E+08   0.150180E+08   0.150185E+08  -0.538421E+00   0.114728E+08   0.114728E+08   0.859084E+00
   0.124762E-02   0.150069E+08   0.150068E+08   0.100446E+07   0.100187E+07   0.000000E+00   0.150069E+08   0.150069E+08   0.150074E+08  -0.538019E+00   0.114643E+08   0.114643E+08   0.883274E+00
   0.128991E-02   0.149953E+08   0.149951E+08   0.946328E+06   0.943345E+06   0.000000E+00   0.149953E+08   0.149953E+08   0.149957E+08  -0.537597E+00   0.114553E+08   0.114553E+08   0.908082E+00
   0.133363E-02   0.149831E+08   0.149829E+08   0.878876E+06   0.875835E+06   0.000000E+00   0.149830E+08   0.149830E+08   0.149834E+08  -0.537156E+00   0.114459E+08   0.114459E+08   0.933524E+00
   0.137883E-02   0.149702E+08   0.149700E+08   0.803733E+06   0.800997E+06   0.000000E+00   0.149702E+08   0.149702E+08   0.149706E+08  -0.536694E+00   0.114361E+08   0.114361E+08   0.959614E+00
   0.142557E-02   0.149568E+08   0.149566E+08   0.723949E+06   0.721854E+06   0.000000E+00   0.149568E+08   0.149568E+08   0.149571E+08  -0.536210E+00   0.114258E+08   0.114258E+08   0.986369E+00
   0.147389E-02   0.149428E+08   0.149425E+08   0.643631E+06   0.642439E+06   0.000000E+00   0.149427E+08   0.149427E+08   0.149430E+08  -0.535703E+00   0.114150E+08   0.114150E+08   0.101380E+01
   0.152385E-02   0.149281E+08   0.149278E+08   0.567386E+06   0.567237E+06   0.000000E+00   0.149280E+08   0.149280E+08   0.149283E+08  -0.535173E+00   0.114038E+08   0.114037E+08   0.104193E+01
   0.157550E-02   0.149127E+08   0.149124E+08   0.499634E+06   0.500515E+06   0.000000E+00   0.149127E+08   0.149127E+08   0.149129E+08  -0.534619E+00   0.113920E+08   0.113920E+08   0.107077E+01
   0.162890E-02   0.148966E+08   0.148963E+08   0.443870E+06   0.445595E+06   0.000000E+00   0.148966E+08   0.148966E+08   0.148968E+08  -0.534039E+00   0.113796E+08   0.113796E+08   0.110034E+01
   0.168411E-02   0.148798E+08   0.148795E+08   0.401990E+06   0.404219E+06   0.000000E+00   0.148797E+08   0.148797E+08   0.148799E+08  -0.533433E+00   0.113667E+08   0.113667E+08   0.113064E+01
   0.174119E-02   0.148622E+08   0.148618E+08   0.373846E+06   0.376136E+06   0.000000E+00   0.148621E+08   0.148621E+08   0.148623E+08  -0.532800E+00   0.113533E+08   0.113533E+08   0.116171E+01
   0.180021E-02   0.148438E+08   0.148434E+08   0.357147E+06   0.359024E+06   0.000000E+00   0.148438E+08   0.148438E+08   0.148439E+08  -0.532139E+00   0.113392E+08   0.113392E+08   0.119356E+01
   0.186123E-02   0.148246E+08   0.148242E+08   0.347796E+06   0.348865E+06   0.000000E+00   0.148246E+08   0.148246E+08   0.148247E+08  -0.531449E+00   0.113245E+08   0.113245E+08   0.122621E+01
   0.192432E-02   0.148046E+08   0.148041E+08   0.340687E+06   0.340728E+06   0.000000E+00   0.148045E+08   0.148045E+08   0.148046E+08  -0.530728E+00   0.113092E+08   0.113091E+08   0.125967E+01
   0.198954E-02   0.147836E+08   0.147832E+08   0.330830E+06   0.329871E+06   0.000000E+00   0.147836E+08   0.147836E+08   0.147837E+08  -0.529977E+00   0.112931E+08   0.112931E+08   0.129398E+01
   0.205698E-02   0.147618E+08   0.147613E+08   0.314586E+06   0.312920E+06   0.000000E+00   0.147617E+08   0.147617E+08   0.147619E+08  -0.529192E+00   0.112764E+08   0.112764E+08   0.132914E+01
   0.212670E-02   0.147390E+08   0.147385E+08   0.290667E+06   0.288799E+06   0.000000E+00   0.147389E+08   0.147389E+08   0.147391E+08  -0.528374E+00   0.112590E+08   0.112590E+08   0.136519E+01
   0.219879E-02   0.147153E+08   0.147147E+08   0.260575E+06   0.259083E+06   0.000000E+00   0.147152E+08   0.147152E+08   0.147153E+08  -0.527521E+00   0.112408E+08   0.112408E+08   0.140213E+01
   0.227331E-02   0.146905E+08   0.146899E+08   0.228202E+06   0.227558E+06   0.000000E+00   0.146904E+08   0.146904E+08   0.146905E+08  -0.526632E+00   0.112219E+08   0.112219E+08   0.144000E+01
   0.235037E-02   0.146647E+08   0.146641E+08   0.198601E+06   0.198993E+06   0.000000E+00   0.146646E+08   0.146646E+08   0.146647E+08  -0.525705E+00   0.112021E+08   0.112021E+08   0.147881E+01
   0.243003E-02   0.146378E+08   0.146371E+08   0.176192E+06   0.177426E+06   0.000000E+00   0.146377E+08   0.146377E+08   0.146378E+08  -0.524740E+00   0.111816E+08   0.111816E+08   0.151857E+01
   0.251240E-02   0.146098E+08   0.146091E+08   0.163029E+06   0.164562E+06   0.000000E+00   0.146097E+08   0.146097E+08   0.146098E+08  -0.523735E+00   0.111602E+08   0.111601E+08   0.155933E+01
   0.259756E-02   0.145806E+08   0.145799E+08   0.157829E+06   0.158963E+06   0.000000E+00   0.145805E+08   0.145805E+08   0.145806E+08  -0.522689E+00   0.111379E+08   0.111379E+08   0.160108E+01
   0.268560E-02   0.145503E+08   0.145495E+08   0.156367E+06   0.156533E+06   0.000000E+00   0.145502E+08   0.145502E+08   0.145503E+08  -0.521601E+00   0.111147E+08   0.111147E+08   0.164387E+01
   0.277663E-02   0.145188E+08   0.145179E+08   0.153281E+06   0.152306E+06   0.000000E+00   0.145186E+08   0.145186E+08   0.145187E+08  -0.520469E+00   0.110906E+08   0.110905E+08   0.168770E+01
   0.287074E-02   0.144859E+08   0.144850E+08   0.144641E+06   0.142843E+06   0.000000E+00   0.144858E+08   0.144858E+08   0.144859E+08  -0.519292E+00   0.110655E+08   0.110655E+08   0.173262E+01
   0.296805E-02   0.144518E+08   0.144509E+08   0.130045E+06   0.128062E+06   0.000000E+00   0.144517E+08   0.144517E+08   0.144517E+08  -0.518068E+00   0.110394E+08   0.110394E+08   0.177863E+01
   0.306865E-02   0.144164E+08   0.144154E+08   0.112953E+06   0.111339E+06   0.000000E+00   0.144162E+08   0.144162E+08   0.144163E+08  -0.516796E+00   0.110123E+08   0.110123E+08   0.182577E+01
   0.317266E-02   0.143796E+08   0.143785E+08   0.987247E+05   0.975395E+05   0.000000E+00   0.143794E+08   0.143794E+08   0.143795E+08  -0.515476E+00   0.109842E+08   0.109841E+08   0.187405E+01
   0.328020E-02   0.143414E+08   0.143402E+08   0.912329E+05   0.899056E+05   0.000000E+00   0.143412E+08   0.143412E+08   0.143412E+08  -0.514104E+00   0.109549E+08   0.109549E+08   0.192350E+01
   0.339138E-02   0.143017E+08   0.143004E+08   0.901134E+05   0.877654E+05   0.000000E+00   0.143015E+08   0.143015E+08   0.143015E+08  -0.512681E+00   0.109246E+08   0.109246E+08   0.197414E+01
   0.350634E-02   0.142605E+08   0.142592E+08   0.907800E+05   0.868950E+05   0.000000E+00   0.142603E+08   0.142603E+08   0.142603E+08  -0.511204E+00   0.108931E+08   0.108931E+08   0.202600E+01
   0.362518E-02   0.142178E+08   0.142164E+08   0.876773E+05   0.826707E+05   0.000000E+00   0.142176E+08   0.142176E+08   0.142176E+08  -0.509672E+00   0.108605E+08   0.108605E+08   0.207910E+01
   0.374806E-02   0.141735E+08   0.141720E+08   0.786522E+05   0.738304E+05   0.000000E+00   0.141733E+08   0.141733E+08   0.141733E+08  -0.508084E+00   0.108267E+08   0.108266E+08   0.213347E+01
   0.387510E-02   0.141276E+08   0.141260E+08   0.668266E+05   0.636107E+05   0.000000E+00   0.141274E+08   0.141274E+08   0.141274E+08  -0.506438E+00   0.107916E+08   0.107916E+08   0.218913E+01
   0.400645E-02   0.140801E+08   0.140783E+08   0.578529E+05   0.567861E+05   0.000000E+00   0.140798E+08   0.140798E+08   0.140798E+08  -0.504732E+00   0.107552E+08   0.107552E+08   0.224611E+01
   0.414225E-02   0.140308E+08   0.140290E+08   0.545490E+05   0.549485E+05   0.000000E+00   0.140305E+08   0.140305E+08   0.140306E+08  -0.502966E+00   0.107176E+08   0.107176E+08   0.230441E+01
   0.428265E-02   0.139798E+08   0.139779E+08   0.541177E+05   0.547633E+05   0.000000E+00   0.139795E+08   0.139795E+08   0.139796E+08  -0.501137E+00   0.106786E+08   0.106786E+08   0.236408E+01
   0.442781E-02   0.139271E+08   0.139250E+08   0.513731E+05   0.515900E+05   0.000000E+00   0.139268E+08   0.139268E+08   0.139268E+08  -0.499245E+00   0.106383E+08   0.106383E+08   0.242513E+01
   0.457789E-02   0.138725E+08   0.138703E+08   0.449386E+05   0.449121E+05   0.000000E+00   0.138721E+08   0.138721E+08   0.138722E+08  -0.497287E+00   0.105966E+08   0.105966E+08   0.248758E+01
   0.473306E-02   0.138160E+08   0.138137E+08   0.389645E+05   0.389822E+05   0.000000E+00   0.138157E+08   0.138157E+08   0.138157E+08  -0.495262E+00   0.105535E+08   0.105534E+08   0.255146E+01
   0.489348E-02   0.137577E+08   0.137552E+08   0.374156E+05   0.371854E+05   0.000000E+00   0.137573E+08   0.137573E+08   0.137573E+08  -0.493170E+00   0.105089E+08   0.105088E+08   0.261678E+01
   0.505935E-02   0.136974E+08   0.136947E+08   0.380737E+05   0.372712E+05   0.000000E+00   0.136970E+08   0.136970E+08   0.136970E+08  -0.491007E+00   0.104628E+08   0.104627E+08   0.268355E+01
   0.523084E-02   0.136351E+08   0.136322E+08   0.354480E+05   0.346698E+05   0.000000E+00   0.136347E+08   0.136347E+08   0.136347E+08  -0.488773E+00   0.104152E+08   0.104151E+08   0.275181E+01
   0.540814E-02   0.135708E+08   0.135677E+08   0.294416E+05   0.296261E+05   0.000000E+00   0.135703E+08   0.135703E+08   0.135703E+08  -0.486466E+00   0.103660E+08   0.103660E+08   0.282155E+01
   0.559145E-02   0.135044E+08   0.135011E+08   0.259972E+05   0.267234E+05   0.000000E+00   0.135039E+08   0.135039E+08   0.135039E+08  -0.484084E+00   0.103153E+08   0.103152E+08   0.289280E+01
   0.578097E-02   0.134359E+08   0.134324E+08   0.270808E+05   0.268220E+05   0.000000E+00   0.134353E+08   0.134353E+08   0.134353E+08  -0.481627E+00   0.102629E+08   0.102628E+08   0.296556E+01
   0.597692E-02   0.133652E+08   0.133615E+08   0.268429E+05   0.255248E+05   0.000000E+00   0.133646E+08   0.133646E+08   0.133646E+08  -0.479092E+00   0.102089E+08   0.102088E+08   0.303984E+01
   0.617951E-02   0.132923E+08   0.132884E+08   0.224537E+05   0.217566E+05   0.000000E+00   0.132917E+08   0.132917E+08   0.132917E+08  -0.476479E+00   0.101532E+08   0.101531E+08   0.311565E+01
   0.638896E-02   0.132172E+08   0.132130E+08   0.197928E+05   0.198253E+05   0.000000E+00   0.132166E+08   0.132166E+08   0.132166E+08  -0.473785E+00   0.100958E+08   0.100957E+08   0.319298E+01
   0.660551E-02   0.131398E+08   0.131354E+08   0.212635E+05   0.200511E+05   0.000000E+00   0.131392E+08   0.131392E+08   0.131392E+08  -0.471009E+00   0.100366E+08   0.100366E+08   0.327183E+01
   0.682941E-02   0.130601E+08   0.130554E+08   0.204942E+05   0.181932E+05   0.000000E+00   0.130594E+08   0.130594E+08   0.130594E+08  -0.468150E+00   0.997573E+07   0.997565E+07   0.335219E+01
   0.706089E-02   0.129781E+08   0.129730E+08   0.166236E+05   0.160741E+05   0.000000E+00   0.129773E+08   0.129773E+08   0.129773E+08  -0.465206E+00   0.991299E+07   0.991291E+07   0.343406E+01
   0.730022E-02   0.128936E+08   0.128882E+08   0.156224E+05   0.179620E+05   0.000000E+00   0.128928E+08   0.128928E+08   0.128928E+08  -0.462176E+00   0.984842E+07   0.984834E+07   0.351740E+01
   0.754766E-02   0.128067E+08   0.128009E+08   0.152301E+05   0.179119E+05   0.000000E+00   0.128058E+08   0.128058E+08   0.128058E+08  -0.459058E+00   0.978198E+07   0.978189E+07   0.360220E+01
   0.780349E-02   0.127172E+08   0.127112E+08   0.121671E+05   0.155093E+05   0.000000E+00   0.127163E+08   0.127163E+08   0.127163E+08  -0.455850E+00   0.971363E+07   0.971354E+07   0.368842E+01
   0.806799E-02   0.126253E+08   0.126188E+08   0.118722E+05   0.159693E+05   0.000000E+00   0.126243E+08   0.126243E+08   0.126243E+08  -0.452552E+00   0.964336E+07   0.964325E+07   0.377603E+01
   0.834146E-02   0.125308E+08   0.125239E+08   0.125850E+05   0.153482E+05   0.000000E+00   0.125297E+08   0.125297E+08   0.125297E+08  -0.449162E+00   0.957111E+07   0.957100E+07   0.386496E+01
   0.862420E-02   0.124336E+08   0.124264E+08   0.101168E+05   0.134422E+05   0.000000E+00   0.124325E+08   0.124325E+08   0.124325E+08  -0.445678E+00   0.949686E+07   0.949675E+07   0.395518E+01
   0.891651E-02   0.123339E+08   0.123261E+08   0.963875E+04   0.137073E+05   0.000000E+00   0.123327E+08   0.123327E+08   0.123327E+08  -0.442098E+00   0.942059E+07   0.942047E+07   0.404659E+01
   0.921874E-02   0.122314E+08   0.122232E+08   0.944083E+04   0.122946E+05   0.000000E+00   0.122301E+08   0.122301E+08   0.122301E+08  -0.438422E+00   0.934226E+07   0.934214E+07   0.413913E+01
   0.953121E-02   0.121262E+08   0.121175E+08   0.850952E+04   0.114640E+05   0.000000E+00   0.121249E+08   0.121249E+08   0.121249E+08  -0.434648E+00   0.926184E+07   0.926171E+07   0.423271E+01
   0.985427E-02   0.120182E+08   0.120090E+08   0.866511E+04   0.111438E+05   0.000000E+00   0.120168E+08   0.120168E+08   0.120168E+08  -0.430775E+00   0.917931E+07   0.917916E+07   0.432720E+01
   0.101883E-01   0.119074E+08   0.118976E+08   0.727357E+04   0.975275E+04   0.000000E+00   0.119059E+08   0.119059E+08   0.119059E+08  -0.426800E+00   0.909462E+07   0.909446E+07   0.442250E+01
   0.105336E-01   0.117938E+08   0.117834E+08   0.730057E+04   0.972305E+04   0.000000E+00   0.117922E+08   0.117922E+08   0.117922E+08  -0.422723E+00   0.900775E+07   0.900759E+07   0.451845E+01
   0.108907E-01   0.116773E+08   0.116663E+08   0.557275E+04   0.844488E+04   0.000000E+00   0.116756E+08   0.116756E+08   0.116756E+08  -0.418543E+00   0.891867E+07   0.891850E+07   0.461491E+01
   0.112598E-01   0.115579E+08   0.115462E+08   0.566325E+04   0.835295E+04   0.000000E+00   0.115561E+08   0.115561E+08   0.115561E+08  -0.414258E+00   0.882736E+07   0.882718E+07   0.471169E+01
   0.116414E-01   0.114355E+08   0.114231E+08   0.541501E+04   0.729490E+04   0.000000E+00   0.114336E+08   0.114336E+08   0.114336E+08  -0.409866E+00   0.873378E+07   0.873359E+07   0.480861E+01
   0.120360E-01   0.113101E+08   0.112969E+08   0.496385E+04   0.717331E+04   0.000000E+00   0.113080E+08   0.113080E+08   0.113080E+08  -0.405367E+00   0.863791E+07   0.863771E+07   0.490542E+01
   0.124440E-01   0.111816E+08   0.111678E+08   0.440116E+04   0.625392E+04   0.000000E+00   0.111795E+08   0.111795E+08   0.111795E+08  -0.400759E+00   0.853972E+07   0.853951E+07   0.500190E+01
   0.128658E-01   0.110502E+08   0.110355E+08   0.467871E+04   0.614768E+04   0.000000E+00   0.110479E+08   0.110479E+08   0.110479E+08  -0.396042E+00   0.843920E+07   0.843897E+07   0.509777E+01
   0.133019E-01   0.109156E+08   0.109001E+08   0.399808E+04   0.538320E+04   0.000000E+00   0.109132E+08   0.109132E+08   0.109132E+08  -0.391213E+00   0.833631E+07   0.833608E+07   0.519273E+01
   0.137527E-01   0.107779E+08   0.107615E+08   0.372555E+04   0.516836E+04   0.000000E+00   0.107754E+08   0.107754E+08   0.107754E+08  -0.386273E+00   0.823104E+07   0.823080E+07   0.528645E+01
   0.142189E-01   0.106371E+08   0.106198E+08   0.304128E+04   0.474075E+04   0.000000E+00   0.106345E+08   0.106345E+08   0.106345E+08  -0.381220E+00   0.812338E+07   0.812312E+07   0.537857E+01
   0.147008E-01   0.104932E+08   0.104749E+08   0.292683E+04   0.424795E+04   0.000000E+00   0.104904E+08   0.104904E+08   0.104904E+08  -0.376055E+00   0.801331E+07   0.801304E+07   0.546869E+01
   0.151991E-01   0.103461E+08   0.103268E+08   0.312683E+04   0.411948E+04   0.000000E+00   0.103431E+08   0.103431E+08   0.103431E+08  -0.370776E+00   0.790082E+07   0.790053E+07   0.555639E+01
   0.157143E-01   0.101958E+08   0.101755E+08   0.238768E+04   0.368599E+04   0.000000E+00   0.101927E+08   0.101927E+08   0.101927E+08  -0.365383E+00   0.778591E+07   0.778561E+07   0.564121E+01
   0.162469E-01   0.100423E+08   0.100210E+08   0.268836E+04   0.333148E+04   0.000000E+00   0.100391E+08   0.100391E+08   0.100391E+08  -0.359876E+00   0.766858E+07   0.766826E+07   0.572263E+01
   0.167976E-01   0.988573E+07   0.986331E+07   0.237791E+04   0.319844E+04   0.000000E+00   0.988229E+07   0.988229E+07   0.988229E+07  -0.354257E+00   0.754883E+07   0.754850E+07   0.580013E+01
   0.173670E-01   0.972601E+07   0.970245E+07   0.181698E+04   0.294502E+04   0.000000E+00   0.972239E+07   0.972239E+07   0.972239E+07  -0.348525E+00   0.742669E+07   0.742634E+07   0.587311E+01
   0.179557E-01   0.956318E+07   0.953844E+07   0.172195E+04   0.261534E+04   0.000000E+00   0.955938E+07   0.955938E+07   0.955938E+07  -0.342681E+00   0.730217E+07   0.730181E+07   0.594097E+01
   0.185643E-01   0.939729E+07   0.937136E+07   0.188377E+04   0.238915E+04   0.000000E+00   0.939331E+07   0.939331E+07   0.939331E+07  -0.336728E+00   0.717532E+07   0.717494E+07   0.600304E+01
   0.191935E-01   0.922840E+07   0.920124E+07   0.167720E+04   0.224835E+04   0.000000E+00   0.922422E+07   0.922422E+07   0.922423E+07  -0.330667E+00   0.704616E+07   0.704577E+07   0.605862E+01
   0.198441E-01   0.905658E+07   0.902818E+07   0.166365E+04   0.210633E+04   0.000000E+00   0.905222E+07   0.905222E+07   0.905222E+07  -0.324501E+00   0.691478E+07   0.691437E+07   0.610698E+01
   0.205167E-01   0.888193E+07   0.885226E+07   0.119909E+04   0.193847E+04   0.000000E+00   0.887737E+07   0.887737E+07   0.887737E+07  -0.318233E+00   0.678122E+07   0.678079E+07   0.614735E+01
   0.212121E-01   0.870455E+07   0.867361E+07   0.112019E+04   0.176416E+04   0.000000E+00   0.869980E+07   0.869980E+07   0.869980E+07  -0.311867E+00   0.664558E+07   0.664514E+07   0.617894E+01
   0.219311E-01   0.852459E+07   0.849236E+07   0.108895E+04   0.160239E+04   0.000000E+00   0.851964E+07   0.851964E+07   0.851964E+07  -0.305409E+00   0.650796E+07   0.650750E+07   0.620090E+01
   0.226744E-01   0.834220E+07   0.830868E+07   0.103432E+04   0.145952E+04   0.000000E+00   0.833705E+07   0.833705E+07   0.833705E+07  -0.298864E+00   0.636849E+07   0.636801E+07   0.621239E+01
   0.234430E-01   0.815756E+07   0.812277E+07   0.825550E+03   0.133487E+04   0.000000E+00   0.815222E+07   0.815222E+07   0.815222E+07  -0.292238E+00   0.622731E+07   0.622681E+07   0.621255E+01
   0.242376E-01   0.797091E+07   0.793485E+07   0.869973E+03   0.122596E+04   0.000000E+00   0.796537E+07   0.796537E+07   0.796537E+07  -0.285540E+00   0.608458E+07   0.608407E+07   0.620050E+01
   0.250591E-01   0.778247E+07   0.774518E+07   0.809877E+03   0.112928E+04   0.000000E+00   0.777674E+07   0.777674E+07   0.777674E+07  -0.278778E+00   0.594049E+07   0.593997E+07   0.617538E+01
   0.259085E-01   0.759253E+07   0.755405E+07   0.721807E+03   0.103779E+04   0.000000E+00   0.758662E+07   0.758662E+07   0.758662E+07  -0.271962E+00   0.579527E+07   0.579473E+07   0.613635E+01
   0.267867E-01   0.740140E+07   0.736177E+07   0.559131E+03   0.941000E+03   0.000000E+00   0.739531E+07   0.739531E+07   0.739531E+07  -0.265104E+00   0.564913E+07   0.564858E+07   0.608258E+01
   0.276946E-01   0.720943E+07   0.716873E+07   0.674775E+03   0.836808E+03   0.000000E+00   0.720318E+07   0.720318E+07   0.720318E+07  -0.258217E+00   0.550237E+07   0.550181E+07   0.601330E+01
   0.286333E-01   0.701701E+07   0.697532E+07   0.596564E+03   0.749024E+03   0.000000E+00   0.701061E+07   0.701061E+07   0.701061E+07  -0.251314E+00   0.535528E+07   0.535470E+07   0.592783E+01
   0.296039E-01   0.682456E+07   0.678197E+07   0.500753E+03   0.700654E+03   0.000000E+00   0.681802E+07   0.681802E+07   0.681802E+07  -0.244410E+00   0.520816E+07   0.520758E+07   0.582554E+01
   0.306073E-01   0.663254E+07   0.658916E+07   0.439962E+03   0.647361E+03   0.000000E+00   0.662588E+07   0.662588E+07   0.662588E+07  -0.237522E+00   0.506139E+07   0.506080E+07   0.570594E+01
   0.316447E-01   0.644143E+07   0.639739E+07   0.433914E+03   0.563979E+03   0.000000E+00   0.643467E+07   0.643467E+07   0.643467E+07  -0.230668E+00   0.491534E+07   0.491474E+07   0.556867E+01
   0.327173E-01   0.625178E+07   0.620722E+07   0.348609E+03   0.528750E+03   0.000000E+00   0.624493E+07   0.624493E+07   0.624493E+07  -0.223866E+00   0.477040E+07   0.476980E+07   0.541355E+01
   0.338263E-01   0.606410E+07   0.601918E+07   0.321100E+03   0.473540E+03   0.000000E+00   0.605720E+07   0.605720E+07   0.605720E+07  -0.217136E+00   0.462700E+07   0.462640E+07   0.524057E+01
   0.349728E-01   0.587898E+07   0.583389E+07   0.280923E+03   0.430880E+03   0.000000E+00   0.587206E+07   0.587206E+07   0.587206E+07  -0.210499E+00   0.448557E+07   0.448498E+07   0.504998E+01
   0.361582E-01   0.569700E+07   0.565193E+07   0.272052E+03   0.387469E+03   0.000000E+00   0.569007E+07   0.569007E+07   0.569007E+07  -0.203976E+00   0.434656E+07   0.434597E+07   0.484225E+01
   0.373838E-01   0.551874E+07   0.547389E+07   0.250448E+03   0.360012E+03   0.000000E+00   0.551185E+07   0.551185E+07   0.551185E+07  -0.197587E+00   0.421042E+07   0.420983E+07   0.461817E+01
   0.386510E-01   0.534476E+07   0.530037E+07   0.246847E+03   0.312940E+03   0.000000E+00   0.533794E+07   0.533794E+07   0.533794E+07  -0.191353E+00   0.407758E+07   0.407700E+07   0.437881E+01
   0.399610E-01   0.517563E+07   0.513192E+07   0.203192E+03   0.290492E+03   0.000000E+00   0.516892E+07   0.516892E+07   0.516892E+07  -0.185293E+00   0.394846E+07   0.394790E+07   0.412561E+01
   0.413155E-01   0.501186E+07   0.496905E+07   0.167596E+03   0.269015E+03   0.000000E+00   0.500528E+07   0.500528E+07   0.500528E+07  -0.179427E+00   0.382346E+07   0.382292E+07   0.386033E+01
   0.427159E-01   0.485389E+07   0.481224E+07   0.158463E+03   0.240584E+03   0.000000E+00   0.484750E+07   0.484750E+07   0.484750E+07  -0.173771E+00   0.370293E+07   0.370241E+07   0.358513E+01
   0.441638E-01   0.470212E+07   0.466185E+07   0.150400E+03   0.214348E+03   0.000000E+00   0.469593E+07   0.469593E+07   0.469593E+07  -0.168338E+00   0.358715E+07   0.358666E+07   0.330251E+01
   0.456607E-01   0.455682E+07   0.451817E+07   0.137787E+03   0.192921E+03   0.000000E+00   0.455089E+07   0.455089E+07   0.455089E+07  -0.163138E+00   0.347635E+07   0.347589E+07   0.301535E+01
   0.472084E-01   0.441818E+07   0.438135E+07   0.118425E+03   0.175260E+03   0.000000E+00   0.441253E+07   0.441253E+07   0.441253E+07  -0.158179E+00   0.337066E+07   0.337022E+07   0.272685E+01
   0.488085E-01   0.428624E+07   0.425141E+07   0.118202E+03   0.160898E+03   0.000000E+00   0.428089E+07   0.428089E+07   0.428089E+07  -0.153460E+00   0.327010E+07   0.326969E+07   0.244047E+01
   0.504629E-01   0.416087E+07   0.412822E+07   0.793616E+02   0.148981E+03   0.000000E+00   0.415586E+07   0.415586E+07   0.415586E+07  -0.148978E+00   0.317459E+07   0.317422E+07   0.215996E+01
   0.521734E-01   0.404182E+07   0.401145E+07   0.818678E+02   0.135191E+03   0.000000E+00   0.403716E+07   0.403716E+07   0.403716E+07  -0.144722E+00   0.308391E+07   0.308358E+07   0.188916E+01
   0.539417E-01   0.392864E+07   0.390063E+07   0.556218E+02   0.118383E+03   0.000000E+00   0.392433E+07   0.392433E+07   0.392433E+07  -0.140678E+00   0.299772E+07   0.299742E+07   0.163195E+01
   0.557701E-01   0.382071E+07   0.379508E+07   0.806741E+02   0.110723E+03   0.000000E+00   0.381677E+07   0.381677E+07   0.381677E+07  -0.136822E+00   0.291556E+07   0.291529E+07   0.139222E+01
   0.576604E-01   0.371726E+07   0.369398E+07   0.617359E+02   0.100053E+03   0.000000E+00   0.371368E+07   0.371368E+07   0.371368E+07  -0.133127E+00   0.283680E+07   0.283657E+07   0.117354E+01
   0.596149E-01   0.361736E+07   0.359634E+07   0.538588E+02   0.917592E+02   0.000000E+00   0.361413E+07   0.361413E+07   0.361413E+07  -0.129558E+00   0.276075E+07   0.276055E+07   0.979142E+00
   0.616355E-01   0.351996E+07   0.350104E+07   0.569834E+02   0.813016E+02   0.000000E+00   0.351705E+07   0.351705E+07   0.351705E+07  -0.126078E+00   0.268659E+07   0.268642E+07   0.811694E+00
   0.637247E-01   0.342394E+07   0.340691E+07   0.510088E+02   0.766497E+02   0.000000E+00   0.342133E+07   0.342133E+07   0.342133E+07  -0.122646E+00   0.261347E+07   0.261332E+07   0.673141E+00
   0.658846E-01   0.332819E+07   0.331276E+07   0.471780E+02   0.701917E+02   0.000000E+00   0.332582E+07   0.332582E+07   0.332582E+07  -0.119223E+00   0.254051E+07   0.254038E+07   0.564552E+00
   0.681178E-01   0.323159E+07   0.321746E+07   0.488519E+02   0.632628E+02   0.000000E+00   0.322942E+07   0.322942E+07   0.322942E+07  -0.115767E+00   0.246687E+07   0.246676E+07   0.485954E+00
   0.704267E-01   0.313321E+07   0.312002E+07   0.475871E+02   0.573960E+02   0.000000E+00   0.313119E+07   0.313119E+07   0.313119E+07  -0.112246E+00   0.239183E+07   0.239173E+07   0.436241E+00
   0.728138E-01   0.303229E+07   0.301968E+07   0.404145E+02   0.523783E+02   0.000000E+00   0.303036E+07   0.303036E+07   0.303036E+07  -0.108631E+00   0.231481E+07   0.231471E+07   0.413112E+00
   0.752818E-01   0.292838E+07   0.291596E+07   0.326958E+02   0.468177E+02   0.000000E+00   0.292647E+07   0.292647E+07   0.292647E+07  -0.104907E+00   0.223546E+07   0.223535E+07   0.413075E+00
   0.778335E-01   0.282138E+07   0.280883E+07   0.191841E+02   0.407641E+02   0.000000E+00   0.281945E+07   0.281945E+07   0.281945E+07  -0.101070E+00   0.215371E+07   0.215359E+07   0.431549E+00
   0.804717E-01   0.271161E+07   0.269864E+07   0.281362E+02   0.382435E+02   0.000000E+00   0.270961E+07   0.270961E+07   0.270961E+07  -0.971332E-01   0.206981E+07   0.206968E+07   0.463045E+00
   0.831992E-01   0.259985E+07   0.258624E+07   0.227821E+02   0.328535E+02   0.000000E+00   0.259776E+07   0.259776E+07   0.259776E+07  -0.931234E-01   0.198437E+07   0.198423E+07   0.501447E+00
   0.860193E-01   0.248730E+07   0.247293E+07   0.250685E+02   0.305522E+02   0.000000E+00   0.248509E+07   0.248509E+07   0.248509E+07  -0.890846E-01   0.189831E+07   0.189815E+07   0.540387E+00
   0.889349E-01   0.237554E+07   0.236040E+07   0.142616E+02   0.274166E+02   0.000000E+00   0.237322E+07   0.237322E+07   0.237322E+07  -0.850741E-01   0.181285E+07   0.181268E+07   0.573692E+00
   0.919494E-01   0.226641E+07   0.225061E+07   0.200741E+02   0.242681E+02   0.000000E+00   0.226398E+07   0.226398E+07   0.226398E+07  -0.811584E-01   0.172942E+07   0.172923E+07   0.595889E+00
   0.950660E-01   0.216186E+07   0.214561E+07   0.188558E+02   0.217744E+02   0.000000E+00   0.215937E+07   0.215937E+07   0.215937E+07  -0.774081E-01   0.164950E+07   0.164931E+07   0.602700E+00
   0.982883E-01   0.206373E+07   0.204733E+07   0.149331E+02   0.194720E+02   0.000000E+00   0.206121E+07   0.206121E+07   0.206121E+07  -0.738896E-01   0.157453E+07   0.157433E+07   0.591500E+00
   0.101620E+00   0.197354E+07   0.195737E+07   0.103457E+02   0.166732E+02   0.000000E+00   0.197105E+07   0.197105E+07   0.197105E+07  -0.706575E-01   0.150566E+07   0.150546E+07   0.561652E+00
   0.105064E+00   0.189222E+07   0.187669E+07   0.878413E+01   0.156014E+02   0.000000E+00   0.188984E+07   0.188984E+07   0.188984E+07  -0.677461E-01   0.144362E+07   0.144343E+07   0.514665E+00
   0.108625E+00   0.182000E+07   0.180547E+07   0.127165E+02   0.134102E+02   0.000000E+00   0.181777E+07   0.181777E+07   0.181777E+07  -0.651627E-01   0.138856E+07   0.138840E+07   0.454127E+00
   0.112307E+00   0.175620E+07   0.174298E+07   0.105876E+02   0.122926E+02   0.000000E+00   0.175417E+07   0.175417E+07   0.175417E+07  -0.628827E-01   0.133998E+07   0.133983E+07   0.385347E+00
   0.116114E+00   0.169929E+07   0.168756E+07   0.640120E+01   0.112193E+02   0.000000E+00   0.169749E+07   0.169749E+07   0.169749E+07  -0.608509E-01   0.129668E+07   0.129655E+07   0.314759E+00
   0.120050E+00   0.164701E+07   0.163680E+07   0.667602E+01   0.100096E+02   0.000000E+00   0.164544E+07   0.164544E+07   0.164544E+07  -0.589852E-01   0.125692E+07   0.125682E+07   0.249072E+00
   0.124119E+00   0.159665E+07   0.158784E+07   0.603266E+01   0.915623E+01   0.000000E+00   0.159530E+07   0.159530E+07   0.159530E+07  -0.571877E-01   0.121861E+07   0.121853E+07   0.194304E+00
   0.128326E+00   0.154549E+07   0.153778E+07   0.441883E+01   0.851922E+01   0.000000E+00   0.154431E+07   0.154431E+07   0.154431E+07  -0.553597E-01   0.117966E+07   0.117959E+07   0.154838E+00
   0.132675E+00   0.149124E+07   0.148424E+07   0.497595E+01   0.764038E+01   0.000000E+00   0.149017E+07   0.149017E+07   0.149017E+07  -0.534190E-01   0.113830E+07   0.113824E+07   0.132639E+00
   0.137172E+00   0.143256E+07   0.142584E+07   0.581571E+01   0.670579E+01   0.000000E+00   0.143153E+07   0.143153E+07   0.143153E+07  -0.513168E-01   0.109351E+07   0.109345E+07   0.126859E+00
   0.141822E+00   0.136935E+07   0.136252E+07   0.318334E+01   0.603439E+01   0.000000E+00   0.136830E+07   0.136830E+07   0.136830E+07  -0.490504E-01   0.104521E+07   0.104515E+07   0.133928E+00
   0.146629E+00   0.130292E+07   0.129570E+07   0.294368E+01   0.554906E+01   0.000000E+00   0.130181E+07   0.130181E+07   0.130181E+07  -0.466669E-01   0.994426E+06   0.994353E+06   0.148196E+00
   0.151599E+00   0.123574E+07   0.122802E+07   0.540071E+01   0.468547E+01   0.000000E+00   0.123455E+07   0.123455E+07   0.123455E+07  -0.442558E-01   0.943049E+06   0.942965E+06   0.163080E+00
   0.156737E+00   0.117093E+07   0.116282E+07   0.261807E+01   0.434520E+01   0.000000E+00   0.116968E+07   0.116968E+07   0.116968E+07  -0.419303E-01   0.893498E+06   0.893406E+06   0.172484E+00
   0.162050E+00   0.111151E+07   0.110327E+07   0.154840E+01   0.387663E+01   0.000000E+00   0.111025E+07   0.111025E+07   0.111025E+07  -0.397997E-01   0.848098E+06   0.848003E+06   0.172208E+00
   0.167543E+00   0.105958E+07   0.105157E+07   0.337482E+01   0.341770E+01   0.000000E+00   0.105835E+07   0.105835E+07   0.105835E+07  -0.379394E-01   0.808456E+06   0.808365E+06   0.160948E+00
   0.173222E+00   0.101563E+07   0.100819E+07   0.194155E+01   0.292814E+01   0.000000E+00   0.101449E+07   0.101449E+07   0.101449E+07  -0.363670E-01   0.774950E+06   0.774867E+06   0.140580E+00
   0.179093E+00   0.978328E+06   0.971710E+06   0.204550E+01   0.275479E+01   0.000000E+00   0.977312E+06   0.977312E+06   0.977312E+06  -0.350343E-01   0.746549E+06   0.746479E+06   0.115553E+00
   0.185163E+00   0.944843E+06   0.939097E+06   0.204239E+01   0.252230E+01   0.000000E+00   0.943960E+06   0.943960E+06   0.943960E+06  -0.338387E-01   0.721071E+06   0.721013E+06   0.914848E-01
   0.191440E+00   0.911725E+06   0.906704E+06   0.138832E+01   0.222784E+01   0.000000E+00   0.910954E+06   0.910954E+06   0.910954E+06  -0.326555E-01   0.695856E+06   0.695809E+06   0.733442E-01
   0.197928E+00   0.876098E+06   0.871509E+06   0.142552E+01   0.196503E+01   0.000000E+00   0.875393E+06   0.875393E+06   0.875393E+06  -0.313807E-01   0.668692E+06   0.668649E+06   0.638175E-01
   0.204637E+00   0.836721E+06   0.832235E+06   0.108431E+01   0.174090E+01   0.000000E+00   0.836032E+06   0.836032E+06   0.836032E+06  -0.299697E-01   0.638625E+06   0.638582E+06   0.624546E-01
   0.211573E+00   0.794491E+06   0.789870E+06   0.945541E+00   0.154135E+01   0.000000E+00   0.793782E+06   0.793782E+06   0.793782E+06  -0.284552E-01   0.606352E+06   0.606305E+06   0.660014E-01
   0.218745E+00   0.752052E+06   0.747235E+06   0.120995E+01   0.139671E+01   0.000000E+00   0.751312E+06   0.751312E+06   0.751312E+06  -0.269327E-01   0.573912E+06   0.573860E+06   0.698502E-01
   0.226159E+00   0.712604E+06   0.707721E+06   0.946748E+00   0.121153E+01   0.000000E+00   0.711854E+06   0.711854E+06   0.711854E+06  -0.255183E-01   0.543772E+06   0.543718E+06   0.700525E-01
   0.233825E+00   0.678380E+06   0.673669E+06   0.810536E+00   0.108321E+01   0.000000E+00   0.677656E+06   0.677656E+06   0.677656E+06  -0.242924E-01   0.517649E+06   0.517597E+06   0.650054E-01
   0.241750E+00   0.649544E+06   0.645224E+06   0.723462E+00   0.971419E+00   0.000000E+00   0.648880E+06   0.648880E+06   0.648880E+06  -0.232608E-01   0.495667E+06   0.495621E+06   0.559847E-01
   0.249944E+00   0.624141E+06   0.620295E+06   0.493264E+00   0.877858E+00   0.000000E+00   0.623550E+06   0.623550E+06   0.623550E+06  -0.223528E-01   0.476317E+06   0.476277E+06   0.462195E-01
   0.258416E+00   0.599234E+06   0.595776E+06   0.521237E+00   0.786050E+00   0.000000E+00   0.598703E+06   0.598703E+06   0.598703E+06  -0.214621E-01   0.457336E+06   0.457302E+06   0.389769E-01
   0.267175E+00   0.572632E+06   0.569368E+06   0.384943E+00   0.710371E+00   0.000000E+00   0.572130E+06   0.572130E+06   0.572130E+06  -0.205095E-01   0.437038E+06   0.437005E+06   0.357252E-01
   0.276231E+00   0.544166E+06   0.540924E+06   0.403352E+00   0.613445E+00   0.000000E+00   0.543668E+06   0.543668E+06   0.543668E+06  -0.194892E-01   0.415296E+06   0.415263E+06   0.354807E-01
   0.285594E+00   0.515629E+06   0.512359E+06   0.487711E+00   0.554155E+00   0.000000E+00   0.515127E+06   0.515127E+06   0.515127E+06  -0.184661E-01   0.393495E+06   0.393460E+06   0.357312E-01
   0.295275E+00   0.489372E+06   0.486160E+06   0.277288E+00   0.498458E+00   0.000000E+00   0.488879E+06   0.488879E+06   0.488879E+06  -0.175251E-01   0.373445E+06   0.373410E+06   0.342920E-01
   0.305283E+00   0.466530E+06   0.463510E+06   0.257073E+00   0.443045E+00   0.000000E+00   0.466066E+06   0.466066E+06   0.466066E+06  -0.167074E-01   0.356018E+06   0.355986E+06   0.307581E-01
   0.315630E+00   0.446253E+06   0.443492E+06   0.295822E+00   0.398103E+00   0.000000E+00   0.445829E+06   0.445829E+06   0.445829E+06  -0.159819E-01   0.340559E+06   0.340531E+06   0.264977E-01
   0.326329E+00   0.426585E+06   0.424040E+06   0.292343E+00   0.349437E+00   0.000000E+00   0.426194E+06   0.426194E+06   0.426194E+06  -0.152781E-01   0.325561E+06   0.325535E+06   0.232765E-01
   0.337390E+00   0.406219E+06   0.403783E+06   0.212358E+00   0.329858E+00   0.000000E+00   0.405845E+06   0.405845E+06   0.405845E+06  -0.145486E-01   0.310016E+06   0.309991E+06   0.217358E-01
   0.348825E+00   0.385532E+06   0.383140E+06   0.226500E+00   0.291622E+00   0.000000E+00   0.385165E+06   0.385165E+06   0.385165E+06  -0.138073E-01   0.294219E+06   0.294195E+06   0.210529E-01
   0.360649E+00   0.365950E+06   0.363624E+06   0.158174E+00   0.248674E+00   0.000000E+00   0.365593E+06   0.365593E+06   0.365593E+06  -0.131056E-01   0.279269E+06   0.279245E+06   0.199770E-01
   0.372873E+00   0.348344E+06   0.346148E+06   0.144853E+00   0.227031E+00   0.000000E+00   0.348007E+06   0.348007E+06   0.348007E+06  -0.124752E-01   0.265835E+06   0.265812E+06   0.181001E-01
   0.385512E+00   0.332197E+06   0.330155E+06   0.136968E+00   0.193427E+00   0.000000E+00   0.331883E+06   0.331883E+06   0.331883E+06  -0.118972E-01   0.253519E+06   0.253498E+06   0.160576E-01
   0.398579E+00   0.316395E+06   0.314470E+06   0.115663E+00   0.172066E+00   0.000000E+00   0.316099E+06   0.316099E+06   0.316099E+06  -0.113314E-01   0.241461E+06   0.241442E+06   0.145969E-01
   0.412089E+00   0.300576E+06   0.298723E+06   0.102695E+00   0.160475E+00   0.000000E+00   0.300291E+06   0.300291E+06   0.300291E+06  -0.107647E-01   0.229386E+06   0.229367E+06   0.137157E-01
   0.426056E+00   0.285360E+06   0.283575E+06   0.922342E-01   0.136574E+00   0.000000E+00   0.285086E+06   0.285086E+06   0.285086E+06  -0.102196E-01   0.217771E+06   0.217752E+06   0.128593E-01
   0.440498E+00   0.271309E+06   0.269618E+06   0.805797E-01   0.128364E+00   0.000000E+00   0.271049E+06   0.271049E+06   0.271049E+06  -0.971647E-02   0.207049E+06   0.207031E+06   0.117387E-01
   0.455428E+00   0.258176E+06   0.256586E+06   0.805201E-01   0.106214E+00   0.000000E+00   0.257932E+06   0.257932E+06   0.257932E+06  -0.924624E-02   0.197029E+06   0.197012E+06   0.106080E-01
   0.470865E+00   0.245417E+06   0.243908E+06   0.655924E-01   0.954968E-01   0.000000E+00   0.245185E+06   0.245185E+06   0.245185E+06  -0.878931E-02   0.187292E+06   0.187276E+06   0.974872E-02
   0.486825E+00   0.233012E+06   0.231567E+06   0.649572E-01   0.845515E-01   0.000000E+00   0.232790E+06   0.232790E+06   0.232790E+06  -0.834498E-02   0.177824E+06   0.177809E+06   0.906411E-02
   0.503326E+00   0.221298E+06   0.219924E+06   0.537503E-01   0.799147E-01   0.000000E+00   0.221087E+06   0.221087E+06   0.221087E+06  -0.792545E-02   0.168884E+06   0.168870E+06   0.834021E-02
   0.520387E+00   0.210298E+06   0.208999E+06   0.470912E-01   0.724998E-01   0.000000E+00   0.210098E+06   0.210098E+06   0.210098E+06  -0.753153E-02   0.160490E+06   0.160476E+06   0.760122E-02
   0.538025E+00   0.199751E+06   0.198518E+06   0.458168E-01   0.644848E-01   0.000000E+00   0.199562E+06   0.199562E+06   0.199562E+06  -0.715381E-02   0.152441E+06   0.152428E+06   0.697458E-02
   0.556262E+00   0.189608E+06   0.188434E+06   0.365471E-01   0.535288E-01   0.000000E+00   0.189427E+06   0.189427E+06   0.189427E+06  -0.679052E-02   0.144699E+06   0.144687E+06   0.643659E-02
   0.575116E+00   0.179999E+06   0.178884E+06   0.329847E-01   0.490644E-01   0.000000E+00   0.179828E+06   0.179828E+06   0.179828E+06  -0.644640E-02   0.137367E+06   0.137355E+06   0.590727E-02
   0.594610E+00   0.170893E+06   0.169837E+06   0.294234E-01   0.409000E-01   0.000000E+00   0.170731E+06   0.170731E+06   0.170731E+06  -0.612029E-02   0.130418E+06   0.130407E+06   0.540689E-02
   0.614764E+00   0.162182E+06   0.161180E+06   0.258077E-01   0.384972E-01   0.000000E+00   0.162028E+06   0.162028E+06   0.162028E+06  -0.580833E-02   0.123770E+06   0.123760E+06   0.496859E-02
   0.635602E+00   0.153883E+06   0.152931E+06   0.233267E-01   0.352096E-01   0.000000E+00   0.153737E+06   0.153737E+06   0.153737E+06  -0.551110E-02   0.117436E+06   0.117426E+06   0.456479E-02
   0.657145E+00   0.146011E+06   0.145108E+06   0.214620E-01   0.313989E-01   0.000000E+00   0.145872E+06   0.145872E+06   0.145872E+06  -0.522918E-02   0.111429E+06   0.111420E+06   0.418343E-02
   0.679419E+00   0.138513E+06   0.137657E+06   0.189898E-01   0.276709E-01   0.000000E+00   0.138382E+06   0.138382E+06   0.138382E+06  -0.496065E-02   0.105707E+06   0.105698E+06   0.383844E-02
   0.702448E+00   0.131374E+06   0.130562E+06   0.164202E-01   0.241859E-01   0.000000E+00   0.131250E+06   0.131250E+06   0.131250E+06  -0.470499E-02   0.100259E+06   0.100250E+06   0.352302E-02
   0.726258E+00   0.124594E+06   0.123824E+06   0.144929E-01   0.211987E-01   0.000000E+00   0.124476E+06   0.124476E+06   0.124476E+06  -0.446216E-02   0.950844E+05   0.950765E+05   0.322992E-02
   0.750875E+00   0.118144E+06   0.117414E+06   0.130693E-01   0.189103E-01   0.000000E+00   0.118032E+06   0.118032E+06   0.118032E+06  -0.423117E-02   0.901623E+05   0.901548E+05   0.296235E-02
   0.776325E+00   0.112012E+06   0.111320E+06   0.116388E-01   0.173048E-01   0.000000E+00   0.111906E+06   0.111906E+06   0.111906E+06  -0.401155E-02   0.854824E+05   0.854752E+05   0.271673E-02
   0.802639E+00   0.106185E+06   0.105529E+06   0.102604E-01   0.153150E-01   0.000000E+00   0.106084E+06   0.106084E+06   0.106084E+06  -0.380287E-02   0.810355E+05   0.810287E+05   0.249049E-02
   0.829845E+00   0.100646E+06   0.100024E+06   0.908394E-02   0.120916E-01   0.000000E+00   0.100550E+06   0.100550E+06   0.100550E+06  -0.360449E-02   0.768083E+05   0.768019E+05   0.228331E-02
   0.857973E+00   0.953834E+05   0.947939E+05   0.804267E-02   0.121539E-01   0.000000E+00   0.952928E+05   0.952928E+05   0.952928E+05  -0.341602E-02   0.727922E+05   0.727861E+05   0.209289E-02
   0.887053E+00   0.903841E+05   0.898255E+05   0.715091E-02   0.107356E-01   0.000000E+00   0.902983E+05   0.902983E+05   0.902983E+05  -0.323698E-02   0.689770E+05   0.689712E+05   0.191815E-02
   0.917120E+00   0.856355E+05   0.851063E+05   0.634188E-02   0.964059E-02   0.000000E+00   0.855542E+05   0.855542E+05   0.855542E+05  -0.306692E-02   0.653531E+05   0.653476E+05   0.175783E-02
   0.948206E+00   0.811267E+05   0.806255E+05   0.561775E-02   0.744909E-02   0.000000E+00   0.810497E+05   0.810497E+05   0.810497E+05  -0.290544E-02   0.619122E+05   0.619070E+05   0.161070E-02
   0.980346E+00   0.768458E+05   0.763710E+05   0.497655E-02   0.712041E-02   0.000000E+00   0.767728E+05   0.767728E+05   0.767728E+05  -0.275212E-02   0.586451E+05   0.586402E+05   0.147575E-02
   0.101357E+01   0.727820E+05   0.723324E+05   0.440894E-02   0.580593E-02   0.000000E+00   0.727130E+05   0.727130E+05   0.727130E+05  -0.260659E-02   0.555439E+05   0.555392E+05   0.135195E-02
   0.104793E+01   0.689247E+05   0.684988E+05   0.390670E-02   0.583160E-02   0.000000E+00   0.688592E+05   0.688592E+05   0.688592E+05  -0.246844E-02   0.526001E+05   0.525957E+05   0.123841E-02
   0.108345E+01   0.652639E+05   0.648607E+05   0.346076E-02   0.472907E-02   0.000000E+00   0.652019E+05   0.652019E+05   0.652019E+05  -0.233733E-02   0.498064E+05   0.498022E+05   0.113428E-02
   0.112017E+01   0.617900E+05   0.614083E+05   0.306451E-02   0.463916E-02   0.000000E+00   0.617314E+05   0.617314E+05   0.617314E+05  -0.221292E-02   0.471553E+05   0.471514E+05   0.103880E-02
   0.115814E+01   0.584945E+05   0.581331E+05   0.271417E-02   0.352860E-02   0.000000E+00   0.584390E+05   0.584390E+05   0.584390E+05  -0.209490E-02   0.446403E+05   0.446365E+05   0.951263E-03
   0.119740E+01   0.553684E+05   0.550264E+05   0.240377E-02   0.310954E-02   0.000000E+00   0.553159E+05   0.553159E+05   0.553159E+05  -0.198294E-02   0.422546E+05   0.422511E+05   0.871021E-03
   0.123798E+01   0.524037E+05   0.520800E+05   0.212822E-02   0.292124E-02   0.000000E+00   0.523540E+05   0.523540E+05   0.523540E+05  -0.187677E-02   0.399921E+05   0.399887E+05   0.797476E-03
   0.127994E+01   0.495923E+05   0.492860E+05   0.188414E-02   0.282084E-02   0.000000E+00   0.495452E+05   0.495452E+05   0.495452E+05  -0.177608E-02   0.378466E+05   0.378434E+05   0.730075E-03
   0.132333E+01   0.469264E+05   0.466366E+05   0.166787E-02   0.228824E-02   0.000000E+00   0.468819E+05   0.468819E+05   0.468819E+05  -0.168060E-02   0.358121E+05   0.358091E+05   0.668309E-03
   0.136818E+01   0.443991E+05   0.441249E+05   0.147626E-02   0.194659E-02   0.000000E+00   0.443570E+05   0.443570E+05   0.443570E+05  -0.159009E-02   0.338834E+05   0.338805E+05   0.611716E-03
   0.141456E+01   0.420035E+05   0.417441E+05   0.130653E-02   0.200021E-02   0.000000E+00   0.419637E+05   0.419637E+05   0.419637E+05  -0.150430E-02   0.320552E+05   0.320525E+05   0.559870E-03
   0.146250E+01   0.397332E+05   0.394878E+05   0.115621E-02   0.157600E-02   0.000000E+00   0.396956E+05   0.396956E+05   0.396956E+05  -0.142299E-02   0.303226E+05   0.303201E+05   0.512381E-03
   0.151208E+01   0.375818E+05   0.373497E+05   0.102307E-02   0.145365E-02   0.000000E+00   0.375462E+05   0.375462E+05   0.375462E+05  -0.134594E-02   0.286807E+05   0.286783E+05   0.468883E-03
   0.156333E+01   0.355433E+05   0.353238E+05   0.905172E-03   0.115403E-02   0.000000E+00   0.355096E+05   0.355096E+05   0.355096E+05  -0.127293E-02   0.271250E+05   0.271227E+05   0.429046E-03
   0.161632E+01   0.336119E+05   0.334043E+05   0.800777E-03   0.105852E-02   0.000000E+00   0.335800E+05   0.335800E+05   0.335800E+05  -0.120376E-02   0.256510E+05   0.256489E+05   0.392565E-03
   0.167110E+01   0.317824E+05   0.315861E+05   0.708358E-03   0.901572E-03   0.000000E+00   0.317522E+05   0.317522E+05   0.317522E+05  -0.113824E-02   0.242549E+05   0.242528E+05   0.359163E-03
   0.172774E+01   0.300496E+05   0.298640E+05   0.626544E-03   0.871512E-03   0.000000E+00   0.300211E+05   0.300211E+05   0.300211E+05  -0.107619E-02   0.229325E+05   0.229306E+05   0.328582E-03
   0.178631E+01   0.284086E+05   0.282332E+05   0.554128E-03   0.698299E-03   0.000000E+00   0.283817E+05   0.283817E+05   0.283817E+05  -0.101742E-02   0.216802E+05   0.216783E+05   0.300587E-03
   0.184685E+01   0.268547E+05   0.266888E+05   0.490034E-03   0.723686E-03   0.000000E+00   0.268292E+05   0.268292E+05   0.268292E+05  -0.961763E-03   0.204942E+05   0.204925E+05   0.274961E-03
   0.190945E+01   0.253834E+05   0.252266E+05   0.433314E-03   0.540541E-03   0.000000E+00   0.253593E+05   0.253593E+05   0.253593E+05  -0.909072E-03   0.193715E+05   0.193698E+05   0.251506E-03
   0.197417E+01   0.239907E+05   0.238425E+05   0.383127E-03   0.531574E-03   0.000000E+00   0.239679E+05   0.239679E+05   0.239679E+05  -0.859193E-03   0.183086E+05   0.183071E+05   0.230042E-03
   0.204109E+01   0.226723E+05   0.225323E+05   0.338721E-03   0.478922E-03   0.000000E+00   0.226508E+05   0.226508E+05   0.226508E+05  -0.811976E-03   0.173024E+05   0.173010E+05   0.210400E-03
   0.211027E+01   0.214245E+05   0.212922E+05   0.299437E-03   0.414426E-03   0.000000E+00   0.214041E+05   0.214041E+05   0.214041E+05  -0.767288E-03   0.163502E+05   0.163488E+05   0.192427E-03
   0.218180E+01   0.202436E+05   0.201185E+05   0.264685E-03   0.373576E-03   0.000000E+00   0.202243E+05   0.202243E+05   0.202243E+05  -0.724995E-03   0.154490E+05   0.154477E+05   0.175983E-03
   0.225575E+01   0.191261E+05   0.190080E+05   0.233947E-03   0.363958E-03   0.000000E+00   0.191080E+05   0.191080E+05   0.191080E+05  -0.684976E-03   0.145962E+05   0.145950E+05   0.160939E-03
   0.233221E+01   0.180688E+05   0.179572E+05   0.206760E-03   0.255588E-03   0.000000E+00   0.180517E+05   0.180517E+05   0.180517E+05  -0.647109E-03   0.137893E+05   0.137881E+05   0.147176E-03
   0.241126E+01   0.170686E+05   0.169631E+05   0.182718E-03   0.263110E-03   0.000000E+00   0.170524E+05   0.170524E+05   0.170524E+05  -0.611287E-03   0.130259E+05   0.130248E+05   0.134588E-03
   0.249299E+01   0.161224E+05   0.160228E+05   0.161458E-03   0.190637E-03   0.000000E+00   0.161071E+05   0.161071E+05   0.161071E+05  -0.577400E-03   0.123038E+05   0.123028E+05   0.123074E-03
   0.257749E+01   0.152274E+05   0.151334E+05   0.142661E-03   0.174439E-03   0.000000E+00   0.152130E+05   0.152130E+05   0.152130E+05  -0.545348E-03   0.116209E+05   0.116199E+05   0.112545E-03
   0.266486E+01   0.143810E+05   0.142921E+05   0.126042E-03   0.198543E-03   0.000000E+00   0.143673E+05   0.143673E+05   0.143673E+05  -0.515035E-03   0.109749E+05   0.109740E+05   0.102915E-03
   0.275518E+01   0.135805E+05   0.134967E+05   0.111350E-03   0.129315E-03   0.000000E+00   0.135677E+05   0.135677E+05   0.135677E+05  -0.486368E-03   0.103640E+05   0.103632E+05   0.941088E-04
   0.284857E+01   0.128236E+05   0.127444E+05   0.983631E-04   0.153684E-03   0.000000E+00   0.128115E+05   0.128115E+05   0.128115E+05  -0.459261E-03   0.978641E+04   0.978558E+04   0.860566E-04
   0.294512E+01   0.121080E+05   0.120332E+05   0.868844E-04   0.994450E-04   0.000000E+00   0.120965E+05   0.120965E+05   0.120965E+05  -0.433632E-03   0.924029E+04   0.923950E+04   0.786946E-04
   0.304495E+01   0.114315E+05   0.113608E+05   0.767392E-04   0.960418E-04   0.000000E+00   0.114206E+05   0.114206E+05   0.114206E+05  -0.409402E-03   0.872396E+04   0.872322E+04   0.719635E-04
   0.314816E+01   0.107919E+05   0.107252E+05   0.677737E-04   0.776089E-04   0.000000E+00   0.107817E+05   0.107817E+05   0.107817E+05  -0.386497E-03   0.823589E+04   0.823519E+04   0.658098E-04
   0.325486E+01   0.101874E+05   0.101245E+05   0.598515E-04   0.739868E-04   0.000000E+00   0.101778E+05   0.101778E+05   0.101778E+05  -0.364848E-03   0.777457E+04   0.777391E+04   0.601846E-04
   0.336519E+01   0.961608E+04   0.955667E+04   0.528514E-04   0.767571E-04   0.000000E+00   0.960696E+04   0.960696E+04   0.960696E+04  -0.344387E-03   0.733855E+04   0.733792E+04   0.550423E-04
   0.347925E+01   0.907615E+04   0.902007E+04   0.466668E-04   0.691812E-04   0.000000E+00   0.906754E+04   0.906754E+04   0.906754E+04  -0.325050E-03   0.692650E+04   0.692591E+04   0.503419E-04
   0.359718E+01   0.856592E+04   0.851299E+04   0.412028E-04   0.453422E-04   0.000000E+00   0.855779E+04   0.855779E+04   0.855779E+04  -0.306776E-03   0.653711E+04   0.653655E+04   0.460455E-04
   0.371911E+01   0.808382E+04   0.803387E+04   0.363762E-04   0.564131E-04   0.000000E+00   0.807615E+04   0.807615E+04   0.807615E+04  -0.289511E-03   0.616920E+04   0.616867E+04   0.421187E-04
   0.384517E+01   0.762833E+04   0.758119E+04   0.321128E-04   0.511386E-04   0.000000E+00   0.762109E+04   0.762109E+04   0.762109E+04  -0.273198E-03   0.582159E+04   0.582109E+04   0.385296E-04
   0.397550E+01   0.719804E+04   0.715355E+04   0.283472E-04   0.306176E-04   0.000000E+00   0.719120E+04   0.719120E+04   0.719120E+04  -0.257787E-03   0.549321E+04   0.549273E+04   0.352495E-04
   0.411025E+01   0.679155E+04   0.674957E+04   0.250214E-04   0.355329E-04   0.000000E+00   0.678510E+04   0.678510E+04   0.678510E+04  -0.243230E-03   0.518300E+04   0.518255E+04   0.322518E-04
   0.424956E+01   0.640761E+04   0.636800E+04   0.220845E-04   0.356378E-04   0.000000E+00   0.640153E+04   0.640153E+04   0.640153E+04  -0.229479E-03   0.488999E+04   0.488957E+04   0.295122E-04
   0.439360E+01   0.604497E+04   0.600760E+04   0.194909E-04   0.235597E-04   0.000000E+00   0.603923E+04   0.603923E+04   0.603923E+04  -0.216492E-03   0.461324E+04   0.461284E+04   0.270085E-04
   0.454252E+01   0.570250E+04   0.566724E+04   0.172009E-04   0.278891E-04   0.000000E+00   0.569708E+04   0.569708E+04   0.569708E+04  -0.204227E-03   0.435188E+04   0.435150E+04   0.247206E-04
   0.469650E+01   0.537909E+04   0.534582E+04   0.151790E-04   0.203518E-04   0.000000E+00   0.537398E+04   0.537398E+04   0.537398E+04  -0.192644E-03   0.410507E+04   0.410471E+04   0.226298E-04
   0.485568E+01   0.507371E+04   0.504233E+04   0.133939E-04   0.171913E-04   0.000000E+00   0.506889E+04   0.506889E+04   0.506889E+04  -0.181708E-03   0.387202E+04   0.387168E+04   0.207191E-04
   0.502027E+01   0.478537E+04   0.475577E+04   0.118180E-04   0.139502E-04   0.000000E+00   0.478083E+04   0.478083E+04   0.478083E+04  -0.171381E-03   0.365197E+04   0.365165E+04   0.189730E-04
   0.519043E+01   0.451314E+04   0.448522E+04   0.104269E-04   0.112182E-04   0.000000E+00   0.450885E+04   0.450885E+04   0.450885E+04  -0.161632E-03   0.344422E+04   0.344391E+04   0.173773E-04
   0.536636E+01   0.425615E+04   0.422982E+04   0.919900E-05   0.924589E-05   0.000000E+00   0.425210E+04   0.425210E+04   0.425210E+04  -0.152428E-03   0.324809E+04   0.324780E+04   0.159192E-04
   0.554826E+01   0.401355E+04   0.398871E+04   0.811521E-05   0.133322E-04   0.000000E+00   0.400974E+04   0.400974E+04   0.400974E+04  -0.143740E-03   0.306295E+04   0.306268E+04   0.145865E-04
   0.573631E+01   0.378457E+04   0.376115E+04   0.715872E-05   0.695294E-05   0.000000E+00   0.378097E+04   0.378097E+04   0.378097E+04  -0.135539E-03   0.288821E+04   0.288795E+04   0.133687E-04
   0.593075E+01   0.356844E+04   0.354635E+04   0.631458E-05   0.606638E-05   0.000000E+00   0.356505E+04   0.356505E+04   0.356505E+04  -0.127798E-03   0.272327E+04   0.272302E+04   0.122556E-04
   0.613177E+01   0.336447E+04   0.334363E+04   0.556968E-05   0.857710E-05   0.000000E+00   0.336126E+04   0.336126E+04   0.336126E+04  -0.120493E-03   0.256760E+04   0.256737E+04   0.112383E-04
   0.633961E+01   0.317197E+04   0.315232E+04   0.491236E-05   0.714997E-05   0.000000E+00   0.316895E+04   0.316895E+04   0.316895E+04  -0.113599E-03   0.242070E+04   0.242047E+04   0.103085E-04
   0.655449E+01   0.299032E+04   0.297180E+04   0.433239E-05   0.440731E-05   0.000000E+00   0.298748E+04   0.298748E+04   0.298748E+04  -0.107094E-03   0.228207E+04   0.228186E+04   0.945863E-05
   0.677665E+01   0.281893E+04   0.280146E+04   0.382068E-05   0.349736E-05   0.000000E+00   0.281624E+04   0.281624E+04   0.281624E+04  -0.100956E-03   0.215127E+04   0.215107E+04   0.868172E-05
   0.700635E+01   0.265721E+04   0.264074E+04   0.336923E-05   0.388152E-05   0.000000E+00   0.265468E+04   0.265468E+04   0.265468E+04  -0.951640E-04   0.202786E+04   0.202767E+04   0.797149E-05
   0.724383E+01   0.250463E+04   0.248910E+04   0.297095E-05   0.444569E-05   0.000000E+00   0.250225E+04   0.250225E+04   0.250225E+04  -0.896996E-04   0.191142E+04   0.191124E+04   0.732213E-05
   0.748936E+01   0.236070E+04   0.234606E+04   0.261963E-05   0.219423E-05   0.000000E+00   0.235845E+04   0.235845E+04   0.235845E+04  -0.845448E-04   0.180157E+04   0.180140E+04   0.672841E-05
   0.774321E+01   0.222492E+04   0.221111E+04   0.230973E-05   0.216624E-05   0.000000E+00   0.222280E+04   0.222280E+04   0.222280E+04  -0.796820E-04   0.169795E+04   0.169779E+04   0.618547E-05
   0.800567E+01   0.209684E+04   0.208382E+04   0.203638E-05   0.342010E-05   0.000000E+00   0.209484E+04   0.209484E+04   0.209484E+04  -0.750950E-04   0.160021E+04   0.160005E+04   0.568893E-05
   0.827702E+01   0.197603E+04   0.196376E+04   0.179530E-05   0.276850E-05   0.000000E+00   0.197415E+04   0.197415E+04   0.197415E+04  -0.707685E-04   0.150801E+04   0.150787E+04   0.523477E-05
   0.855758E+01   0.186209E+04   0.185052E+04   0.158267E-05   0.189997E-05   0.000000E+00   0.186032E+04   0.186032E+04   0.186032E+04  -0.666879E-04   0.142106E+04   0.142092E+04   0.481930E-05
   0.884763E+01   0.175464E+04   0.174373E+04   0.139516E-05   0.236479E-05   0.000000E+00   0.175296E+04   0.175296E+04   0.175296E+04  -0.628396E-04   0.133905E+04   0.133892E+04   0.443918E-05
   0.914753E+01   0.165330E+04   0.164302E+04   0.122981E-05   0.210183E-05   0.000000E+00   0.165172E+04   0.165172E+04   0.165172E+04  -0.592103E-04   0.126172E+04   0.126159E+04   0.409133E-05
   0.945758E+01   0.155774E+04   0.154805E+04   0.108400E-05   0.138034E-05   0.000000E+00   0.155626E+04   0.155626E+04   0.155626E+04  -0.557881E-04   0.118879E+04   0.118867E+04   0.377297E-05
   0.977815E+01   0.146764E+04   0.145850E+04   0.955429E-06   0.144972E-05   0.000000E+00   0.146623E+04   0.146623E+04   0.146623E+04  -0.525610E-04   0.112003E+04   0.111991E+04   0.348153E-05
   0.101096E+02   0.138268E+04   0.137407E+04   0.842072E-06   0.119631E-05   0.000000E+00   0.138136E+04   0.138136E+04   0.138136E+04  -0.495184E-04   0.105519E+04   0.105508E+04   0.321468E-05
   0.104522E+02   0.130258E+04   0.129446E+04   0.742127E-06   0.109484E-05   0.000000E+00   0.130133E+04   0.130133E+04   0.130133E+04  -0.466496E-04   0.994061E+03   0.993956E+03   0.297029E-05
   0.108065E+02   0.122706E+04   0.121941E+04   0.654016E-06   0.471083E-06   0.000000E+00   0.122588E+04   0.122588E+04   0.122588E+04  -0.439450E-04   0.936429E+03   0.936329E+03   0.274641E-05
   0.111728E+02   0.115587E+04   0.114865E+04   0.576339E-06   0.995576E-06   0.000000E+00   0.115476E+04   0.115476E+04   0.115476E+04  -0.413954E-04   0.882098E+03   0.882002E+03   0.254127E-05
   0.115515E+02   0.108876E+04   0.108196E+04   0.507866E-06   0.304928E-06   0.000000E+00   0.108771E+04   0.108771E+04   0.108771E+04  -0.389919E-04   0.830883E+03   0.830791E+03   0.235325E-05
   0.119431E+02   0.102550E+04   0.101908E+04   0.447506E-06   0.448336E-06   0.000000E+00   0.102451E+04   0.102451E+04   0.102451E+04  -0.367263E-04   0.782605E+03   0.782516E+03   0.218085E-05
   0.123479E+02   0.965871E+03   0.959824E+03   0.394305E-06   0.565156E-06   0.000000E+00   0.964942E+03   0.964942E+03   0.964942E+03  -0.345909E-04   0.737101E+03   0.737016E+03   0.202275E-05
   0.127664E+02   0.909670E+03   0.903970E+03   0.347411E-06   0.185631E-06   0.000000E+00   0.908795E+03   0.908795E+03   0.908795E+03  -0.325781E-04   0.694211E+03   0.694130E+03   0.187770E-05
   0.131991E+02   0.856703E+03   0.851329E+03   0.306082E-06   0.314413E-06   0.000000E+00   0.855877E+03   0.855877E+03   0.855877E+03  -0.306812E-04   0.653789E+03   0.653711E+03   0.174456E-05
   0.136465E+02   0.806786E+03   0.801720E+03   0.269658E-06   0.432840E-06   0.000000E+00   0.806008E+03   0.806008E+03   0.806008E+03  -0.288935E-04   0.615695E+03   0.615620E+03   0.162233E-05
   0.141091E+02   0.759745E+03   0.754969E+03   0.237558E-06   0.209007E-06   0.000000E+00   0.759012E+03   0.759012E+03   0.759012E+03  -0.272088E-04   0.579795E+03   0.579723E+03   0.151005E-05
   0.145873E+02   0.715418E+03   0.710914E+03   0.209272E-06   0.143394E-06   0.000000E+00   0.714726E+03   0.714726E+03   0.714726E+03  -0.256212E-04   0.545966E+03   0.545897E+03   0.140687E-05
   0.150817E+02   0.673648E+03   0.669401E+03   0.184345E-06   0.155642E-06   0.000000E+00   0.672996E+03   0.672996E+03   0.672996E+03  -0.241253E-04   0.514089E+03   0.514022E+03   0.131200E-05
   0.155929E+02   0.634292E+03   0.630288E+03   0.162381E-06   0.652856E-07   0.000000E+00   0.633677E+03   0.633677E+03   0.633677E+03  -0.227158E-04   0.484055E+03   0.483990E+03   0.122475E-05
   0.161214E+02   0.597210E+03   0.593434E+03   0.143028E-06   0.232895E-06   0.000000E+00   0.596630E+03   0.596630E+03   0.596630E+03  -0.213878E-04   0.455755E+03   0.455693E+03   0.114444E-05
   0.166679E+02   0.562275E+03   0.558713E+03   0.125976E-06   0.489374E-07   0.000000E+00   0.561727E+03   0.561727E+03   0.561727E+03  -0.201366E-04   0.429094E+03   0.429034E+03   0.107050E-05
   0.172328E+02   0.529361E+03   0.526002E+03   0.110953E-06   0.834122E-07   0.000000E+00   0.528845E+03   0.528845E+03   0.528845E+03  -0.189578E-04   0.403976E+03   0.403917E+03   0.100237E-05
   0.178169E+02   0.498355E+03   0.495186E+03   0.977181E-07   0.173125E-06   0.000000E+00   0.497868E+03   0.497868E+03   0.497868E+03  -0.178474E-04   0.380313E+03   0.380256E+03   0.939555E-06
   0.184209E+02   0.469146E+03   0.466157E+03   0.860580E-07   0.387063E-07   0.000000E+00   0.468687E+03   0.468687E+03   0.468687E+03  -0.168013E-04   0.358022E+03   0.357967E+03   0.881610E-06
   0.190452E+02   0.441633E+03   0.438813E+03   0.757867E-07   0.279045E-07   0.000000E+00   0.441200E+03   0.441200E+03   0.441200E+03  -0.158160E-04   0.337025E+03   0.336972E+03   0.828122E-06
   0.196908E+02   0.415716E+03   0.413056E+03   0.667384E-07   0.118782E-06   0.000000E+00   0.415308E+03   0.415308E+03   0.415308E+03  -0.148878E-04   0.317247E+03   0.317195E+03   0.778708E-06
   0.203582E+02   0.391307E+03   0.388796E+03   0.587685E-07   0.104556E-06   0.000000E+00   0.390921E+03   0.390921E+03   0.390921E+03  -0.140136E-04   0.298619E+03   0.298568E+03   0.733031E-06
   0.210482E+02   0.368316E+03   0.365946E+03   0.517481E-07   0.129487E-07   0.000000E+00   0.367952E+03   0.367952E+03   0.367952E+03  -0.131902E-04   0.281073E+03   0.281024E+03   0.690770E-06
   0.217617E+02   0.346663E+03   0.344427E+03   0.455648E-07   0.314358E-07   0.000000E+00   0.346319E+03   0.346319E+03   0.346319E+03  -0.124147E-04   0.264549E+03   0.264500E+03   0.651643E-06
   0.224993E+02   0.326272E+03   0.324160E+03   0.401189E-07   0.122535E-07   0.000000E+00   0.325947E+03   0.325947E+03   0.325947E+03  -0.116844E-04   0.248987E+03   0.248940E+03   0.615388E-06
   0.232619E+02   0.307068E+03   0.305074E+03   0.353225E-07   0.640581E-08   0.000000E+00   0.306762E+03   0.306762E+03   0.306762E+03  -0.109967E-04   0.234331E+03   0.234285E+03   0.581763E-06
   0.240504E+02   0.288984E+03   0.287102E+03   0.310985E-07   0.461583E-07   0.000000E+00   0.288695E+03   0.288695E+03   0.288695E+03  -0.103490E-04   0.220531E+03   0.220486E+03   0.550552E-06
   0.248656E+02   0.271956E+03   0.270178E+03   0.273786E-07   0.442971E-07   0.000000E+00   0.271682E+03   0.271682E+03   0.271682E+03  -0.973917E-05   0.207535E+03   0.207491E+03   0.521555E-06
   0.257084E+02   0.255922E+03   0.254242E+03   0.241028E-07   0.266991E-07   0.000000E+00   0.255664E+03   0.255664E+03   0.255664E+03  -0.916493E-05   0.195299E+03   0.195255E+03   0.494590E-06
   0.265798E+02   0.240824E+03   0.239237E+03   0.212182E-07   0.121140E-08   0.000000E+00   0.240580E+03   0.240580E+03   0.240580E+03  -0.862423E-05   0.183777E+03   0.183734E+03   0.469490E-06
   0.274807E+02   0.226609E+03   0.225109E+03   0.186782E-07   0.196182E-07   0.000000E+00   0.226379E+03   0.226379E+03   0.226379E+03  -0.811514E-05   0.172929E+03   0.172887E+03   0.446104E-06
   0.284121E+02   0.213226E+03   0.211808E+03   0.164416E-07   0.631783E-08   0.000000E+00   0.213008E+03   0.213008E+03   0.213008E+03  -0.763583E-05   0.162715E+03   0.162674E+03   0.424293E-06
   0.293752E+02   0.200626E+03   0.199285E+03   0.144724E-07   0.202779E-07   0.000000E+00   0.200420E+03   0.200420E+03   0.200420E+03  -0.718458E-05   0.153099E+03   0.153059E+03   0.403930E-06
   0.303709E+02   0.188764E+03   0.187496E+03   0.127385E-07   0.191259E-07   0.000000E+00   0.188569E+03   0.188569E+03   0.188569E+03  -0.675976E-05   0.144047E+03   0.144007E+03   0.384898E-06
   0.314003E+02   0.177598E+03   0.176397E+03   0.112121E-07   0.166636E-07   0.000000E+00   0.177413E+03   0.177413E+03   0.177413E+03  -0.635984E-05   0.135525E+03   0.135486E+03   0.367093E-06
   0.324646E+02   0.167086E+03   0.165950E+03   0.986814E-08   0.120929E-07   0.000000E+00   0.166911E+03   0.166911E+03   0.166911E+03  -0.598337E-05   0.127503E+03   0.127464E+03   0.350417E-06
   0.335650E+02   0.157191E+03   0.156115E+03   0.868501E-08   0.358081E-08   0.000000E+00   0.157025E+03   0.157025E+03   0.157025E+03  -0.562898E-05   0.119951E+03   0.119913E+03   0.334781E-06
   0.347027E+02   0.147877E+03   0.146858E+03   0.764349E-08   0.113102E-07   0.000000E+00   0.147720E+03   0.147720E+03   0.147720E+03  -0.529542E-05   0.112843E+03   0.112805E+03   0.320105E-06
   0.358789E+02   0.139110E+03   0.138144E+03   0.672663E-08   0.639781E-08   0.000000E+00   0.138961E+03   0.138961E+03   0.138961E+03  -0.498144E-05   0.106152E+03   0.106115E+03   0.306314E-06
   0.370950E+02   0.130858E+03   0.129943E+03   0.591957E-08  -0.301491E-10   0.000000E+00   0.130718E+03   0.130718E+03   0.130718E+03  -0.468592E-05   0.998552E+02   0.998183E+02   0.293341E-06
   0.383524E+02   0.123092E+03   0.122224E+03   0.520914E-08   0.415969E-08   0.000000E+00   0.122959E+03   0.122959E+03   0.122959E+03  -0.440777E-05   0.939282E+02   0.938916E+02   0.281124E-06
   0.396523E+02   0.115783E+03   0.114960E+03   0.458384E-08  -0.123884E-09   0.000000E+00   0.115656E+03   0.115656E+03   0.115656E+03  -0.414600E-05   0.883501E+02   0.883139E+02   0.269605E-06
   0.409964E+02   0.108904E+03   0.108123E+03   0.403345E-08   0.104443E-09   0.000000E+00   0.108784E+03   0.108784E+03   0.108784E+03  -0.389964E-05   0.831003E+02   0.830644E+02   0.258733E-06
   0.423859E+02   0.102430E+03   0.101688E+03   0.354904E-08   0.352185E-08   0.000000E+00   0.102316E+03   0.102316E+03   0.102316E+03  -0.366779E-05   0.781600E+02   0.781242E+02   0.248461E-06
   0.438226E+02   0.963381E+02   0.956332E+02   0.312269E-08  -0.406657E-10   0.000000E+00   0.962298E+02   0.962298E+02   0.962298E+02  -0.344961E-05   0.735107E+02   0.734752E+02   0.238743E-06
   0.453080E+02   0.906053E+02   0.899352E+02   0.274748E-08   0.276815E-09   0.000000E+00   0.905024E+02   0.905024E+02   0.905024E+02  -0.324430E-05   0.691356E+02   0.691004E+02   0.229541E-06
   0.468437E+02   0.852109E+02   0.845735E+02   0.241726E-08   0.179927E-08   0.000000E+00   0.851130E+02   0.851130E+02   0.851130E+02  -0.305110E-05   0.650188E+02   0.649837E+02   0.220818E-06
   0.484315E+02   0.801346E+02   0.795279E+02   0.212665E-08   0.206696E-08   0.000000E+00   0.800414E+02   0.800414E+02   0.800414E+02  -0.286930E-05   0.611448E+02   0.611098E+02   0.212539E-06
   0.500731E+02   0.753585E+02   0.747807E+02   0.187093E-08   0.920595E-09   0.000000E+00   0.752697E+02   0.752697E+02   0.752697E+02  -0.269824E-05   0.574998E+02   0.574650E+02   0.204674E-06
