1.0531922290e-05	9.9998200780e-01	9.9998200716e-01	0.0000000000e+00	0.0000000000e+00	1.0007831546e+00	1.0000000000e+00	
1.0777242275e-05	9.9998200840e-01	9.9998200772e-01	0.0000000000e+00	0.0000000000e+00	1.0007831288e+00	1.0000000000e+00	
1.1028276496e-05	9.9998200902e-01	9.9998200832e-01	0.0000000000e+00	0.0000000000e+00	1.0007831019e+00	1.0000000000e+00	
1.1285158055e-05	9.9998200968e-01	9.9998200894e-01	0.0000000000e+00	0.0000000000e+00	1.0007830736e+00	1.0000000000e+00	
1.1548023154e-05	9.9998201036e-01	9.9998200959e-01	0.0000000000e+00	0.0000000000e+00	1.0007830441e+00	1.0000000000e+00	
1.1817011169e-05	9.9998201108e-01	9.9998201027e-01	0.0000000000e+00	0.0000000000e+00	1.0007830131e+00	1.0000000000e+00	
1.2092264719e-05	9.9998201183e-01	9.9998201098e-01	0.0000000000e+00	0.0000000000e+00	1.0007829807e+00	1.0000000000e+00	
1.2373929747e-05	9.9998201262e-01	9.9998201173e-01	0.0000000000e+00	0.0000000000e+00	1.0007829467e+00	1.0000000000e+00	
1.2662155597e-05	9.9998201344e-01	9.9998201251e-01	0.0000000000e+00	0.0000000000e+00	1.0007829112e+00	1.0000000000e+00	
1.2957095090e-05	9.9998201430e-01	9.9998201333e-01	0.0000000000e+00	0.0000000000e+00	1.0007828740e+00	1.0000000000e+00	
1.3258904606e-05	9.9998201521e-01	9.9998201418e-01	0.0000000000e+00	0.0000000000e+00	1.0007828350e+00	1.0000000000e+00	
1.3567744169e-05	9.9998201615e-01	9.9998201508e-01	0.0000000000e+00	0.0000000000e+00	1.0007827942e+00	1.0000000000e+00	
1.3883777529e-05	9.9998201714e-01	9.9998201602e-01	0.0000000000e+00	0.0000000000e+00	1.0007827514e+00	1.0000000000e+00	
1.4207172252e-05	9.9998201818e-01	9.9998201700e-01	0.0000000000e+00	0.0000000000e+00	1.0007827067e+00	1.0000000000e+00	
1.4538099805e-05	9.9998201926e-01	9.9998201803e-01	0.0000000000e+00	0.0000000000e+00	1.0007826598e+00	1.0000000000e+00	
1.4876735652e-05	9.9998202040e-01	9.9998201911e-01	0.0000000000e+00	0.0000000000e+00	1.0007826108e+00	1.0000000000e+00	
1.5223259340e-05	9.9998202159e-01	9.9998202024e-01	0.0000000000e+00	0.0000000000e+00	1.0007825594e+00	1.0000000000e+00	
1.5577854603e-05	9.9998202283e-01	9.9998202142e-01	0.0000000000e+00	0.0000000000e+00	1.0007825056e+00	1.0000000000e+00	
1.5940709450e-05	9.9998202414e-01	9.9998202266e-01	0.0000000000e+00	0.0000000000e+00	1.0007824492e+00	1.0000000000e+00	
1.6312016272e-05	9.9998202551e-01	9.9998202396e-01	0.0000000000e+00	0.0000000000e+00	1.0007823902e+00	1.0000000000e+00	
1.6691971941e-05	9.9998202694e-01	9.9998202532e-01	0.0000000000e+00	0.0000000000e+00	1.0007823285e+00	1.0000000000e+00	
1.7080777914e-05	9.9998202843e-01	9.9998202674e-01	0.0000000000e+00	0.0000000000e+00	1.0007822638e+00	1.0000000000e+00	
1.7478640343e-05	9.9998203000e-01	9.9998202823e-01	0.0000000000e+00	0.0000000000e+00	1.0007821961e+00	1.0000000000e+00	
1.7885770177e-05	9.9998203165e-01	9.9998202978e-01	0.0000000000e+00	0.0000000000e+00	1.0007821251e+00	1.0000000000e+00	
1.8302383284e-05	9.9998203337e-01	9.9998203142e-01	0.0000000000e+00	0.0000000000e+00	1.0007820509e+00	1.0000000000e+00	
1.8728700556e-05	9.9998203517e-01	9.9998203313e-01	0.0000000000e+00	0.0000000000e+00	1.0007819731e+00	1.0000000000e+00	
1.9164948034e-05	9.9998203705e-01	9.9998203492e-01	0.0000000000e+00	0.0000000000e+00	1.0007818917e+00	1.0000000000e+00	
1.9611357020e-05	9.9998203903e-01	9.9998203679e-01	0.0000000000e+00	0.0000000000e+00	1.0007818064e+00	1.0000000000e+00	
2.0068164208e-05	9.9998204110e-01	9.9998203875e-01	0.0000000000e+00	0.0000000000e+00	1.0007817171e+00	1.0000000000e+00	
2.0535611802e-05	9.9998204326e-01	9.9998204081e-01	0.0000000000e+00	0.0000000000e+00	1.0007816236e+00	1.0000000000e+00	
2.1013947649e-05	9.9998204553e-01	9.9998204296e-01	0.0000000000e+00	0.0000000000e+00	1.0007815257e+00	1.0000000000e+00	
2.1503425370e-05	9.9998204790e-01	9.9998204521e-01	0.0000000000e+00	0.0000000000e+00	1.0007814232e+00	1.0000000000e+00	
2.2004304491e-05	9.9998205039e-01	9.9998204757e-01	0.0000000000e+00	0.0000000000e+00	1.0007813158e+00	1.0000000000e+00	
2.2516850586e-05	9.9998205299e-01	9.9998205004e-01	0.0000000000e+00	0.0000000000e+00	1.0007812034e+00	1.0000000000e+00	
2.3041335412e-05	9.9998205572e-01	9.9998205263e-01	0.0000000000e+00	0.0000000000e+00	1.0007810857e+00	1.0000000000e+00	
2.3578037060e-05	9.9998205857e-01	9.9998205534e-01	0.0000000000e+00	0.0000000000e+00	1.0007809625e+00	1.0000000000e+00	
2.4127240096e-05	9.9998206156e-01	9.9998205817e-01	0.0000000000e+00	0.0000000000e+00	1.0007808334e+00	1.0000000000e+00	
2.4689235713e-05	9.9998206469e-01	9.9998206114e-01	0.0000000000e+00	0.0000000000e+00	1.0007806983e+00	1.0000000000e+00	
2.5264321890e-05	9.9998206797e-01	9.9998206425e-01	0.0000000000e+00	0.0000000000e+00	1.0007805568e+00	1.0000000000e+00	
2.5852803545e-05	9.9998207140e-01	9.9998206751e-01	0.0000000000e+00	0.0000000000e+00	1.0007804086e+00	1.0000000000e+00	
2.6454992698e-05	9.9998207499e-01	9.9998207092e-01	0.0000000000e+00	0.0000000000e+00	1.0007802534e+00	1.0000000000e+00	
2.7071208639e-05	9.9998207876e-01	9.9998207449e-01	0.0000000000e+00	0.0000000000e+00	1.0007800909e+00	1.0000000000e+00	
2.7701778092e-05	9.9998208270e-01	9.9998207823e-01	0.0000000000e+00	0.0000000000e+00	1.0007799208e+00	1.0000000000e+00	
2.8347035396e-05	9.9998208682e-01	9.9998208215e-01	0.0000000000e+00	0.0000000000e+00	1.0007797426e+00	1.0000000000e+00	
2.9007322672e-05	9.9998209114e-01	9.9998208625e-01	0.0000000000e+00	0.0000000000e+00	1.0007795561e+00	1.0000000000e+00	
2.9682990015e-05	9.9998209567e-01	9.9998209054e-01	0.0000000000e+00	0.0000000000e+00	1.0007793608e+00	1.0000000000e+00	
3.0374395673e-05	9.9998210041e-01	9.9998209504e-01	0.0000000000e+00	0.0000000000e+00	1.0007791562e+00	1.0000000000e+00	
3.1081906237e-05	9.9998210537e-01	9.9998209974e-01	0.0000000000e+00	0.0000000000e+00	1.0007789420e+00	1.0000000000e+00	
3.1805896839e-05	9.9998211056e-01	9.9998210467e-01	0.0000000000e+00	0.0000000000e+00	1.0007787177e+00	1.0000000000e+00	
3.2546751348e-05	9.9998211600e-01	9.9998210984e-01	0.0000000000e+00	0.0000000000e+00	1.0007784829e+00	1.0000000000e+00	
3.3304862576e-05	9.9998212169e-01	9.9998211524e-01	0.0000000000e+00	0.0000000000e+00	1.0007782370e+00	1.0000000000e+00	
3.4080632483e-05	9.9998212766e-01	9.9998212090e-01	0.0000000000e+00	0.0000000000e+00	1.0007779795e+00	1.0000000000e+00	
3.4874472392e-05	9.9998213390e-01	9.9998212683e-01	0.0000000000e+00	0.0000000000e+00	1.0007777098e+00	1.0000000000e+00	
3.5686803209e-05	9.9998214044e-01	9.9998213303e-01	0.0000000000e+00	0.0000000000e+00	1.0007774275e+00	1.0000000000e+00	
3.6518055640e-05	9.9998214729e-01	9.9998213953e-01	0.0000000000e+00	0.0000000000e+00	1.0007771318e+00	1.0000000000e+00	
3.7368670429e-05	9.9998215446e-01	9.9998214633e-01	0.0000000000e+00	0.0000000000e+00	1.0007768222e+00	1.0000000000e+00	
3.8239098580e-05	9.9998216197e-01	9.9998215346e-01	0.0000000000e+00	0.0000000000e+00	1.0007764981e+00	1.0000000000e+00	
3.9129801608e-05	9.9998216983e-01	9.9998216092e-01	0.0000000000e+00	0.0000000000e+00	1.0007761586e+00	1.0000000000e+00	
4.0041251775e-05	9.9998217806e-01	9.9998216873e-01	0.0000000000e+00	0.0000000000e+00	1.0007758032e+00	1.0000000000e+00	
4.0973932344e-05	9.9998218668e-01	9.9998217691e-01	0.0000000000e+00	0.0000000000e+00	1.0007754310e+00	1.0000000000e+00	
4.1928337834e-05	9.9998219571e-01	9.9998218548e-01	0.0000000000e+00	0.0000000000e+00	1.0007750412e+00	1.0000000000e+00	
4.2904974283e-05	9.9998220516e-01	9.9998219445e-01	0.0000000000e+00	0.0000000000e+00	1.0007746331e+00	1.0000000000e+00	
4.3904359518e-05	9.9998221506e-01	9.9998220384e-01	0.0000000000e+00	0.0000000000e+00	1.0007742058e+00	1.0000000000e+00	
4.4927023425e-05	9.9998222542e-01	9.9998221367e-01	0.0000000000e+00	0.0000000000e+00	1.0007737583e+00	1.0000000000e+00	
4.5973508235e-05	9.9998223627e-01	9.9998222397e-01	0.0000000000e+00	0.0000000000e+00	1.0007732897e+00	1.0000000000e+00	
4.7044368807e-05	9.9998224763e-01	9.9998223476e-01	0.0000000000e+00	0.0000000000e+00	1.0007727991e+00	1.0000000000e+00	
4.8140172927e-05	9.9998225953e-01	9.9998224605e-01	0.0000000000e+00	0.0000000000e+00	1.0007722853e+00	1.0000000000e+00	
4.9261501603e-05	9.9998227199e-01	9.9998225787e-01	0.0000000000e+00	0.0000000000e+00	1.0007717474e+00	1.0000000000e+00	
5.0408949380e-05	9.9998228504e-01	9.9998227025e-01	0.0000000000e+00	0.0000000000e+00	1.0007711840e+00	1.0000000000e+00	
5.1583124649e-05	9.9998229870e-01	9.9998228322e-01	0.0000000000e+00	0.0000000000e+00	1.0007705942e+00	1.0000000000e+00	
5.2784649973e-05	9.9998231301e-01	9.9998229679e-01	0.0000000000e+00	0.0000000000e+00	1.0007699765e+00	1.0000000000e+00	
5.4014162417e-05	9.9998232798e-01	9.9998231101e-01	0.0000000000e+00	0.0000000000e+00	1.0007693297e+00	1.0000000000e+00	
5.5272313885e-05	9.9998234367e-01	9.9998232589e-01	0.0000000000e+00	0.0000000000e+00	1.0007686525e+00	1.0000000000e+00	
5.6559771466e-05	9.9998236009e-01	9.9998234148e-01	0.0000000000e+00	0.0000000000e+00	1.0007679433e+00	1.0000000000e+00	
5.7877217786e-05	9.9998237729e-01	9.9998235780e-01	0.0000000000e+00	0.0000000000e+00	1.0007672007e+00	1.0000000000e+00	
5.9225351373e-05	9.9998239530e-01	9.9998237489e-01	0.0000000000e+00	0.0000000000e+00	1.0007664231e+00	1.0000000000e+00	
6.0604887026e-05	9.9998241416e-01	9.9998239279e-01	0.0000000000e+00	0.0000000000e+00	1.0007656089e+00	1.0000000000e+00	
6.2016556191e-05	9.9998243390e-01	9.9998241152e-01	0.0000000000e+00	0.0000000000e+00	1.0007647563e+00	1.0000000000e+00	
6.3461107356e-05	9.9998245458e-01	9.9998243115e-01	0.0000000000e+00	0.0000000000e+00	1.0007638636e+00	1.0000000000e+00	
6.4939306440e-05	9.9998247623e-01	9.9998245169e-01	0.0000000000e+00	0.0000000000e+00	1.0007629287e+00	1.0000000000e+00	
6.6451937204e-05	9.9998249890e-01	9.9998247321e-01	0.0000000000e+00	0.0000000000e+00	1.0007619498e+00	1.0000000000e+00	
6.7999801664e-05	9.9998252264e-01	9.9998249573e-01	0.0000000000e+00	0.0000000000e+00	1.0007609248e+00	1.0000000000e+00	
6.9583720519e-05	9.9998254750e-01	9.9998251932e-01	0.0000000000e+00	0.0000000000e+00	1.0007598515e+00	1.0000000000e+00	
7.1204533584e-05	9.9998257353e-01	9.9998254402e-01	0.0000000000e+00	0.0000000000e+00	1.0007587277e+00	1.0000000000e+00	
7.2863100235e-05	9.9998260078e-01	9.9998256989e-01	0.0000000000e+00	0.0000000000e+00	1.0007575508e+00	1.0000000000e+00	
7.4560299866e-05	9.9998262932e-01	9.9998259697e-01	0.0000000000e+00	0.0000000000e+00	1.0007563186e+00	1.0000000000e+00	
7.6297032356e-05	9.9998265920e-01	9.9998262533e-01	0.0000000000e+00	0.0000000000e+00	1.0007550282e+00	1.0000000000e+00	
7.8074218541e-05	9.9998269050e-01	9.9998265503e-01	0.0000000000e+00	0.0000000000e+00	1.0007536771e+00	1.0000000000e+00	
7.9892800711e-05	9.9998272326e-01	9.9998268612e-01	0.0000000000e+00	0.0000000000e+00	1.0007522623e+00	1.0000000000e+00	
8.1753743101e-05	9.9998275757e-01	9.9998271868e-01	0.0000000000e+00	0.0000000000e+00	1.0007507809e+00	1.0000000000e+00	
8.3658032408e-05	9.9998279350e-01	9.9998275278e-01	0.0000000000e+00	0.0000000000e+00	1.0007492296e+00	1.0000000000e+00	
8.5606678312e-05	9.9998283112e-01	9.9998278848e-01	0.0000000000e+00	0.0000000000e+00	1.0007476053e+00	1.0000000000e+00	
8.7600714009e-05	9.9998287051e-01	9.9998282586e-01	0.0000000000e+00	0.0000000000e+00	1.0007459044e+00	1.0000000000e+00	
8.9641196764e-05	9.9998291176e-01	9.9998286500e-01	0.0000000000e+00	0.0000000000e+00	1.0007441234e+00	1.0000000000e+00	
9.1729208468e-05	9.9998295495e-01	9.9998290599e-01	0.0000000000e+00	0.0000000000e+00	1.0007422585e+00	1.0000000000e+00	
9.3865856213e-05	9.9998300017e-01	9.9998294891e-01	0.0000000000e+00	0.0000000000e+00	1.0007403057e+00	1.0000000000e+00	
9.6052272877e-05	9.9998304753e-01	9.9998299385e-01	0.0000000000e+00	0.0000000000e+00	1.0007382609e+00	1.0000000000e+00	
9.8289617728e-05	9.9998309712e-01	9.9998304090e-01	0.0000000000e+00	0.0000000000e+00	1.0007361199e+00	1.0000000000e+00	
1.0057907703e-04	9.9998314904e-01	9.9998309018e-01	0.0000000000e+00	0.0000000000e+00	1.0007338779e+00	1.0000000000e+00	
1.0292186470e-04	9.9998320341e-01	9.9998314177e-01	0.0000000000e+00	0.0000000000e+00	1.0007315303e+00	1.0000000000e+00	
1.0531922290e-04	9.9998326034e-01	9.9998319580e-01	0.0000000000e+00	0.0000000000e+00	1.0007290722e+00	1.0000000000e+00	
1.0777242275e-04	9.9998331995e-01	9.9998325237e-01	0.0000000000e+00	0.0000000000e+00	1.0007264982e+00	1.0000000000e+00	
1.1028276496e-04	9.9998338238e-01	9.9998331160e-01	0.0000000000e+00	0.0000000000e+00	1.0007238030e+00	1.0000000000e+00	
1.1285158055e-04	9.9998344774e-01	9.9998337363e-01	0.0000000000e+00	0.0000000000e+00	1.0007209808e+00	1.0000000000e+00	
1.1548023154e-04	9.9998351618e-01	9.9998343858e-01	0.0000000000e+00	0.0000000000e+00	1.0007180258e+00	1.0000000000e+00	
1.1817011169e-04	9.9998358784e-01	9.9998350658e-01	0.0000000000e+00	0.0000000000e+00	1.0007149315e+00	1.0000000000e+00	
1.2092264719e-04	9.9998366288e-01	9.9998357779e-01	0.0000000000e+00	0.0000000000e+00	1.0007116915e+00	1.0000000000e+00	
1.2373929747e-04	9.9998374145e-01	9.9998365235e-01	0.0000000000e+00	0.0000000000e+00	1.0007082988e+00	1.0000000000e+00	
1.2662155597e-04	9.9998382372e-01	9.9998373043e-01	0.0000000000e+00	0.0000000000e+00	1.0007047464e+00	1.0000000000e+00	
1.2957095090e-04	9.9998390987e-01	9.9998381218e-01	0.0000000000e+00	0.0000000000e+00	1.0007010267e+00	1.0000000000e+00	
1.3258904606e-04	9.9998400008e-01	9.9998389778e-01	0.0000000000e+00	0.0000000000e+00	1.0006971318e+00	1.0000000000e+00	
1.3567744169e-04	9.9998409453e-01	9.9998398741e-01	0.0000000000e+00	0.0000000000e+00	1.0006930535e+00	1.0000000000e+00	
1.3883777529e-04	9.9998419343e-01	9.9998408127e-01	0.0000000000e+00	0.0000000000e+00	1.0006887831e+00	1.0000000000e+00	
1.4207172252e-04	9.9998429699e-01	9.9998417954e-01	0.0000000000e+00	0.0000000000e+00	1.0006843117e+00	1.0000000000e+00	
1.4538099805e-04	9.9998440543e-01	9.9998428244e-01	0.0000000000e+00	0.0000000000e+00	1.0006796296e+00	1.0000000000e+00	
1.4876735652e-04	9.9998451897e-01	9.9998439018e-01	0.0000000000e+00	0.0000000000e+00	1.0006747272e+00	1.0000000000e+00	
1.5223259340e-04	9.9998463785e-01	9.9998450300e-01	0.0000000000e+00	0.0000000000e+00	1.0006695939e+00	1.0000000000e+00	
1.5577854603e-04	9.9998476234e-01	9.9998462113e-01	0.0000000000e+00	0.0000000000e+00	1.0006642189e+00	1.0000000000e+00	
1.5940709450e-04	9.9998489268e-01	9.9998474482e-01	0.0000000000e+00	0.0000000000e+00	1.0006585908e+00	1.0000000000e+00	
1.6312016272e-04	9.9998502916e-01	9.9998487433e-01	0.0000000000e+00	0.0000000000e+00	1.0006526978e+00	1.0000000000e+00	
1.6691971941e-04	9.9998517207e-01	9.9998500994e-01	0.0000000000e+00	0.0000000000e+00	1.0006465274e+00	1.0000000000e+00	
1.7080777914e-04	9.9998532171e-01	9.9998515193e-01	0.0000000000e+00	0.0000000000e+00	1.0006400666e+00	1.0000000000e+00	
1.7478640343e-04	9.9998547838e-01	9.9998530061e-01	0.0000000000e+00	0.0000000000e+00	1.0006333016e+00	1.0000000000e+00	
1.7885770177e-04	9.9998564243e-01	9.9998545628e-01	0.0000000000e+00	0.0000000000e+00	1.0006262182e+00	1.0000000000e+00	
1.8302383284e-04	9.9998581421e-01	9.9998561928e-01	0.0000000000e+00	0.0000000000e+00	1.0006188014e+00	1.0000000000e+00	
1.8728700556e-04	9.9998599406e-01	9.9998578995e-01	0.0000000000e+00	0.0000000000e+00	1.0006110356e+00	1.0000000000e+00	
1.9164948034e-04	9.9998618238e-01	9.9998596865e-01	0.0000000000e+00	0.0000000000e+00	1.0006029044e+00	1.0000000000e+00	
1.9611357020e-04	9.9998637956e-01	9.9998615575e-01	0.0000000000e+00	0.0000000000e+00	1.0005943905e+00	1.0000000000e+00	
2.0068164208e-04	9.9998658602e-01	9.9998635166e-01	0.0000000000e+00	0.0000000000e+00	1.0005854761e+00	1.0000000000e+00	
2.0535611802e-04	9.9998680220e-01	9.9998655679e-01	0.0000000000e+00	0.0000000000e+00	1.0005761422e+00	1.0000000000e+00	
2.1013947649e-04	9.9998702854e-01	9.9998677157e-01	0.0000000000e+00	0.0000000000e+00	1.0005663692e+00	1.0000000000e+00	
2.1503425370e-04	9.9998726553e-01	9.9998699645e-01	0.0000000000e+00	0.0000000000e+00	1.0005561366e+00	1.0000000000e+00	
2.2004304491e-04	9.9998751367e-01	9.9998723190e-01	0.0000000000e+00	0.0000000000e+00	1.0005454226e+00	1.0000000000e+00	
2.2516850586e-04	9.9998777348e-01	9.9998747843e-01	0.0000000000e+00	0.0000000000e+00	1.0005342047e+00	1.0000000000e+00	
2.3041335412e-04	9.9998804550e-01	9.9998773655e-01	0.0000000000e+00	0.0000000000e+00	1.0005224593e+00	1.0000000000e+00	
2.3578037060e-04	9.9998833032e-01	9.9998800680e-01	0.0000000000e+00	0.0000000000e+00	1.0005101616e+00	1.0000000000e+00	
2.4127240096e-04	9.9998862853e-01	9.9998828976e-01	0.0000000000e+00	0.0000000000e+00	1.0004972857e+00	1.0000000000e+00	
2.4689235713e-04	9.9998894076e-01	9.9998858602e-01	0.0000000000e+00	0.0000000000e+00	1.0004838044e+00	1.0000000000e+00	
2.5264321890e-04	9.9998926766e-01	9.9998889621e-01	0.0000000000e+00	0.0000000000e+00	1.0004696895e+00	1.0000000000e+00	
2.5852803545e-04	9.9998960994e-01	9.9998922097e-01	0.0000000000e+00	0.0000000000e+00	1.0004549112e+00	1.0000000000e+00	
2.6454992698e-04	9.9998996829e-01	9.9998956099e-01	0.0000000000e+00	0.0000000000e+00	1.0004394383e+00	1.0000000000e+00	
2.7071208639e-04	9.9999034349e-01	9.9998991699e-01	0.0000000000e+00	0.0000000000e+00	1.0004232384e+00	1.0000000000e+00	
2.7701778092e-04	9.9999073631e-01	9.9999028971e-01	0.0000000000e+00	0.0000000000e+00	1.0004062775e+00	1.0000000000e+00	
2.8347035396e-04	9.9999114759e-01	9.9999067993e-01	0.0000000000e+00	0.0000000000e+00	1.0003885197e+00	1.0000000000e+00	
2.9007322672e-04	9.9999157818e-01	9.9999108848e-01	0.0000000000e+00	0.0000000000e+00	1.0003699280e+00	1.0000000000e+00	
2.9682990015e-04	9.9999202899e-01	9.9999151621e-01	0.0000000000e+00	0.0000000000e+00	1.0003504632e+00	1.0000000000e+00	
3.0374395673e-04	9.9999250098e-01	9.9999196402e-01	0.0000000000e+00	0.0000000000e+00	1.0003300845e+00	1.0000000000e+00	
3.1081906237e-04	9.9999299511e-01	9.9999243285e-01	0.0000000000e+00	0.0000000000e+00	1.0003087491e+00	1.0000000000e+00	
3.1805896839e-04	9.9999351245e-01	9.9999292368e-01	0.0000000000e+00	0.0000000000e+00	1.0002864124e+00	1.0000000000e+00	
3.2546751348e-04	9.9999405406e-01	9.9999343753e-01	0.0000000000e+00	0.0000000000e+00	1.0002630275e+00	1.0000000000e+00	
3.3304862576e-04	9.9999462108e-01	9.9999397549e-01	0.0000000000e+00	0.0000000000e+00	1.0002385455e+00	1.0000000000e+00	
3.4080632483e-04	9.9999521469e-01	9.9999453868e-01	0.0000000000e+00	0.0000000000e+00	1.0002129151e+00	1.0000000000e+00	
3.4874472392e-04	9.9999583615e-01	9.9999512827e-01	0.0000000000e+00	0.0000000000e+00	1.0001860828e+00	1.0000000000e+00	
3.5686803209e-04	9.9999648675e-01	9.9999574549e-01	0.0000000000e+00	0.0000000000e+00	1.0001579924e+00	1.0000000000e+00	
3.6518055640e-04	9.9999716784e-01	9.9999639164e-01	0.0000000000e+00	0.0000000000e+00	1.0001285854e+00	1.0000000000e+00	
3.7368670428e-04	9.9999788085e-01	9.9999706806e-01	0.0000000000e+00	0.0000000000e+00	1.0000978003e+00	1.0000000000e+00	
3.8239098580e-04	9.9999862727e-01	9.9999777615e-01	0.0000000000e+00	0.0000000000e+00	1.0000655730e+00	1.0000000000e+00	
3.9129801608e-04	9.9999940865e-01	9.9999851741e-01	0.0000000000e+00	0.0000000000e+00	1.0000318363e+00	1.0000000000e+00	
4.0041251775e-04	1.0000002266e+00	9.9999929335e-01	0.0000000000e+00	0.0000000000e+00	9.9999651995e-01	1.0000000000e+00	
4.0973932344e-04	1.0000010829e+00	1.0000001056e+00	0.0000000000e+00	0.0000000000e+00	9.9995955059e-01	1.0000000000e+00	
4.1928337834e-04	1.0000019792e+00	1.0000009559e+00	0.0000000000e+00	0.0000000000e+00	9.9992085136e-01	1.0000000000e+00	
4.2904974283e-04	1.0000029174e+00	1.0000018459e+00	0.0000000000e+00	0.0000000000e+00	9.9988034193e-01	1.0000000000e+00	
4.3904359518e-04	1.0000038996e+00	1.0000027775e+00	0.0000000000e+00	0.0000000000e+00	9.9983793830e-01	1.0000000000e+00	
4.4927023425e-04	1.0000049276e+00	1.0000037526e+00	0.0000000000e+00	0.0000000000e+00	9.9979355262e-01	1.0000000000e+00	
4.5973508235e-04	1.0000060037e+00	1.0000047733e+00	0.0000000000e+00	0.0000000000e+00	9.9974709307e-01	1.0000000000e+00	
4.7044368807e-04	1.0000071300e+00	1.0000058416e+00	0.0000000000e+00	0.0000000000e+00	9.9969846363e-01	1.0000000000e+00	
4.8140172927e-04	1.0000083089e+00	1.0000069598e+00	0.0000000000e+00	0.0000000000e+00	9.9964756391e-01	1.0000000000e+00	
4.9261501603e-04	1.0000095429e+00	1.0000081301e+00	0.0000000000e+00	0.0000000000e+00	9.9959428900e-01	1.0000000000e+00	
5.0408949380e-04	1.0000108344e+00	1.0000093550e+00	0.0000000000e+00	0.0000000000e+00	9.9953852922e-01	1.0000000000e+00	
5.1583124649e-04	1.0000121861e+00	1.0000106369e+00	0.0000000000e+00	0.0000000000e+00	9.9948016994e-01	1.0000000000e+00	
5.2784649973e-04	1.0000136008e+00	1.0000119786e+00	0.0000000000e+00	0.0000000000e+00	9.9941909138e-01	1.0000000000e+00	
5.4014162417e-04	1.0000150814e+00	1.0000133827e+00	0.0000000000e+00	0.0000000000e+00	9.9935516836e-01	1.0000000000e+00	
5.5272313885e-04	1.0000166309e+00	1.0000148521e+00	0.0000000000e+00	0.0000000000e+00	9.9928827008e-01	1.0000000000e+00	
5.6559771466e-04	1.0000182525e+00	1.0000163898e+00	0.0000000000e+00	0.0000000000e+00	9.9921825991e-01	1.0000000000e+00	
5.7877217786e-04	1.0000199495e+00	1.0000179989e+00	0.0000000000e+00	0.0000000000e+00	9.9914499510e-01	1.0000000000e+00	
5.9225351373e-04	1.0000217254e+00	1.0000196828e+00	0.0000000000e+00	0.0000000000e+00	9.9906832654e-01	1.0000000000e+00	
6.0604887026e-04	1.0000235837e+00	1.0000214447e+00	0.0000000000e+00	0.0000000000e+00	9.9898809854e-01	1.0000000000e+00	
6.2016556191e-04	1.0000255282e+00	1.0000232884e+00	0.0000000000e+00	0.0000000000e+00	9.9890414847e-01	1.0000000000e+00	
6.3461107356e-04	1.0000275629e+00	1.0000252174e+00	0.0000000000e+00	0.0000000000e+00	9.9881630656e-01	1.0000000000e+00	
6.4939306440e-04	1.0000296919e+00	1.0000272357e+00	0.0000000000e+00	0.0000000000e+00	9.9872439556e-01	1.0000000000e+00	
6.6451937204e-04	1.0000319194e+00	1.0000293474e+00	0.0000000000e+00	0.0000000000e+00	9.9862823045e-01	1.0000000000e+00	
6.7999801664e-04	1.0000342500e+00	1.0000315566e+00	0.0000000000e+00	0.0000000000e+00	9.9852761815e-01	1.0000000000e+00	
6.9583720519e-04	1.0000366882e+00	1.0000338678e+00	0.0000000000e+00	0.0000000000e+00	9.9842235715e-01	1.0000000000e+00	
7.1204533584e-04	1.0000392390e+00	1.0000362855e+00	0.0000000000e+00	0.0000000000e+00	9.9831223723e-01	1.0000000000e+00	
7.2863100235e-04	1.0000419075e+00	1.0000388146e+00	0.0000000000e+00	0.0000000000e+00	9.9819703911e-01	1.0000000000e+00	
7.4560299866e-04	1.0000446989e+00	1.0000414601e+00	0.0000000000e+00	0.0000000000e+00	9.9807653408e-01	1.0000000000e+00	
7.6297032356e-04	1.0000476188e+00	1.0000442272e+00	0.0000000000e+00	0.0000000000e+00	9.9795048365e-01	1.0000000000e+00	
7.8074218541e-04	1.0000506730e+00	1.0000471213e+00	0.0000000000e+00	0.0000000000e+00	9.9781863920e-01	1.0000000000e+00	
7.9892800711e-04	1.0000538674e+00	1.0000501481e+00	0.0000000000e+00	0.0000000000e+00	9.9768074159e-01	1.0000000000e+00	
8.1753743101e-04	1.0000572084e+00	1.0000533135e+00	0.0000000000e+00	0.0000000000e+00	9.9753652077e-01	1.0000000000e+00	
8.3658032408e-04	1.0000607023e+00	1.0000566236e+00	0.0000000000e+00	0.0000000000e+00	9.9738569539e-01	1.0000000000e+00	
8.5606678312e-04	1.0000643561e+00	1.0000600849e+00	0.0000000000e+00	0.0000000000e+00	9.9722797243e-01	1.0000000000e+00	
8.7600714009e-04	1.0000681769e+00	1.0000637040e+00	0.0000000000e+00	0.0000000000e+00	9.9706304676e-01	1.0000000000e+00	
8.9641196764e-04	1.0000721718e+00	1.0000674878e+00	0.0000000000e+00	0.0000000000e+00	9.9689060072e-01	1.0000000000e+00	
9.1729208468e-04	1.0000763488e+00	1.0000714435e+00	0.0000000000e+00	0.0000000000e+00	9.9671030375e-01	1.0000000000e+00	
9.3865856213e-04	1.0000807156e+00	1.0000755787e+00	0.0000000000e+00	0.0000000000e+00	9.9652181191e-01	1.0000000000e+00	
9.6052272877e-04	1.0000852806e+00	1.0000799012e+00	0.0000000000e+00	0.0000000000e+00	9.9632476751e-01	1.0000000000e+00	
9.8289617728e-04	1.0000900525e+00	1.0000844190e+00	0.0000000000e+00	0.0000000000e+00	9.9611879863e-01	1.0000000000e+00	
1.0057907703e-03	1.0000950402e+00	1.0000891406e+00	0.0000000000e+00	0.0000000000e+00	9.9590351875e-01	1.0000000000e+00	
1.0292186470e-03	1.0001002530e+00	1.0000940747e+00	0.0000000000e+00	0.0000000000e+00	9.9567852626e-01	1.0000000000e+00	
1.0531922290e-03	1.0001057006e+00	1.0000992305e+00	0.0000000000e+00	0.0000000000e+00	9.9544340410e-01	1.0000000000e+00	
1.0777242275e-03	1.0001113930e+00	1.0001046172e+00	0.0000000000e+00	0.0000000000e+00	9.9519771930e-01	1.0000000000e+00	
1.1028276496e-03	1.0001173407e+00	1.0001102447e+00	0.0000000000e+00	0.0000000000e+00	9.9494102258e-01	1.0000000000e+00	
1.1285158055e-03	1.0001235545e+00	1.0001161231e+00	0.0000000000e+00	0.0000000000e+00	9.9467284797e-01	1.0000000000e+00	
1.1548023154e-03	1.0001300456e+00	1.0001222629e+00	0.0000000000e+00	0.0000000000e+00	9.9439271237e-01	1.0000000000e+00	
1.1817011169e-03	1.0001368256e+00	1.0001286750e+00	0.0000000000e+00	0.0000000000e+00	9.9410011526e-01	1.0000000000e+00	
1.2092264719e-03	1.0001439065e+00	1.0001353706e+00	0.0000000000e+00	0.0000000000e+00	9.9379453825e-01	1.0000000000e+00	
1.2373929747e-03	1.0001513008e+00	1.0001423613e+00	0.0000000000e+00	0.0000000000e+00	9.9347544484e-01	1.0000000000e+00	
1.2662155597e-03	1.0001590214e+00	1.0001496592e+00	0.0000000000e+00	0.0000000000e+00	9.9314228006e-01	1.0000000000e+00	
1.2957095090e-03	1.0001670816e+00	1.0001572765e+00	0.0000000000e+00	0.0000000000e+00	9.9279447022e-01	1.0000000000e+00	
1.3258904606e-03	1.0001754952e+00	1.0001652263e+00	0.0000000000e+00	0.0000000000e+00	9.9243142265e-01	1.0000000000e+00	
1.3567744169e-03	1.0001842764e+00	1.0001735216e+00	0.0000000000e+00	0.0000000000e+00	9.9205252557e-01	1.0000000000e+00	
1.3883777529e-03	1.0001934395e+00	1.0001821717e+00	0.0000000000e+00	0.0000000000e+00	9.9165719123e-01	1.0000000000e+00	
1.4207172252e-03	1.0002029999e+00	1.0001911951e+00	0.0000000000e+00	0.0000000000e+00	9.9124472593e-01	1.0000000000e+00	
1.4538099805e-03	1.0002129733e+00	1.0002006060e+00	0.0000000000e+00	0.0000000000e+00	9.9081445939e-01	1.0000000000e+00	
1.4876735652e-03	1.0002233757e+00	1.0002104195e+00	0.0000000000e+00	0.0000000000e+00	9.9036570229e-01	1.0000000000e+00	
1.5223259340e-03	1.0002342235e+00	1.0002206506e+00	0.0000000000e+00	0.0000000000e+00	9.8989774603e-01	1.0000000000e+00	
1.5577854603e-03	1.0002455337e+00	1.0002313149e+00	0.0000000000e+00	0.0000000000e+00	9.8940986292e-01	1.0000000000e+00	
1.5940709450e-03	1.0002573236e+00	1.0002424284e+00	0.0000000000e+00	0.0000000000e+00	9.8890130645e-01	1.0000000000e+00	
1.6312016272e-03	1.0002696111e+00	1.0002540074e+00	0.0000000000e+00	0.0000000000e+00	9.8837131167e-01	1.0000000000e+00	
1.6691971941e-03	1.0002824144e+00	1.0002660686e+00	0.0000000000e+00	0.0000000000e+00	9.8781909568e-01	1.0000000000e+00	
1.7080777914e-03	1.0002957522e+00	1.0002786290e+00	0.0000000000e+00	0.0000000000e+00	9.8724385824e-01	1.0000000000e+00	
1.7478640343e-03	1.0003096434e+00	1.0002917060e+00	0.0000000000e+00	0.0000000000e+00	9.8664478252e-01	1.0000000000e+00	
1.7885770177e-03	1.0003241074e+00	1.0003053171e+00	0.0000000000e+00	0.0000000000e+00	9.8602103593e-01	1.0000000000e+00	
1.8302383284e-03	1.0003391641e+00	1.0003194803e+00	0.0000000000e+00	0.0000000000e+00	9.8537177120e-01	1.0000000000e+00	
1.8728700556e-03	1.0003548336e+00	1.0003342136e+00	0.0000000000e+00	0.0000000000e+00	9.8469612751e-01	1.0000000000e+00	
1.9164948034e-03	1.0003711361e+00	1.0003495354e+00	0.0000000000e+00	0.0000000000e+00	9.8399323187e-01	1.0000000000e+00	
1.9611357020e-03	1.0003880924e+00	1.0003654641e+00	0.0000000000e+00	0.0000000000e+00	9.8326220068e-01	1.0000000000e+00	
2.0068164208e-03	1.0004057233e+00	1.0003820184e+00	0.0000000000e+00	0.0000000000e+00	9.8250214140e-01	1.0000000000e+00	
2.0535611802e-03	1.0004240498e+00	1.0003992169e+00	0.0000000000e+00	0.0000000000e+00	9.8171215451e-01	1.0000000000e+00	
2.1013947649e-03	1.0004430932e+00	1.0004170783e+00	0.0000000000e+00	0.0000000000e+00	9.8089133568e-01	1.0000000000e+00	
2.1503425370e-03	1.0004628746e+00	1.0004356212e+00	0.0000000000e+00	0.0000000000e+00	9.8003877806e-01	1.0000000000e+00	
2.2004304491e-03	1.0004834153e+00	1.0004548640e+00	0.0000000000e+00	0.0000000000e+00	9.7915357494e-01	1.0000000000e+00	
2.2516850586e-03	1.0005047366e+00	1.0004748252e+00	0.0000000000e+00	0.0000000000e+00	9.7823482250e-01	1.0000000000e+00	
2.3041335412e-03	1.0005268595e+00	1.0004955228e+00	0.0000000000e+00	0.0000000000e+00	9.7728162290e-01	1.0000000000e+00	
2.3578037060e-03	1.0005498050e+00	1.0005169745e+00	0.0000000000e+00	0.0000000000e+00	9.7629308757e-01	1.0000000000e+00	
2.4127240096e-03	1.0005735937e+00	1.0005391977e+00	0.0000000000e+00	0.0000000000e+00	9.7526834073e-01	1.0000000000e+00	
2.4689235713e-03	1.0005982458e+00	1.0005622091e+00	0.0000000000e+00	0.0000000000e+00	9.7420652309e-01	1.0000000000e+00	
2.5264321890e-03	1.0006237814e+00	1.0005860249e+00	0.0000000000e+00	0.0000000000e+00	9.7310679591e-01	1.0000000000e+00	
2.5852803544e-03	1.0006502196e+00	1.0006106605e+00	0.0000000000e+00	0.0000000000e+00	9.7196834507e-01	1.0000000000e+00	
2.6454992698e-03	1.0006775791e+00	1.0006361305e+00	0.0000000000e+00	0.0000000000e+00	9.7079038554e-01	1.0000000000e+00	
2.7071208639e-03	1.0007058779e+00	1.0006624486e+00	0.0000000000e+00	0.0000000000e+00	9.6957216579e-01	1.0000000000e+00	
2.7701778092e-03	1.0007351331e+00	1.0006896275e+00	0.0000000000e+00	0.0000000000e+00	9.6831297248e-01	1.0000000000e+00	
2.8347035396e-03	1.0007653607e+00	1.0007176785e+00	0.0000000000e+00	0.0000000000e+00	9.6701213522e-01	1.0000000000e+00	
2.9007322672e-03	1.0007965760e+00	1.0007466119e+00	0.0000000000e+00	0.0000000000e+00	9.6566903123e-01	1.0000000000e+00	
2.9682990015e-03	1.0008287927e+00	1.0007764363e+00	0.0000000000e+00	0.0000000000e+00	9.6428309016e-01	1.0000000000e+00	
3.0374395673e-03	1.0008620236e+00	1.0008071589e+00	0.0000000000e+00	0.0000000000e+00	9.6285379869e-01	1.0000000000e+00	
3.1081906237e-03	1.0008962799e+00	1.0008387854e+00	0.0000000000e+00	0.0000000000e+00	9.6138070496e-01	1.0000000000e+00	
3.1805896839e-03	1.0009315715e+00	1.0008713194e+00	0.0000000000e+00	0.0000000000e+00	9.5986342277e-01	1.0000000000e+00	
3.2546751348e-03	1.0009679066e+00	1.0009047631e+00	0.0000000000e+00	0.0000000000e+00	9.5830163534e-01	1.0000000000e+00	
3.3304862576e-03	1.0010052919e+00	1.0009391163e+00	0.0000000000e+00	0.0000000000e+00	9.5669509866e-01	1.0000000000e+00	
3.4080632483e-03	1.0010437323e+00	1.0009743771e+00	0.0000000000e+00	0.0000000000e+00	9.5504364404e-01	1.0000000000e+00	
3.4874472392e-03	1.0010832310e+00	1.0010105415e+00	0.0000000000e+00	0.0000000000e+00	9.5334718007e-01	1.0000000000e+00	
3.5686803209e-03	1.0011237897e+00	1.0010476033e+00	0.0000000000e+00	0.0000000000e+00	9.5160569346e-01	1.0000000000e+00	
3.6518055640e-03	1.0011654081e+00	1.0010855542e+00	0.0000000000e+00	0.0000000000e+00	9.4981924884e-01	1.0000000000e+00	
3.7368670429e-03	1.0012080842e+00	1.0011243838e+00	0.0000000000e+00	0.0000000000e+00	9.4798798724e-01	1.0000000000e+00	
3.8239098580e-03	1.0012518145e+00	1.0011640797e+00	0.0000000000e+00	0.0000000000e+00	9.4611212309e-01	1.0000000000e+00	
3.9129801608e-03	1.0012965941e+00	1.0012046276e+00	0.0000000000e+00	0.0000000000e+00	9.4419193945e-01	1.0000000000e+00	
4.0041251775e-03	1.0013424165e+00	1.0012460112e+00	0.0000000000e+00	0.0000000000e+00	9.4222778144e-01	1.0000000000e+00	
4.0973932344e-03	1.0013892741e+00	1.0012882128e+00	0.0000000000e+00	0.0000000000e+00	9.4022004753e-01	1.0000000000e+00	
4.1928337834e-03	1.0014371586e+00	1.0013312130e+00	0.0000000000e+00	0.0000000000e+00	9.3816917854e-01	1.0000000000e+00	
4.2904974283e-03	1.0014860609e+00	1.0013749916e+00	0.0000000000e+00	0.0000000000e+00	9.3607564427e-01	1.0000000000e+00	
4.3904359518e-03	1.0015359718e+00	1.0014195273e+00	0.0000000000e+00	0.0000000000e+00	9.3393992751e-01	1.0000000000e+00	
4.4927023425e-03	1.0015868824e+00	1.0014647988e+00	0.0000000000e+00	0.0000000000e+00	9.3176250543e-01	1.0000000000e+00	
4.5973508235e-03	1.0016387843e+00	1.0015107846e+00	0.0000000000e+00	0.0000000000e+00	9.2954382820e-01	1.0000000000e+00	
4.7044368807e-03	1.0016916705e+00	1.0015574639e+00	0.0000000000e+00	0.0000000000e+00	9.2728429502e-01	1.0000000000e+00	
4.8140172927e-03	1.0017455359e+00	1.0016048172e+00	0.0000000000e+00	0.0000000000e+00	9.2498422754e-01	1.0000000000e+00	
4.9261501603e-03	1.0018003780e+00	1.0016528268e+00	0.0000000000e+00	0.0000000000e+00	9.2264384082e-01	1.0000000000e+00	
5.0408949380e-03	1.0018561974e+00	1.0017014775e+00	0.0000000000e+00	0.0000000000e+00	9.2026321241e-01	1.0000000000e+00	
5.1583124649e-03	1.0019129989e+00	1.0017507572e+00	0.0000000000e+00	0.0000000000e+00	9.1784224961e-01	1.0000000000e+00	
5.2784649973e-03	1.0019707922e+00	1.0018006581e+00	0.0000000000e+00	0.0000000000e+00	9.1538065585e-01	1.0000000000e+00	
5.4014162417e-03	1.0020295925e+00	1.0018511760e+00	0.0000000000e+00	0.0000000000e+00	9.1287789646e-01	1.0000000000e+00	
5.5272313885e-03	1.0020894211e+00	1.0019023142e+00	0.0000000000e+00	0.0000000000e+00	9.1033316614e-01	1.0000000000e+00	
5.6559771466e-03	1.0021503068e+00	1.0019540810e+00	0.0000000000e+00	0.0000000000e+00	9.0774535665e-01	1.0000000000e+00	
5.7877217786e-03	1.0022122859e+00	1.0020064918e+00	0.0000000000e+00	0.0000000000e+00	9.0511302828e-01	1.0000000000e+00	
5.9225351373e-03	1.0022754032e+00	1.0020595690e+00	0.0000000000e+00	0.0000000000e+00	9.0243438572e-01	1.0000000000e+00	
6.0604887026e-03	1.0023397121e+00	1.0021133428e+00	0.0000000000e+00	0.0000000000e+00	8.9970725973e-01	1.0000000000e+00	
6.2016556191e-03	1.0024052752e+00	1.0021678513e+00	0.0000000000e+00	0.0000000000e+00	8.9692909639e-01	1.0000000000e+00	
6.3461107356e-03	1.0024721640e+00	1.0022231404e+00	0.0000000000e+00	0.0000000000e+00	8.9409695570e-01	1.0000000000e+00	
6.4939306440e-03	1.0025404590e+00	1.0022792638e+00	0.0000000000e+00	0.0000000000e+00	8.9120752119e-01	1.0000000000e+00	
6.6451937204e-03	1.0026102489e+00	1.0023362818e+00	0.0000000000e+00	0.0000000000e+00	8.8825712195e-01	1.0000000000e+00	
6.7999801664e-03	1.0026816301e+00	1.0023942614e+00	0.0000000000e+00	0.0000000000e+00	8.8524176880e-01	1.0000000000e+00	
6.9583720519e-03	1.0027547051e+00	1.0024532742e+00	0.0000000000e+00	0.0000000000e+00	8.8215720526e-01	1.0000000000e+00	
7.1204533584e-03	1.0028295815e+00	1.0025133951e+00	0.0000000000e+00	0.0000000000e+00	8.7899897419e-01	1.0000000000e+00	
7.2863100235e-03	1.0029063697e+00	1.0025747007e+00	0.0000000000e+00	0.0000000000e+00	8.7576249992e-01	1.0000000000e+00	
7.4560299866e-03	1.0029851811e+00	1.0026372664e+00	0.0000000000e+00	0.0000000000e+00	8.7244318495e-01	1.0000000000e+00	
7.6297032356e-03	1.0030661250e+00	1.0027011644e+00	0.0000000000e+00	0.0000000000e+00	8.6903651978e-01	1.0000000000e+00	
7.8074218541e-03	1.0031493064e+00	1.0027664604e+00	0.0000000000e+00	0.0000000000e+00	8.6553820269e-01	1.0000000000e+00	
7.9892800711e-03	1.0032348231e+00	1.0028332110e+00	0.0000000000e+00	0.0000000000e+00	8.6194426586e-01	1.0000000000e+00	
8.1753743102e-03	1.0033227622e+00	1.0029014603e+00	0.0000000000e+00	0.0000000000e+00	8.5825120249e-01	1.0000000000e+00	
8.3658032408e-03	1.0034131980e+00	1.0029712378e+00	0.0000000000e+00	0.0000000000e+00	8.5445608878e-01	1.0000000000e+00	
8.5606678312e-03	1.0035061893e+00	1.0030425549e+00	0.0000000000e+00	0.0000000000e+00	8.5055669350e-01	1.0000000000e+00	
8.7600714009e-03	1.0036017770e+00	1.0031154034e+00	0.0000000000e+00	0.0000000000e+00	8.4655156704e-01	1.0000000000e+00	
8.9641196764e-03	1.0036999832e+00	1.0031897539e+00	0.0000000000e+00	0.0000000000e+00	8.4244010175e-01	1.0000000000e+00	
9.1729208468e-03	1.0038008105e+00	1.0032655551e+00	0.0000000000e+00	0.0000000000e+00	8.3822255520e-01	1.0000000000e+00	
9.3865856213e-03	1.0039042423e+00	1.0033427343e+00	0.0000000000e+00	0.0000000000e+00	8.3390002931e-01	1.0000000000e+00	
9.6052272877e-03	1.0040102448e+00	1.0034211992e+00	0.0000000000e+00	0.0000000000e+00	8.2947439952e-01	1.0000000000e+00	
9.8289617728e-03	1.0041187695e+00	1.0035008402e+00	0.0000000000e+00	0.0000000000e+00	8.2494819131e-01	1.0000000000e+00	
1.0057907703e-02	1.0042297575e+00	1.0035815349e+00	0.0000000000e+00	0.0000000000e+00	8.2032440436e-01	1.0000000000e+00	
1.0292186470e-02	1.0043431445e+00	1.0036631528e+00	0.0000000000e+00	0.0000000000e+00	8.1560628959e-01	1.0000000000e+00	
1.0531922290e-02	1.0044588669e+00	1.0037455615e+00	0.0000000000e+00	0.0000000000e+00	8.1079708888e-01	1.0000000000e+00	
1.0777242275e-02	1.0045768680e+00	1.0038286331e+00	0.0000000000e+00	0.0000000000e+00	8.0589975321e-01	1.0000000000e+00	
1.1028276496e-02	1.0046971049e+00	1.0039122505e+00	0.0000000000e+00	0.0000000000e+00	8.0091665970e-01	1.0000000000e+00	
1.1285158055e-02	1.0048195542e+00	1.0039963132e+00	0.0000000000e+00	0.0000000000e+00	7.9584935283e-01	1.0000000000e+00	
1.1548023154e-02	1.0049442169e+00	1.0040807426e+00	0.0000000000e+00	0.0000000000e+00	7.9069833802e-01	1.0000000000e+00	
1.1817011169e-02	1.0050711210e+00	1.0041654842e+00	0.0000000000e+00	0.0000000000e+00	7.8546295585e-01	1.0000000000e+00	
1.2092264719e-02	1.0052003223e+00	1.0042505080e+00	0.0000000000e+00	0.0000000000e+00	7.8014136290e-01	1.0000000000e+00	
1.2373929747e-02	1.0053319020e+00	1.0043358068e+00	0.0000000000e+00	0.0000000000e+00	7.7473063823e-01	1.0000000000e+00	
1.2662155597e-02	1.0054659606e+00	1.0044213895e+00	0.0000000000e+00	0.0000000000e+00	7.6922702402e-01	1.0000000000e+00	
1.2957095090e-02	1.0056026102e+00	1.0045072734e+00	0.0000000000e+00	0.0000000000e+00	7.6362629415e-01	1.0000000000e+00	
1.3258904606e-02	1.0057419631e+00	1.0045934731e+00	0.0000000000e+00	0.0000000000e+00	7.5792422739e-01	1.0000000000e+00	
1.3567744169e-02	1.0058841198e+00	1.0046799879e+00	0.0000000000e+00	0.0000000000e+00	7.5211714317e-01	1.0000000000e+00	
1.3883777529e-02	1.0060291563e+00	1.0047667901e+00	0.0000000000e+00	0.0000000000e+00	7.4620244143e-01	1.0000000000e+00	
1.4207172252e-02	1.0061771135e+00	1.0048538137e+00	0.0000000000e+00	0.0000000000e+00	7.4017907581e-01	1.0000000000e+00	
1.4538099805e-02	1.0063279892e+00	1.0049409472e+00	0.0000000000e+00	0.0000000000e+00	7.3404788594e-01	1.0000000000e+00	
1.4876735652e-02	1.0064817355e+00	1.0050280308e+00	0.0000000000e+00	0.0000000000e+00	7.2781172210e-01	1.0000000000e+00	
1.5223259340e-02	1.0066382616e+00	1.0051148598e+00	0.0000000000e+00	0.0000000000e+00	7.2147531667e-01	1.0000000000e+00	
1.5577854603e-02	1.0067974428e+00	1.0052011940e+00	0.0000000000e+00	0.0000000000e+00	7.1504489083e-01	1.0000000000e+00	
1.5940709450e-02	1.0069591345e+00	1.0052867726e+00	0.0000000000e+00	0.0000000000e+00	7.0852752942e-01	1.0000000000e+00	
1.6312016272e-02	1.0071231903e+00	1.0053713325e+00	0.0000000000e+00	0.0000000000e+00	7.0193040525e-01	1.0000000000e+00	
1.6691971942e-02	1.0072894800e+00	1.0054546273e+00	0.0000000000e+00	0.0000000000e+00	6.9525997707e-01	1.0000000000e+00	
1.7080777916e-02	1.0074579054e+00	1.0055364436e+00	0.0000000000e+00	0.0000000000e+00	6.8852131212e-01	1.0000000000e+00	
1.7478640346e-02	1.0076284089e+00	1.0056166112e+00	0.0000000000e+00	0.0000000000e+00	6.8171768222e-01	1.0000000000e+00	
1.7885770184e-02	1.0078009744e+00	1.0056950040e+00	0.0000000000e+00	0.0000000000e+00	6.7485054605e-01	1.0000000000e+00	
1.8302383297e-02	1.0079756172e+00	1.0057715319e+00	0.0000000000e+00	0.0000000000e+00	6.6791995605e-01	1.0000000000e+00	
1.8728700584e-02	1.0081523664e+00	1.0058461243e+00	0.0000000000e+00	0.0000000000e+00	6.6092532795e-01	1.0000000000e+00	
1.9164948088e-02	1.0083312426e+00	1.0059187084e+00	0.0000000000e+00	0.0000000000e+00	6.5386640247e-01	1.0000000000e+00	
1.9611357127e-02	1.0085122369e+00	1.0059891911e+00	0.0000000000e+00	0.0000000000e+00	6.4674414358e-01	1.0000000000e+00	
2.0068164412e-02	1.0086952982e+00	1.0060574468e+00	0.0000000000e+00	0.0000000000e+00	6.3956128746e-01	1.0000000000e+00	
2.0535612186e-02	1.0088803334e+00	1.0061233205e+00	0.0000000000e+00	0.0000000000e+00	6.3232230774e-01	1.0000000000e+00	
2.1013948359e-02	1.0090672236e+00	1.0061866460e+00	0.0000000000e+00	0.0000000000e+00	6.2503270349e-01	1.0000000000e+00	
2.1503426663e-02	1.0092558530e+00	1.0062472770e+00	0.0000000000e+00	0.0000000000e+00	6.1769772437e-01	1.0000000000e+00	
2.2004306806e-02	1.0094461429e+00	1.0063051238e+00	0.0000000000e+00	0.0000000000e+00	6.1032086954e-01	1.0000000000e+00	
2.2516854664e-02	1.0096380797e+00	1.0063601845e+00	0.0000000000e+00	0.0000000000e+00	6.0290265353e-01	1.0000000000e+00	
2.3041342484e-02	1.0098317249e+00	1.0064125578e+00	0.0000000000e+00	0.0000000000e+00	5.9544014265e-01	1.0000000000e+00	
2.3578049132e-02	1.0100272003e+00	1.0064624322e+00	0.0000000000e+00	0.0000000000e+00	5.8792758220e-01	1.0000000000e+00	
2.4127260392e-02	1.0102246484e+00	1.0065100509e+00	0.0000000000e+00	0.0000000000e+00	5.8035807533e-01	1.0000000000e+00	
2.4689269333e-02	1.0104241803e+00	1.0065556636e+00	0.0000000000e+00	0.0000000000e+00	5.7272584689e-01	1.0000000000e+00	
2.5264376774e-02	1.0106258265e+00	1.0065994842e+00	0.0000000000e+00	0.0000000000e+00	5.6502830371e-01	1.0000000000e+00	
2.5852891877e-02	1.0108295132e+00	1.0066416721e+00	0.0000000000e+00	0.0000000000e+00	5.5726706998e-01	1.0000000000e+00	
2.6455132899e-02	1.0110350711e+00	1.0066823487e+00	0.0000000000e+00	0.0000000000e+00	5.4944752878e-01	1.0000000000e+00	
2.7071428162e-02	1.0112422748e+00	1.0067216431e+00	0.0000000000e+00	0.0000000000e+00	5.4157705955e-01	1.0000000000e+00	
2.7702117286e-02	1.0114508924e+00	1.0067597486e+00	0.0000000000e+00	0.0000000000e+00	5.3366285001e-01	1.0000000000e+00	
2.8347552751e-02	1.0116607164e+00	1.0067969608e+00	0.0000000000e+00	0.0000000000e+00	5.2571049175e-01	1.0000000000e+00	
2.9008101859e-02	1.0118715567e+00	1.0068336763e+00	0.0000000000e+00	0.0000000000e+00	5.1772424871e-01	1.0000000000e+00	
2.9684149158e-02	1.0120831960e+00	1.0068703551e+00	0.0000000000e+00	0.0000000000e+00	5.0970893931e-01	1.0000000000e+00	
3.0376099432e-02	1.0122953365e+00	1.0069074725e+00	0.0000000000e+00	0.0000000000e+00	5.0167224395e-01	1.0000000000e+00	
3.1084381297e-02	1.0125075766e+00	1.0069455019e+00	0.0000000000e+00	0.0000000000e+00	4.9362565995e-01	1.0000000000e+00	
3.1809451500e-02	1.0127194478e+00	1.0069849572e+00	0.0000000000e+00	0.0000000000e+00	4.8558285299e-01	1.0000000000e+00	
3.2551799976e-02	1.0129305045e+00	1.0070264863e+00	0.0000000000e+00	0.0000000000e+00	4.7755574169e-01	1.0000000000e+00	
3.3311955692e-02	1.0131404173e+00	1.0070709691e+00	0.0000000000e+00	0.0000000000e+00	4.6955039526e-01	1.0000000000e+00	
3.4090493321e-02	1.0133490103e+00	1.0071195576e+00	0.0000000000e+00	0.0000000000e+00	4.6156538339e-01	1.0000000000e+00	
3.4888040727e-02	1.0135562144e+00	1.0071736317e+00	0.0000000000e+00	0.0000000000e+00	4.5359380469e-01	1.0000000000e+00	
3.5705287241e-02	1.0137619693e+00	1.0072347022e+00	0.0000000000e+00	0.0000000000e+00	4.4562753333e-01	1.0000000000e+00	
3.6542992639e-02	1.0139661520e+00	1.0073043375e+00	0.0000000000e+00	0.0000000000e+00	4.3766035867e-01	1.0000000000e+00	
3.7401996736e-02	1.0141685858e+00	1.0073841680e+00	0.0000000000e+00	0.0000000000e+00	4.2968760928e-01	1.0000000000e+00	
3.8283229439e-02	1.0143691078e+00	1.0074759414e+00	0.0000000000e+00	0.0000000000e+00	4.2170330752e-01	1.0000000000e+00	
3.9187721072e-02	1.0145676003e+00	1.0075815388e+00	0.0000000000e+00	0.0000000000e+00	4.1369890027e-01	1.0000000000e+00	
4.0116612771e-02	1.0147639160e+00	1.0077028752e+00	0.0000000000e+00	0.0000000000e+00	4.0566669752e-01	1.0000000000e+00	
4.1071166683e-02	1.0149577368e+00	1.0078417303e+00	0.0000000000e+00	0.0000000000e+00	3.9760619292e-01	1.0000000000e+00	
4.2052775691e-02	1.0151485091e+00	1.0079996475e+00	0.0000000000e+00	0.0000000000e+00	3.8952714312e-01	1.0000000000e+00	
4.3062972371e-02	1.0153355490e+00	1.0081779943e+00	0.0000000000e+00	0.0000000000e+00	3.8144527687e-01	1.0000000000e+00	
4.4103436856e-02	1.0155182387e+00	1.0083781026e+00	0.0000000000e+00	0.0000000000e+00	3.7337415833e-01	1.0000000000e+00	
4.5176003283e-02	1.0156961263e+00	1.0086013003e+00	0.0000000000e+00	0.0000000000e+00	3.6532127782e-01	1.0000000000e+00	
4.6282664490e-02	1.0158688806e+00	1.0088487805e+00	0.0000000000e+00	0.0000000000e+00	3.5729062486e-01	1.0000000000e+00	
4.7425574662e-02	1.0160362731e+00	1.0091214806e+00	0.0000000000e+00	0.0000000000e+00	3.4928417321e-01	1.0000000000e+00	
4.8607049620e-02	1.0161983308e+00	1.0094201114e+00	0.0000000000e+00	0.0000000000e+00	3.4129606561e-01	1.0000000000e+00	
4.9829564515e-02	1.0163554843e+00	1.0097451650e+00	0.0000000000e+00	0.0000000000e+00	3.3330714604e-01	1.0000000000e+00	
5.1095748730e-02	1.0165084198e+00	1.0100966183e+00	0.0000000000e+00	0.0000000000e+00	3.2529238876e-01	1.0000000000e+00	
5.2408377873e-02	1.0166577504e+00	1.0104734536e+00	0.0000000000e+00	0.0000000000e+00	3.1723627149e-01	1.0000000000e+00	
5.3770362856e-02	1.0168039208e+00	1.0108734173e+00	0.0000000000e+00	0.0000000000e+00	3.0913788725e-01	1.0000000000e+00	
5.5184736164e-02	1.0169473355e+00	1.0112930085e+00	0.0000000000e+00	0.0000000000e+00	3.0100634796e-01	1.0000000000e+00	
5.6654635540e-02	1.0170883237e+00	1.0117273247e+00	0.0000000000e+00	0.0000000000e+00	2.9286310374e-01	1.0000000000e+00	
5.8183285489e-02	1.0172271454e+00	1.0121699813e+00	0.0000000000e+00	0.0000000000e+00	2.8474229727e-01	1.0000000000e+00	
5.9773977113e-02	1.0173644840e+00	1.0126135739e+00	0.0000000000e+00	0.0000000000e+00	2.7666949574e-01	1.0000000000e+00	
6.1430046920e-02	1.0175018570e+00	1.0130501384e+00	0.0000000000e+00	0.0000000000e+00	2.6864350601e-01	1.0000000000e+00	
6.3154855383e-02	1.0176413855e+00	1.0134710692e+00	0.0000000000e+00	0.0000000000e+00	2.6064537630e-01	1.0000000000e+00	
6.4951766030e-02	1.0177855220e+00	1.0138670957e+00	0.0000000000e+00	0.0000000000e+00	2.5264854227e-01	1.0000000000e+00	
6.6824125912e-02	1.0179366039e+00	1.0142281905e+00	0.0000000000e+00	0.0000000000e+00	2.4463583948e-01	1.0000000000e+00	
6.8775248214e-02	1.0180960488e+00	1.0145432446e+00	0.0000000000e+00	0.0000000000e+00	2.3663125143e-01	1.0000000000e+00	
7.0808397709e-02	1.0182645008e+00	1.0148008397e+00	0.0000000000e+00	0.0000000000e+00	2.2868924956e-01	1.0000000000e+00	
7.2926779583e-02	1.0184425372e+00	1.0149907376e+00	0.0000000000e+00	0.0000000000e+00	2.2085868918e-01	1.0000000000e+00	
7.5133532044e-02	1.0186312499e+00	1.0151054035e+00	0.0000000000e+00	0.0000000000e+00	2.1315104176e-01	1.0000000000e+00	
7.7431722876e-02	1.0188323993e+00	1.0151412725e+00	0.0000000000e+00	0.0000000000e+00	2.0552612025e-01	1.0000000000e+00	
7.9824349969e-02	1.0190468967e+00	1.0150985423e+00	0.0000000000e+00	0.0000000000e+00	1.9794912887e-01	1.0000000000e+00	
8.2314345665e-02	1.0192733957e+00	1.0149812460e+00	0.0000000000e+00	0.0000000000e+00	1.9044188078e-01	1.0000000000e+00	
8.4904584624e-02	1.0195080959e+00	1.0147985851e+00	0.0000000000e+00	0.0000000000e+00	1.8308086479e-01	1.0000000000e+00	
8.7597894808e-02	1.0197464846e+00	1.0145680108e+00	0.0000000000e+00	0.0000000000e+00	1.7591226290e-01	1.0000000000e+00	
9.0397071114e-02	1.0199844477e+00	1.0143171088e+00	0.0000000000e+00	0.0000000000e+00	1.6889831776e-01	1.0000000000e+00	
9.3304891156e-02	1.0202168897e+00	1.0140818245e+00	0.0000000000e+00	0.0000000000e+00	1.6198009952e-01	1.0000000000e+00	
9.6324132696e-02	1.0204355362e+00	1.0139019154e+00	0.0000000000e+00	0.0000000000e+00	1.5518922062e-01	1.0000000000e+00	
9.9457592234e-02	1.0206305101e+00	1.0138175427e+00	0.0000000000e+00	0.0000000000e+00	1.4861333337e-01	1.0000000000e+00	
1.0270810432e-01	1.0207948286e+00	1.0138660151e+00	0.0000000000e+00	0.0000000000e+00	1.4225341566e-01	1.0000000000e+00	
1.0607856119e-01	1.0209258413e+00	1.0140736005e+00	0.0000000000e+00	0.0000000000e+00	1.3602702642e-01	1.0000000000e+00	
1.0957193241e-01	1.0210226575e+00	1.0144436774e+00	0.0000000000e+00	0.0000000000e+00	1.2994373282e-01	1.0000000000e+00	
1.1319128415e-01	1.0210872361e+00	1.0149519034e+00	0.0000000000e+00	0.0000000000e+00	1.2409817432e-01	1.0000000000e+00	
1.1693979807e-01	1.0211290835e+00	1.0155510026e+00	0.0000000000e+00	0.0000000000e+00	1.1846497103e-01	1.0000000000e+00	
1.2082078927e-01	1.0211627132e+00	1.0161753229e+00	0.0000000000e+00	0.0000000000e+00	1.1296072938e-01	1.0000000000e+00	
1.2483772360e-01	1.0212008452e+00	1.0167466369e+00	0.0000000000e+00	0.0000000000e+00	1.0765388463e-01	1.0000000000e+00	
1.2899423379e-01	1.0212560964e+00	1.0171908453e+00	0.0000000000e+00	0.0000000000e+00	1.0258841752e-01	1.0000000000e+00	
1.3329413463e-01	1.0213414605e+00	1.0174529982e+00	0.0000000000e+00	0.0000000000e+00	9.7663485260e-02	1.0000000000e+00	
1.3774143695e-01	1.0214618483e+00	1.0175012816e+00	0.0000000000e+00	0.0000000000e+00	9.2916548090e-02	1.0000000000e+00	
1.4234036034e-01	1.0216152748e+00	1.0173380778e+00	0.0000000000e+00	0.0000000000e+00	8.8404130900e-02	1.0000000000e+00	
1.4709534472e-01	1.0217959150e+00	1.0170097044e+00	0.0000000000e+00	0.0000000000e+00	8.4023113329e-02	1.0000000000e+00	
1.5201106041e-01	1.0219866123e+00	1.0165996741e+00	0.0000000000e+00	0.0000000000e+00	7.9831677682e-02	1.0000000000e+00	
1.5709241691e-01	1.0221654284e+00	1.0162241517e+00	0.0000000000e+00	0.0000000000e+00	7.5840091517e-02	1.0000000000e+00	
1.6234457012e-01	1.0223111581e+00	1.0160083558e+00	0.0000000000e+00	0.0000000000e+00	7.1969782852e-02	1.0000000000e+00	
1.6777292789e-01	1.0224046579e+00	1.0160416858e+00	0.0000000000e+00	0.0000000000e+00	6.8311569748e-02	1.0000000000e+00	
1.7338315386e-01	1.0224442547e+00	1.0163455590e+00	0.0000000000e+00	0.0000000000e+00	6.4780332003e-02	1.0000000000e+00	
1.7918116927e-01	1.0224421414e+00	1.0168481518e+00	0.0000000000e+00	0.0000000000e+00	6.1420037397e-02	1.0000000000e+00	
1.8517315265e-01	1.0224252464e+00	1.0174079595e+00	0.0000000000e+00	0.0000000000e+00	5.8210677061e-02	1.0000000000e+00	
1.9136553698e-01	1.0224243442e+00	1.0178621584e+00	0.0000000000e+00	0.0000000000e+00	5.5136971018e-02	1.0000000000e+00	
1.9776500411e-01	1.0224626213e+00	1.0180832820e+00	0.0000000000e+00	0.0000000000e+00	5.2220169462e-02	1.0000000000e+00	
2.0437847609e-01	1.0225496422e+00	1.0180254699e+00	0.0000000000e+00	0.0000000000e+00	4.9423076453e-02	1.0000000000e+00	
2.1121310289e-01	1.0226746276e+00	1.0177427182e+00	0.0000000000e+00	0.0000000000e+00	4.6771809499e-02	1.0000000000e+00	
2.1827624617e-01	1.0228108167e+00	1.0173825892e+00	0.0000000000e+00	0.0000000000e+00	4.4238783220e-02	1.0000000000e+00	
2.2557545855e-01	1.0229227797e+00	1.0171345032e+00	0.0000000000e+00	0.0000000000e+00	4.1828149177e-02	1.0000000000e+00	
2.3311845786e-01	1.0229837437e+00	1.0171413105e+00	0.0000000000e+00	0.0000000000e+00	3.9544995697e-02	1.0000000000e+00	
2.4091309578e-01	1.0229926758e+00	1.0174134464e+00	0.0000000000e+00	0.0000000000e+00	3.7355844272e-02	1.0000000000e+00	
2.4896732044e-01	1.0229746168e+00	1.0178111605e+00	0.0000000000e+00	0.0000000000e+00	3.5297937896e-02	1.0000000000e+00	
2.5728913223e-01	1.0229689518e+00	1.0181295288e+00	0.0000000000e+00	0.0000000000e+00	3.3328072080e-02	1.0000000000e+00	
2.6588653247e-01	1.0230031766e+00	1.0182191389e+00	0.0000000000e+00	0.0000000000e+00	3.1459514594e-02	1.0000000000e+00	
2.7476746450e-01	1.0230780734e+00	1.0180747221e+00	0.0000000000e+00	0.0000000000e+00	2.9699613523e-02	1.0000000000e+00	
2.8393974676e-01	1.0231677071e+00	1.0178395373e+00	0.0000000000e+00	0.0000000000e+00	2.8019924586e-02	1.0000000000e+00	
2.9341099781e-01	1.0232348789e+00	1.0177122404e+00	0.0000000000e+00	0.0000000000e+00	2.6426326849e-02	1.0000000000e+00	
3.0318855333e-01	1.0232592393e+00	1.0178008215e+00	0.0000000000e+00	0.0000000000e+00	2.4926704773e-02	1.0000000000e+00	
3.1327937541e-01	1.0232542832e+00	1.0180347956e+00	0.0000000000e+00	0.0000000000e+00	2.3508104453e-02	1.0000000000e+00	
3.2368995495e-01	1.0232544865e+00	1.0182306545e+00	0.0000000000e+00	0.0000000000e+00	2.2160935064e-02	1.0000000000e+00	
3.3442620814e-01	1.0232843157e+00	1.0182570634e+00	0.0000000000e+00	0.0000000000e+00	2.0885947573e-02	1.0000000000e+00	
3.4549336888e-01	1.0233378924e+00	1.0181454246e+00	0.0000000000e+00	0.0000000000e+00	1.9684006939e-02	1.0000000000e+00	
3.5689587924e-01	1.0233867755e+00	1.0180487427e+00	0.0000000000e+00	0.0000000000e+00	1.8551953114e-02	1.0000000000e+00	
3.6863728093e-01	1.0234093186e+00	1.0180838071e+00	0.0000000000e+00	0.0000000000e+00	1.7485066984e-02	1.0000000000e+00	
3.8072011135e-01	1.0234125190e+00	1.0182136805e+00	0.0000000000e+00	0.0000000000e+00	1.6479295412e-02	1.0000000000e+00	
3.9314580850e-01	1.0234212059e+00	1.0183056497e+00	0.0000000000e+00	0.0000000000e+00	1.5531514483e-02	1.0000000000e+00	
4.0591462964e-01	1.0234480704e+00	1.0182920370e+00	0.0000000000e+00	0.0000000000e+00	1.4639049721e-02	1.0000000000e+00	
4.1902558928e-01	1.0234812201e+00	1.0182370047e+00	0.0000000000e+00	0.0000000000e+00	1.3799316462e-02	1.0000000000e+00	
4.3247642223e-01	1.0235023885e+00	1.0182389051e+00	0.0000000000e+00	0.0000000000e+00	1.3009709033e-02	1.0000000000e+00	
4.4626357763e-01	1.0235106701e+00	1.0183029720e+00	0.0000000000e+00	0.0000000000e+00	1.2267655051e-02	1.0000000000e+00	
4.6038224967e-01	1.0235203381e+00	1.0183529991e+00	0.0000000000e+00	0.0000000000e+00	1.1570769625e-02	1.0000000000e+00	
4.7482644982e-01	1.0235388802e+00	1.0183491215e+00	0.0000000000e+00	0.0000000000e+00	1.0917036455e-02	1.0000000000e+00	
4.8958912417e-01	1.0235585776e+00	1.0183329877e+00	0.0000000000e+00	0.0000000000e+00	1.0304757947e-02	1.0000000000e+00	
5.0466231763e-01	1.0235709860e+00	1.0183501783e+00	0.0000000000e+00	0.0000000000e+00	9.7319438344e-03	1.0000000000e+00	
5.2003738463e-01	1.0235792054e+00	1.0183845286e+00	0.0000000000e+00	0.0000000000e+00	9.1954347596e-03	1.0000000000e+00	
5.3570524275e-01	1.0235902820e+00	1.0183988169e+00	0.0000000000e+00	0.0000000000e+00	8.6913314716e-03	1.0000000000e+00	
5.5165666329e-01	1.0236036792e+00	1.0183962180e+00	0.0000000000e+00	0.0000000000e+00	8.2176048946e-03	1.0000000000e+00	
5.6788258959e-01	1.0236144395e+00	1.0184031947e+00	0.0000000000e+00	0.0000000000e+00	7.7751198033e-03	1.0000000000e+00	
5.8437447130e-01	1.0236222907e+00	1.0184213589e+00	0.0000000000e+00	0.0000000000e+00	7.3628359694e-03	1.0000000000e+00	
6.0112460125e-01	1.0236306387e+00	1.0184332652e+00	0.0000000000e+00	0.0000000000e+00	6.9751331522e-03	1.0000000000e+00	
6.1812644021e-01	1.0236399301e+00	1.0184367999e+00	0.0000000000e+00	0.0000000000e+00	6.6100818912e-03	1.0000000000e+00	
6.3537491532e-01	1.0236479937e+00	1.0184431914e+00	0.0000000000e+00	0.0000000000e+00	6.2705315659e-03	1.0000000000e+00	
6.5286667907e-01	1.0236546892e+00	1.0184538676e+00	0.0000000000e+00	0.0000000000e+00	5.9518658356e-03	1.0000000000e+00	
6.7060031812e-01	1.0236614221e+00	1.0184618031e+00	0.0000000000e+00	0.0000000000e+00	5.6505764000e-03	1.0000000000e+00	
6.8857650427e-01	1.0236681657e+00	1.0184665803e+00	0.0000000000e+00	0.0000000000e+00	5.3704986294e-03	1.0000000000e+00	
7.0679808363e-01	1.0236742510e+00	1.0184726650e+00	0.0000000000e+00	0.0000000000e+00	5.1056261521e-03	1.0000000000e+00	
7.2527010338e-01	1.0236797358e+00	1.0184796845e+00	0.0000000000e+00	0.0000000000e+00	4.8563889844e-03	1.0000000000e+00	
7.4399977917e-01	1.0236850728e+00	1.0184851554e+00	0.0000000000e+00	0.0000000000e+00	4.6231678160e-03	1.0000000000e+00	
7.6299640880e-01	1.0236902450e+00	1.0184898754e+00	0.0000000000e+00	0.0000000000e+00	4.4011300783e-03	1.0000000000e+00	
7.8227123993e-01	1.0236949316e+00	1.0184950074e+00	0.0000000000e+00	0.0000000000e+00	4.1940887677e-03	1.0000000000e+00	
8.0183730105e-01	1.0236994041e+00	1.0184999747e+00	0.0000000000e+00	0.0000000000e+00	3.9960296245e-03	1.0000000000e+00	
8.2170920520e-01	1.0237036562e+00	1.0185042023e+00	0.0000000000e+00	0.0000000000e+00	3.8111145858e-03	1.0000000000e+00	
8.4190293622e-01	1.0237077076e+00	1.0185083751e+00	0.0000000000e+00	0.0000000000e+00	3.6339390764e-03	1.0000000000e+00	
8.6243562651e-01	1.0237114755e+00	1.0185124820e+00	0.0000000000e+00	0.0000000000e+00	3.4676121796e-03	1.0000000000e+00	
8.8332533449e-01	1.0237150912e+00	1.0185162582e+00	0.0000000000e+00	0.0000000000e+00	3.3091345935e-03	1.0000000000e+00	
9.0459082892e-01	1.0237185416e+00	1.0185198220e+00	0.0000000000e+00	0.0000000000e+00	3.1581724995e-03	1.0000000000e+00	
9.2625138601e-01	1.0237217713e+00	1.0185232753e+00	0.0000000000e+00	0.0000000000e+00	3.0160617868e-03	1.0000000000e+00	
9.4832660398e-01	1.0237248728e+00	1.0185265674e+00	0.0000000000e+00	0.0000000000e+00	2.8797606534e-03	1.0000000000e+00	
9.7083623879e-01	1.0237278354e+00	1.0185296736e+00	0.0000000000e+00	0.0000000000e+00	2.7498220187e-03	1.0000000000e+00	
9.9380006346e-01	1.0237306327e+00	1.0185326394e+00	0.0000000000e+00	0.0000000000e+00	2.6269130047e-03	1.0000000000e+00	
1.0172377524e+00	1.0237332975e+00	1.0185354678e+00	0.0000000000e+00	0.0000000000e+00	2.5098018552e-03	1.0000000000e+00	
1.0411687913e+00	1.0237358507e+00	1.0185381675e+00	0.0000000000e+00	0.0000000000e+00	2.3976661277e-03	1.0000000000e+00	
1.0656124125e+00	1.0237382900e+00	1.0185407534e+00	0.0000000000e+00	0.0000000000e+00	2.2904869255e-03	1.0000000000e+00	
1.0905875538e+00	1.0237406163e+00	1.0185432225e+00	0.0000000000e+00	0.0000000000e+00	2.1882513405e-03	1.0000000000e+00	
1.1161128404e+00	1.0237428339e+00	1.0185455843e+00	0.0000000000e+00	0.0000000000e+00	2.0907401489e-03	1.0000000000e+00	
1.1422065862e+00	1.0237449487e+00	1.0185478451e+00	0.0000000000e+00	0.0000000000e+00	1.9976888250e-03	1.0000000000e+00	
1.1688868129e+00	1.0237469668e+00	1.0185500051e+00	0.0000000000e+00	0.0000000000e+00	1.9088759467e-03	1.0000000000e+00	
1.1961712829e+00	1.0237488921e+00	1.0185520709e+00	0.0000000000e+00	0.0000000000e+00	1.8241150514e-03	1.0000000000e+00	
1.2240775441e+00	1.0237507313e+00	1.0185540461e+00	0.0000000000e+00	0.0000000000e+00	1.7431263222e-03	1.0000000000e+00	
1.2526229817e+00	1.0237524947e+00	1.0185559375e+00	0.0000000000e+00	0.0000000000e+00	1.6654975566e-03	1.0000000000e+00	
1.2818248767e+00	1.0237541861e+00	1.0185577525e+00	0.0000000000e+00	0.0000000000e+00	1.5910302541e-03	1.0000000000e+00	
1.3117004661e+00	1.0237557935e+00	1.0185594801e+00	0.0000000000e+00	0.0000000000e+00	1.5202428711e-03	1.0000000000e+00	
1.3422670031e+00	1.0237573223e+00	1.0185611276e+00	0.0000000000e+00	0.0000000000e+00	1.4528833359e-03	1.0000000000e+00	
1.3735418171e+00	1.0237587992e+00	1.0185627255e+00	0.0000000000e+00	0.0000000000e+00	1.3877723158e-03	1.0000000000e+00	
1.4055423691e+00	1.0237601938e+00	1.0185642426e+00	0.0000000000e+00	0.0000000000e+00	1.3262300542e-03	1.0000000000e+00	
1.4382863040e+00	1.0237615391e+00	1.0185657073e+00	0.0000000000e+00	0.0000000000e+00	1.2668559649e-03	1.0000000000e+00	
1.4717914986e+00	1.0237628124e+00	1.0185670945e+00	0.0000000000e+00	0.0000000000e+00	1.2106543610e-03	1.0000000000e+00	
1.5060761035e+00	1.0237640432e+00	1.0185684333e+00	0.0000000000e+00	0.0000000000e+00	1.1563416542e-03	1.0000000000e+00	
1.5411585813e+00	1.0237652097e+00	1.0185697036e+00	0.0000000000e+00	0.0000000000e+00	1.1048589098e-03	1.0000000000e+00	
1.5770577397e+00	1.0237663229e+00	1.0185709193e+00	0.0000000000e+00	0.0000000000e+00	1.0557012268e-03	1.0000000000e+00	
1.6137927605e+00	1.0237673908e+00	1.0185720915e+00	0.0000000000e+00	0.0000000000e+00	1.0085074368e-03	1.0000000000e+00	
1.6513832247e+00	1.0237684113e+00	1.0185732182e+00	0.0000000000e+00	0.0000000000e+00	9.6335952277e-04	1.0000000000e+00	
1.6898491350e+00	1.0237693852e+00	1.0185742949e+00	0.0000000000e+00	0.0000000000e+00	9.2026565983e-04	1.0000000000e+00	
1.7292109354e+00	1.0237703143e+00	1.0185753208e+00	0.0000000000e+00	0.0000000000e+00	8.7916364417e-04	1.0000000000e+00	
1.7694895287e+00	1.0237712014e+00	1.0185762999e+00	0.0000000000e+00	0.0000000000e+00	8.3992176175e-04	1.0000000000e+00	
1.8107062925e+00	1.0237720481e+00	1.0185772366e+00	0.0000000000e+00	0.0000000000e+00	8.0245055507e-04	1.0000000000e+00	
1.8528830944e+00	1.0237728602e+00	1.0185781403e+00	0.0000000000e+00	0.0000000000e+00	7.6647469984e-04	1.0000000000e+00	
1.8960423059e+00	1.0237736368e+00	1.0185790097e+00	0.0000000000e+00	0.0000000000e+00	7.3203897010e-04	1.0000000000e+00	
1.9402068161e+00	1.0237743712e+00	1.0185798336e+00	0.0000000000e+00	0.0000000000e+00	6.9945991569e-04	1.0000000000e+00	
1.9854000448e+00	1.0237750809e+00	1.0185806272e+00	0.0000000000e+00	0.0000000000e+00	6.6799343543e-04	1.0000000000e+00	
2.0316459563e+00	1.0237757522e+00	1.0185813789e+00	0.0000000000e+00	0.0000000000e+00	6.3822442486e-04	1.0000000000e+00	
2.0789690717e+00	1.0237764001e+00	1.0185821073e+00	0.0000000000e+00	0.0000000000e+00	6.0947367258e-04	1.0000000000e+00	
2.1273944833e+00	1.0237770126e+00	1.0185828017e+00	0.0000000000e+00	0.0000000000e+00	5.8225175713e-04	1.0000000000e+00	
2.1769478671e+00	1.0237775975e+00	1.0185834662e+00	0.0000000000e+00	0.0000000000e+00	5.5624859992e-04	1.0000000000e+00	
2.2276554972e+00	1.0237781584e+00	1.0185841016e+00	0.0000000000e+00	0.0000000000e+00	5.3132550093e-04	1.0000000000e+00	
2.2795442597e+00	1.0237786943e+00	1.0185847091e+00	0.0000000000e+00	0.0000000000e+00	5.0750925085e-04	1.0000000000e+00	
2.3326416666e+00	1.0237792056e+00	1.0185852923e+00	0.0000000000e+00	0.0000000000e+00	4.8476177435e-04	1.0000000000e+00	
2.3869758709e+00	1.0237796947e+00	1.0185858534e+00	0.0000000000e+00	0.0000000000e+00	4.6297845073e-04	1.0000000000e+00	
2.4425756815e+00	1.0237801631e+00	1.0185863902e+00	0.0000000000e+00	0.0000000000e+00	4.4212175659e-04	1.0000000000e+00	
2.4994705780e+00	1.0237806064e+00	1.0185868981e+00	0.0000000000e+00	0.0000000000e+00	4.2238424965e-04	1.0000000000e+00	
2.5576907269e+00	1.0237810327e+00	1.0185873879e+00	0.0000000000e+00	0.0000000000e+00	4.0339693471e-04	1.0000000000e+00	
2.6172669972e+00	1.0237814373e+00	1.0185878561e+00	0.0000000000e+00	0.0000000000e+00	3.8534961452e-04	1.0000000000e+00	
2.6782309772e+00	1.0237818271e+00	1.0185883067e+00	0.0000000000e+00	0.0000000000e+00	3.6796679321e-04	1.0000000000e+00	
2.7406149907e+00	1.0237821968e+00	1.0185887337e+00	0.0000000000e+00	0.0000000000e+00	3.5148216589e-04	1.0000000000e+00	
2.8044521145e+00	1.0237825497e+00	1.0185891427e+00	0.0000000000e+00	0.0000000000e+00	3.3573792816e-04	1.0000000000e+00	
2.8697761959e+00	1.0237828874e+00	1.0185895357e+00	0.0000000000e+00	0.0000000000e+00	3.2066214827e-04	1.0000000000e+00	
2.9366218707e+00	1.0237832107e+00	1.0185899114e+00	0.0000000000e+00	0.0000000000e+00	3.0623175185e-04	1.0000000000e+00	
3.0050245813e+00	1.0237835189e+00	1.0185902692e+00	0.0000000000e+00	0.0000000000e+00	2.9247511982e-04	1.0000000000e+00	
3.0750205957e+00	1.0237838112e+00	1.0185906101e+00	0.0000000000e+00	0.0000000000e+00	2.7941909422e-04	1.0000000000e+00	
3.1466470267e+00	1.0237840942e+00	1.0185909397e+00	0.0000000000e+00	0.0000000000e+00	2.6678386526e-04	1.0000000000e+00	
3.2199418516e+00	1.0237843610e+00	1.0185912501e+00	0.0000000000e+00	0.0000000000e+00	2.5487377544e-04	1.0000000000e+00	
3.2949439322e+00	1.0237846174e+00	1.0185915484e+00	0.0000000000e+00	0.0000000000e+00	2.4342350100e-04	1.0000000000e+00	
3.3716930358e+00	1.0237848629e+00	1.0185918339e+00	0.0000000000e+00	0.0000000000e+00	2.3246618416e-04	1.0000000000e+00	
3.4502298557e+00	1.0237850968e+00	1.0185921050e+00	0.0000000000e+00	0.0000000000e+00	2.2202871030e-04	1.0000000000e+00	
3.5305960331e+00	1.0237853199e+00	1.0185923632e+00	0.0000000000e+00	0.0000000000e+00	2.1207745267e-04	1.0000000000e+00	
3.6128341792e+00	1.0237855344e+00	1.0185926107e+00	0.0000000000e+00	0.0000000000e+00	2.0251693641e-04	1.0000000000e+00	
3.6969878979e+00	1.0237857388e+00	1.0185928453e+00	0.0000000000e+00	0.0000000000e+00	1.9341296878e-04	1.0000000000e+00	
3.7831018084e+00	1.0237859343e+00	1.0185930688e+00	0.0000000000e+00	0.0000000000e+00	1.8471284808e-04	1.0000000000e+00	
3.8712215697e+00	1.0237861201e+00	1.0185932801e+00	0.0000000000e+00	0.0000000000e+00	1.7645018671e-04	1.0000000000e+00	
3.9613939038e+00	1.0237862987e+00	1.0185934815e+00	0.0000000000e+00	0.0000000000e+00	1.6851981635e-04	1.0000000000e+00	
4.0536666214e+00	1.0237864696e+00	1.0185936726e+00	0.0000000000e+00	0.0000000000e+00	1.6094493294e-04	1.0000000000e+00	
4.1480886467e+00	1.0237866338e+00	1.0185938543e+00	0.0000000000e+00	0.0000000000e+00	1.5367610835e-04	1.0000000000e+00	
4.2447100436e+00	1.0237867899e+00	1.0185940251e+00	0.0000000000e+00	0.0000000000e+00	1.4678045356e-04	1.0000000000e+00	
4.3435820418e+00	1.0237869399e+00	1.0185941869e+00	0.0000000000e+00	0.0000000000e+00	1.4017042218e-04	1.0000000000e+00	
4.4447570648e+00	1.0237870827e+00	1.0185943385e+00	0.0000000000e+00	0.0000000000e+00	1.3389689822e-04	1.0000000000e+00	
4.5482887568e+00	1.0237872200e+00	1.0185944816e+00	0.0000000000e+00	0.0000000000e+00	1.2787877251e-04	1.0000000000e+00	
4.6542320117e+00	1.0237873519e+00	1.0185946161e+00	0.0000000000e+00	0.0000000000e+00	1.2212004118e-04	1.0000000000e+00	
4.7626430020e+00	1.0237874788e+00	1.0185947423e+00	0.0000000000e+00	0.0000000000e+00	1.1660231033e-04	1.0000000000e+00	
4.8735792087e+00	1.0237875991e+00	1.0185948586e+00	0.0000000000e+00	0.0000000000e+00	1.1139389543e-04	1.0000000000e+00	
4.9870994516e+00	1.0237877158e+00	1.0185949677e+00	0.0000000000e+00	0.0000000000e+00	1.0636627866e-04	1.0000000000e+00	
5.1032639206e+00	1.0237878276e+00	1.0185950684e+00	0.0000000000e+00	0.0000000000e+00	1.0157384264e-04	1.0000000000e+00	
5.2221342078e+00	1.0237879346e+00	1.0185951605e+00	0.0000000000e+00	0.0000000000e+00	9.7018234751e-05	1.0000000000e+00	
5.3437733395e+00	1.0237880376e+00	1.0185952446e+00	0.0000000000e+00	0.0000000000e+00	9.2664308762e-05	1.0000000000e+00	
5.4682458107e+00	1.0237881374e+00	1.0185953216e+00	0.0000000000e+00	0.0000000000e+00	8.8478652596e-05	1.0000000000e+00	
5.5956176182e+00	1.0237882331e+00	1.0185953904e+00	0.0000000000e+00	0.0000000000e+00	8.4495451796e-05	1.0000000000e+00	
5.7259562961e+00	1.0237883253e+00	1.0185954514e+00	0.0000000000e+00	0.0000000000e+00	8.0695594938e-05	1.0000000000e+00	
5.8593309519e+00	1.0237884142e+00	1.0185955046e+00	0.0000000000e+00	0.0000000000e+00	7.7069188337e-05	1.0000000000e+00	
5.9958123026e+00	1.0237884999e+00	1.0185955500e+00	0.0000000000e+00	0.0000000000e+00	7.3617167908e-05	1.0000000000e+00	
6.1354727123e+00	1.0237885831e+00	1.0185955880e+00	0.0000000000e+00	0.0000000000e+00	7.0304768491e-05	1.0000000000e+00	
6.2783862308e+00	1.0237886636e+00	1.0185956184e+00	0.0000000000e+00	0.0000000000e+00	6.7141383903e-05	1.0000000000e+00	
6.4246286328e+00	1.0237887416e+00	1.0185956410e+00	0.0000000000e+00	0.0000000000e+00	6.4126714613e-05	1.0000000000e+00	
6.5742774579e+00	1.0237888179e+00	1.0185956564e+00	0.0000000000e+00	0.0000000000e+00	6.1222023210e-05	1.0000000000e+00	
6.7274120520e+00	1.0237888914e+00	1.0185956635e+00	0.0000000000e+00	0.0000000000e+00	5.8475515368e-05	1.0000000000e+00	
6.8841136090e+00	1.0237889633e+00	1.0185956629e+00	0.0000000000e+00	0.0000000000e+00	5.5843722086e-05	1.0000000000e+00	
7.0444652142e+00	1.0237890334e+00	1.0185956545e+00	0.0000000000e+00	0.0000000000e+00	5.3328261605e-05	1.0000000000e+00	
7.2085518880e+00	1.0237891017e+00	1.0185956379e+00	0.0000000000e+00	0.0000000000e+00	5.0937219123e-05	1.0000000000e+00	
7.3764606315e+00	1.0237891686e+00	1.0185956132e+00	0.0000000000e+00	0.0000000000e+00	4.8649494403e-05	1.0000000000e+00	
7.5482804721e+00	1.0237892346e+00	1.0185955806e+00	0.0000000000e+00	0.0000000000e+00	4.6453422361e-05	1.0000000000e+00	
7.7241025108e+00	1.0237892992e+00	1.0185955394e+00	0.0000000000e+00	0.0000000000e+00	4.4365995618e-05	1.0000000000e+00	
7.9040199710e+00	1.0237893630e+00	1.0185954899e+00	0.0000000000e+00	0.0000000000e+00	4.2362729323e-05	1.0000000000e+00	
8.0881282472e+00	1.0237894257e+00	1.0185954314e+00	0.0000000000e+00	0.0000000000e+00	4.0460978954e-05	1.0000000000e+00	
8.2765249560e+00	1.0237894878e+00	1.0185953639e+00	0.0000000000e+00	0.0000000000e+00	3.8645217597e-05	1.0000000000e+00	
8.4693099879e+00	1.0237895494e+00	1.0185952875e+00	0.0000000000e+00	0.0000000000e+00	3.6909581016e-05	1.0000000000e+00	
8.6665855601e+00	1.0237896107e+00	1.0185952017e+00	0.0000000000e+00	0.0000000000e+00	3.5247870054e-05	1.0000000000e+00	
8.8684562706e+00	1.0237896719e+00	1.0185951065e+00	0.0000000000e+00	0.0000000000e+00	3.3653432679e-05	1.0000000000e+00	
9.0750291541e+00	1.0237897328e+00	1.0185950013e+00	0.0000000000e+00	0.0000000000e+00	3.2138778549e-05	1.0000000000e+00	
9.2864137381e+00	1.0237897937e+00	1.0185948858e+00	0.0000000000e+00	0.0000000000e+00	3.0694482605e-05	1.0000000000e+00	
9.5027221016e+00	1.0237898548e+00	1.0185947599e+00	0.0000000000e+00	0.0000000000e+00	2.9314722443e-05	1.0000000000e+00	
9.7240689342e+00	1.0237899162e+00	1.0185946232e+00	0.0000000000e+00	0.0000000000e+00	2.7996046042e-05	1.0000000000e+00	
9.9505715968e+00	1.0237899782e+00	1.0185944753e+00	0.0000000000e+00	0.0000000000e+00	2.6733515829e-05	1.0000000000e+00	
1.0182350184e+01	1.0237900407e+00	1.0185943159e+00	0.0000000000e+00	0.0000000000e+00	2.5530084797e-05	1.0000000000e+00	
1.0419527588e+01	1.0237901040e+00	1.0185941445e+00	0.0000000000e+00	0.0000000000e+00	2.4381473273e-05	1.0000000000e+00	
1.0662229564e+01	1.0237901681e+00	1.0185939606e+00	0.0000000000e+00	0.0000000000e+00	2.3287087854e-05	1.0000000000e+00	
1.0910584795e+01	1.0237902333e+00	1.0185937640e+00	0.0000000000e+00	0.0000000000e+00	2.2237957706e-05	1.0000000000e+00	
1.1164724962e+01	1.0237902997e+00	1.0185935540e+00	0.0000000000e+00	0.0000000000e+00	2.1240126765e-05	1.0000000000e+00	
1.1424784815e+01	1.0237903675e+00	1.0185933303e+00	0.0000000000e+00	0.0000000000e+00	2.0283223207e-05	1.0000000000e+00	
1.1690902239e+01	1.0237904367e+00	1.0185930921e+00	0.0000000000e+00	0.0000000000e+00	1.9371061055e-05	1.0000000000e+00	
1.1963218335e+01	1.0237905077e+00	1.0185928391e+00	0.0000000000e+00	0.0000000000e+00	1.8500501564e-05	1.0000000000e+00	
1.2241877487e+01	1.0237905805e+00	1.0185925706e+00	0.0000000000e+00	0.0000000000e+00	1.7663286601e-05	1.0000000000e+00	
1.2527027445e+01	1.0237906553e+00	1.0185922858e+00	0.0000000000e+00	0.0000000000e+00	1.6869536224e-05	1.0000000000e+00	
1.2818819399e+01	1.0237907321e+00	1.0185919843e+00	0.0000000000e+00	0.0000000000e+00	1.6111877215e-05	1.0000000000e+00	
1.3117408060e+01	1.0237908114e+00	1.0185916652e+00	0.0000000000e+00	0.0000000000e+00	1.5385448195e-05	1.0000000000e+00	
1.3422951745e+01	1.0237908931e+00	1.0185913278e+00	0.0000000000e+00	0.0000000000e+00	1.4695753024e-05	1.0000000000e+00	
1.3735612456e+01	1.0237909776e+00	1.0185909715e+00	0.0000000000e+00	0.0000000000e+00	1.4034433874e-05	1.0000000000e+00	
1.4055555971e+01	1.0237910650e+00	1.0185905953e+00	0.0000000000e+00	0.0000000000e+00	1.3400342995e-05	1.0000000000e+00	
1.4382951928e+01	1.0237911554e+00	1.0185901984e+00	0.0000000000e+00	0.0000000000e+00	1.2798935421e-05	1.0000000000e+00	
1.4717973916e+01	1.0237912492e+00	1.0185897799e+00	0.0000000000e+00	0.0000000000e+00	1.2220383877e-05	1.0000000000e+00	
1.5060799569e+01	1.0237913464e+00	1.0185893388e+00	0.0000000000e+00	0.0000000000e+00	1.1673140488e-05	1.0000000000e+00	
1.5411610657e+01	1.0237914473e+00	1.0185888742e+00	0.0000000000e+00	0.0000000000e+00	1.1146891347e-05	1.0000000000e+00	
1.5770593185e+01	1.0237915522e+00	1.0185883850e+00	0.0000000000e+00	0.0000000000e+00	1.0644979188e-05	1.0000000000e+00	
1.6137937490e+01	1.0237916613e+00	1.0185878702e+00	0.0000000000e+00	0.0000000000e+00	1.0164739991e-05	1.0000000000e+00	
1.6513838344e+01	1.0237917747e+00	1.0185873286e+00	0.0000000000e+00	0.0000000000e+00	9.7082374374e-06	1.0000000000e+00	
1.6898495053e+01	1.0237918928e+00	1.0185867589e+00	0.0000000000e+00	0.0000000000e+00	9.2727882663e-06	1.0000000000e+00	
1.7292111567e+01	1.0237920158e+00	1.0185861600e+00	0.0000000000e+00	0.0000000000e+00	8.8563046553e-06	1.0000000000e+00	
1.7694896589e+01	1.0237921441e+00	1.0185855304e+00	0.0000000000e+00	0.0000000000e+00	8.4574134452e-06	1.0000000000e+00	
1.8107063678e+01	1.0237922778e+00	1.0185848690e+00	0.0000000000e+00	0.0000000000e+00	8.0745020581e-06	1.0000000000e+00	
1.8528831373e+01	1.0237924173e+00	1.0185841740e+00	0.0000000000e+00	0.0000000000e+00	7.7133240815e-06	1.0000000000e+00	
1.8960423299e+01	1.0237925628e+00	1.0185834441e+00	0.0000000000e+00	0.0000000000e+00	7.3659738733e-06	1.0000000000e+00	
1.9402068293e+01	1.0237927148e+00	1.0185826777e+00	0.0000000000e+00	0.0000000000e+00	7.0344154258e-06	1.0000000000e+00	
1.9854000520e+01	1.0237928734e+00	1.0185818730e+00	0.0000000000e+00	0.0000000000e+00	6.7165877511e-06	1.0000000000e+00	
2.0316459600e+01	1.0237930392e+00	1.0185810283e+00	0.0000000000e+00	0.0000000000e+00	6.4151292228e-06	1.0000000000e+00	
2.0789690737e+01	1.0237932124e+00	1.0185801418e+00	0.0000000000e+00	0.0000000000e+00	6.1247180935e-06	1.0000000000e+00	
2.1273944843e+01	1.0237933933e+00	1.0185792116e+00	0.0000000000e+00	0.0000000000e+00	5.8497479811e-06	1.0000000000e+00	
2.1769478676e+01	1.0237935824e+00	1.0185782355e+00	0.0000000000e+00	0.0000000000e+00	5.5866339135e-06	1.0000000000e+00	
2.2276554975e+01	1.0237937802e+00	1.0185772116e+00	0.0000000000e+00	0.0000000000e+00	5.3350848853e-06	1.0000000000e+00	
2.2795442598e+01	1.0237939870e+00	1.0185761376e+00	0.0000000000e+00	0.0000000000e+00	5.0947038598e-06	1.0000000000e+00	
2.3326416666e+01	1.0237942032e+00	1.0185750111e+00	0.0000000000e+00	0.0000000000e+00	4.8667075102e-06	1.0000000000e+00	
2.3869758709e+01	1.0237944295e+00	1.0185738298e+00	0.0000000000e+00	0.0000000000e+00	4.6473036836e-06	1.0000000000e+00	
2.4425756815e+01	1.0237946661e+00	1.0185725912e+00	0.0000000000e+00	0.0000000000e+00	4.4373809013e-06	1.0000000000e+00	
2.4994705780e+01	1.0237949137e+00	1.0185712924e+00	0.0000000000e+00	0.0000000000e+00	4.2386105607e-06	1.0000000000e+00	
2.5576907269e+01	1.0237951728e+00	1.0185699307e+00	0.0000000000e+00	0.0000000000e+00	4.0480114898e-06	1.0000000000e+00	
2.6172669972e+01	1.0237954439e+00	1.0185685033e+00	0.0000000000e+00	0.0000000000e+00	3.8649104695e-06	1.0000000000e+00	
2.6782309772e+01	1.0237957276e+00	1.0185670070e+00	0.0000000000e+00	0.0000000000e+00	3.6907920583e-06	1.0000000000e+00	
2.7406149907e+01	1.0237960246e+00	1.0185654387e+00	0.0000000000e+00	0.0000000000e+00	3.5252958391e-06	1.0000000000e+00	
2.8044521145e+01	1.0237963354e+00	1.0185637949e+00	0.0000000000e+00	0.0000000000e+00	3.3666627200e-06	1.0000000000e+00	
2.8697761959e+01	1.0237966607e+00	1.0185620722e+00	0.0000000000e+00	0.0000000000e+00	3.2146116754e-06	1.0000000000e+00	
2.9366218707e+01	1.0237970013e+00	1.0185602668e+00	0.0000000000e+00	0.0000000000e+00	3.0699465587e-06	1.0000000000e+00	
3.0050245813e+01	1.0237973577e+00	1.0185583750e+00	0.0000000000e+00	0.0000000000e+00	2.9324940916e-06	1.0000000000e+00	
