1.0531922290e-05	9.9784392230e-01	9.9784388654e-01	0.0000000000e+00	0.0000000000e+00	1.0810507159e+00	1.0000000000e+00	
1.0777242275e-05	9.9784392626e-01	9.9784388882e-01	0.0000000000e+00	0.0000000000e+00	1.0810505769e+00	1.0000000000e+00	
1.1028276496e-05	9.9784393041e-01	9.9784389120e-01	0.0000000000e+00	0.0000000000e+00	1.0810504313e+00	1.0000000000e+00	
1.1285158055e-05	9.9784393476e-01	9.9784389370e-01	0.0000000000e+00	0.0000000000e+00	1.0810502789e+00	1.0000000000e+00	
1.1548023154e-05	9.9784393930e-01	9.9784389631e-01	0.0000000000e+00	0.0000000000e+00	1.0810501193e+00	1.0000000000e+00	
1.1817011169e-05	9.9784394407e-01	9.9784389905e-01	0.0000000000e+00	0.0000000000e+00	1.0810499522e+00	1.0000000000e+00	
1.2092264719e-05	9.9784394906e-01	9.9784390192e-01	0.0000000000e+00	0.0000000000e+00	1.0810497772e+00	1.0000000000e+00	
1.2373929747e-05	9.9784395428e-01	9.9784390492e-01	0.0000000000e+00	0.0000000000e+00	1.0810495940e+00	1.0000000000e+00	
1.2662155597e-05	9.9784395975e-01	9.9784390806e-01	0.0000000000e+00	0.0000000000e+00	1.0810494021e+00	1.0000000000e+00	
1.2957095090e-05	9.9784396548e-01	9.9784391135e-01	0.0000000000e+00	0.0000000000e+00	1.0810492012e+00	1.0000000000e+00	
1.3258904606e-05	9.9784397147e-01	9.9784391480e-01	0.0000000000e+00	0.0000000000e+00	1.0810489909e+00	1.0000000000e+00	
1.3567744169e-05	9.9784397775e-01	9.9784391841e-01	0.0000000000e+00	0.0000000000e+00	1.0810487706e+00	1.0000000000e+00	
1.3883777529e-05	9.9784398433e-01	9.9784392219e-01	0.0000000000e+00	0.0000000000e+00	1.0810485399e+00	1.0000000000e+00	
1.4207172252e-05	9.9784399122e-01	9.9784392615e-01	0.0000000000e+00	0.0000000000e+00	1.0810482983e+00	1.0000000000e+00	
1.4538099805e-05	9.9784399843e-01	9.9784393029e-01	0.0000000000e+00	0.0000000000e+00	1.0810480454e+00	1.0000000000e+00	
1.4876735652e-05	9.9784400598e-01	9.9784393463e-01	0.0000000000e+00	0.0000000000e+00	1.0810477806e+00	1.0000000000e+00	
1.5223259340e-05	9.9784401388e-01	9.9784393917e-01	0.0000000000e+00	0.0000000000e+00	1.0810475032e+00	1.0000000000e+00	
1.5577854603e-05	9.9784402216e-01	9.9784394393e-01	0.0000000000e+00	0.0000000000e+00	1.0810472128e+00	1.0000000000e+00	
1.5940709450e-05	9.9784403083e-01	9.9784394891e-01	0.0000000000e+00	0.0000000000e+00	1.0810469087e+00	1.0000000000e+00	
1.6312016272e-05	9.9784403991e-01	9.9784395413e-01	0.0000000000e+00	0.0000000000e+00	1.0810465903e+00	1.0000000000e+00	
1.6691971941e-05	9.9784404941e-01	9.9784395959e-01	0.0000000000e+00	0.0000000000e+00	1.0810462569e+00	1.0000000000e+00	
1.7080777914e-05	9.9784405936e-01	9.9784396531e-01	0.0000000000e+00	0.0000000000e+00	1.0810459078e+00	1.0000000000e+00	
1.7478640343e-05	9.9784406979e-01	9.9784397130e-01	0.0000000000e+00	0.0000000000e+00	1.0810455422e+00	1.0000000000e+00	
1.7885770177e-05	9.9784408070e-01	9.9784397757e-01	0.0000000000e+00	0.0000000000e+00	1.0810451593e+00	1.0000000000e+00	
1.8302383284e-05	9.9784409213e-01	9.9784398414e-01	0.0000000000e+00	0.0000000000e+00	1.0810447585e+00	1.0000000000e+00	
1.8728700556e-05	9.9784410409e-01	9.9784399102e-01	0.0000000000e+00	0.0000000000e+00	1.0810443387e+00	1.0000000000e+00	
1.9164948034e-05	9.9784411662e-01	9.9784399822e-01	0.0000000000e+00	0.0000000000e+00	1.0810438992e+00	1.0000000000e+00	
1.9611357020e-05	9.9784412974e-01	9.9784400576e-01	0.0000000000e+00	0.0000000000e+00	1.0810434389e+00	1.0000000000e+00	
2.0068164208e-05	9.9784414348e-01	9.9784401365e-01	0.0000000000e+00	0.0000000000e+00	1.0810429570e+00	1.0000000000e+00	
2.0535611802e-05	9.9784415787e-01	9.9784402192e-01	0.0000000000e+00	0.0000000000e+00	1.0810424523e+00	1.0000000000e+00	
2.1013947649e-05	9.9784417293e-01	9.9784403058e-01	0.0000000000e+00	0.0000000000e+00	1.0810419239e+00	1.0000000000e+00	
2.1503425370e-05	9.9784418871e-01	9.9784403964e-01	0.0000000000e+00	0.0000000000e+00	1.0810413705e+00	1.0000000000e+00	
2.2004304491e-05	9.9784420522e-01	9.9784404913e-01	0.0000000000e+00	0.0000000000e+00	1.0810407911e+00	1.0000000000e+00	
2.2516850586e-05	9.9784422252e-01	9.9784405907e-01	0.0000000000e+00	0.0000000000e+00	1.0810401844e+00	1.0000000000e+00	
2.3041335412e-05	9.9784424063e-01	9.9784406948e-01	0.0000000000e+00	0.0000000000e+00	1.0810395490e+00	1.0000000000e+00	
2.3578037060e-05	9.9784425960e-01	9.9784408038e-01	0.0000000000e+00	0.0000000000e+00	1.0810388838e+00	1.0000000000e+00	
2.4127240096e-05	9.9784427946e-01	9.9784409179e-01	0.0000000000e+00	0.0000000000e+00	1.0810381871e+00	1.0000000000e+00	
2.4689235713e-05	9.9784430025e-01	9.9784410374e-01	0.0000000000e+00	0.0000000000e+00	1.0810374577e+00	1.0000000000e+00	
2.5264321890e-05	9.9784432202e-01	9.9784411626e-01	0.0000000000e+00	0.0000000000e+00	1.0810366939e+00	1.0000000000e+00	
2.5852803545e-05	9.9784434483e-01	9.9784412936e-01	0.0000000000e+00	0.0000000000e+00	1.0810358940e+00	1.0000000000e+00	
2.6454992698e-05	9.9784436870e-01	9.9784414308e-01	0.0000000000e+00	0.0000000000e+00	1.0810350565e+00	1.0000000000e+00	
2.7071208639e-05	9.9784439370e-01	9.9784415745e-01	0.0000000000e+00	0.0000000000e+00	1.0810341795e+00	1.0000000000e+00	
2.7701778092e-05	9.9784441988e-01	9.9784417249e-01	0.0000000000e+00	0.0000000000e+00	1.0810332612e+00	1.0000000000e+00	
2.8347035396e-05	9.9784444729e-01	9.9784418825e-01	0.0000000000e+00	0.0000000000e+00	1.0810322996e+00	1.0000000000e+00	
2.9007322672e-05	9.9784447600e-01	9.9784420474e-01	0.0000000000e+00	0.0000000000e+00	1.0810312927e+00	1.0000000000e+00	
2.9682990015e-05	9.9784450605e-01	9.9784422201e-01	0.0000000000e+00	0.0000000000e+00	1.0810302383e+00	1.0000000000e+00	
3.0374395673e-05	9.9784453753e-01	9.9784424010e-01	0.0000000000e+00	0.0000000000e+00	1.0810291342e+00	1.0000000000e+00	
3.1081906237e-05	9.9784457048e-01	9.9784425904e-01	0.0000000000e+00	0.0000000000e+00	1.0810279781e+00	1.0000000000e+00	
3.1805896839e-05	9.9784460499e-01	9.9784427887e-01	0.0000000000e+00	0.0000000000e+00	1.0810267676e+00	1.0000000000e+00	
3.2546751348e-05	9.9784464113e-01	9.9784429964e-01	0.0000000000e+00	0.0000000000e+00	1.0810254999e+00	1.0000000000e+00	
3.3304862576e-05	9.9784467897e-01	9.9784432139e-01	0.0000000000e+00	0.0000000000e+00	1.0810241726e+00	1.0000000000e+00	
3.4080632483e-05	9.9784471859e-01	9.9784434415e-01	0.0000000000e+00	0.0000000000e+00	1.0810227826e+00	1.0000000000e+00	
3.4874472392e-05	9.9784476008e-01	9.9784436800e-01	0.0000000000e+00	0.0000000000e+00	1.0810213272e+00	1.0000000000e+00	
3.5686803209e-05	9.9784480353e-01	9.9784439297e-01	0.0000000000e+00	0.0000000000e+00	1.0810198032e+00	1.0000000000e+00	
3.6518055640e-05	9.9784484902e-01	9.9784441911e-01	0.0000000000e+00	0.0000000000e+00	1.0810182074e+00	1.0000000000e+00	
3.7368670429e-05	9.9784489666e-01	9.9784444648e-01	0.0000000000e+00	0.0000000000e+00	1.0810165363e+00	1.0000000000e+00	
3.8239098580e-05	9.9784494654e-01	9.9784447515e-01	0.0000000000e+00	0.0000000000e+00	1.0810147865e+00	1.0000000000e+00	
3.9129801608e-05	9.9784499877e-01	9.9784450516e-01	0.0000000000e+00	0.0000000000e+00	1.0810129543e+00	1.0000000000e+00	
4.0041251775e-05	9.9784505346e-01	9.9784453660e-01	0.0000000000e+00	0.0000000000e+00	1.0810110356e+00	1.0000000000e+00	
4.0973932344e-05	9.9784511074e-01	9.9784456951e-01	0.0000000000e+00	0.0000000000e+00	1.0810090266e+00	1.0000000000e+00	
4.1928337834e-05	9.9784517071e-01	9.9784460397e-01	0.0000000000e+00	0.0000000000e+00	1.0810069229e+00	1.0000000000e+00	
4.2904974283e-05	9.9784523350e-01	9.9784464006e-01	0.0000000000e+00	0.0000000000e+00	1.0810047201e+00	1.0000000000e+00	
4.3904359518e-05	9.9784529926e-01	9.9784467785e-01	0.0000000000e+00	0.0000000000e+00	1.0810024134e+00	1.0000000000e+00	
4.4927023425e-05	9.9784536811e-01	9.9784471742e-01	0.0000000000e+00	0.0000000000e+00	1.0809999980e+00	1.0000000000e+00	
4.5973508235e-05	9.9784544021e-01	9.9784475885e-01	0.0000000000e+00	0.0000000000e+00	1.0809974689e+00	1.0000000000e+00	
4.7044368807e-05	9.9784551571e-01	9.9784480224e-01	0.0000000000e+00	0.0000000000e+00	1.0809948205e+00	1.0000000000e+00	
4.8140172927e-05	9.9784559477e-01	9.9784484767e-01	0.0000000000e+00	0.0000000000e+00	1.0809920473e+00	1.0000000000e+00	
4.9261501603e-05	9.9784567755e-01	9.9784489524e-01	0.0000000000e+00	0.0000000000e+00	1.0809891434e+00	1.0000000000e+00	
5.0408949380e-05	9.9784576423e-01	9.9784494505e-01	0.0000000000e+00	0.0000000000e+00	1.0809861027e+00	1.0000000000e+00	
5.1583124649e-05	9.9784585500e-01	9.9784499721e-01	0.0000000000e+00	0.0000000000e+00	1.0809829187e+00	1.0000000000e+00	
5.2784649973e-05	9.9784595004e-01	9.9784505183e-01	0.0000000000e+00	0.0000000000e+00	1.0809795846e+00	1.0000000000e+00	
5.4014162417e-05	9.9784604956e-01	9.9784510902e-01	0.0000000000e+00	0.0000000000e+00	1.0809760934e+00	1.0000000000e+00	
5.5272313885e-05	9.9784615378e-01	9.9784516891e-01	0.0000000000e+00	0.0000000000e+00	1.0809724377e+00	1.0000000000e+00	
5.6559771466e-05	9.9784626290e-01	9.9784523162e-01	0.0000000000e+00	0.0000000000e+00	1.0809686098e+00	1.0000000000e+00	
5.7877217786e-05	9.9784637717e-01	9.9784529728e-01	0.0000000000e+00	0.0000000000e+00	1.0809646014e+00	1.0000000000e+00	
5.9225351373e-05	9.9784649682e-01	9.9784536604e-01	0.0000000000e+00	0.0000000000e+00	1.0809604041e+00	1.0000000000e+00	
6.0604887026e-05	9.9784662211e-01	9.9784543804e-01	0.0000000000e+00	0.0000000000e+00	1.0809560091e+00	1.0000000000e+00	
6.2016556191e-05	9.9784675331e-01	9.9784551343e-01	0.0000000000e+00	0.0000000000e+00	1.0809514069e+00	1.0000000000e+00	
6.3461107356e-05	9.9784689068e-01	9.9784559237e-01	0.0000000000e+00	0.0000000000e+00	1.0809465878e+00	1.0000000000e+00	
6.4939306440e-05	9.9784703454e-01	9.9784567503e-01	0.0000000000e+00	0.0000000000e+00	1.0809415417e+00	1.0000000000e+00	
6.6451937204e-05	9.9784718517e-01	9.9784576159e-01	0.0000000000e+00	0.0000000000e+00	1.0809362578e+00	1.0000000000e+00	
6.7999801664e-05	9.9784734289e-01	9.9784585223e-01	0.0000000000e+00	0.0000000000e+00	1.0809307248e+00	1.0000000000e+00	
6.9583720519e-05	9.9784750806e-01	9.9784594713e-01	0.0000000000e+00	0.0000000000e+00	1.0809249312e+00	1.0000000000e+00	
7.1204533584e-05	9.9784768100e-01	9.9784604652e-01	0.0000000000e+00	0.0000000000e+00	1.0809188645e+00	1.0000000000e+00	
7.2863100235e-05	9.9784786209e-01	9.9784615057e-01	0.0000000000e+00	0.0000000000e+00	1.0809125120e+00	1.0000000000e+00	
7.4560299866e-05	9.9784805172e-01	9.9784625954e-01	0.0000000000e+00	0.0000000000e+00	1.0809058601e+00	1.0000000000e+00	
7.6297032356e-05	9.9784825028e-01	9.9784637364e-01	0.0000000000e+00	0.0000000000e+00	1.0808988948e+00	1.0000000000e+00	
7.8074218541e-05	9.9784845820e-01	9.9784649311e-01	0.0000000000e+00	0.0000000000e+00	1.0808916012e+00	1.0000000000e+00	
7.9892800711e-05	9.9784867592e-01	9.9784661822e-01	0.0000000000e+00	0.0000000000e+00	1.0808839640e+00	1.0000000000e+00	
8.1753743101e-05	9.9784890389e-01	9.9784674922e-01	0.0000000000e+00	0.0000000000e+00	1.0808759669e+00	1.0000000000e+00	
8.3658032408e-05	9.9784914261e-01	9.9784688639e-01	0.0000000000e+00	0.0000000000e+00	1.0808675929e+00	1.0000000000e+00	
8.5606678312e-05	9.9784939258e-01	9.9784703002e-01	0.0000000000e+00	0.0000000000e+00	1.0808588244e+00	1.0000000000e+00	
8.7600714009e-05	9.9784965433e-01	9.9784718042e-01	0.0000000000e+00	0.0000000000e+00	1.0808496427e+00	1.0000000000e+00	
8.9641196764e-05	9.9784992841e-01	9.9784733791e-01	0.0000000000e+00	0.0000000000e+00	1.0808400284e+00	1.0000000000e+00	
9.1729208468e-05	9.9785021540e-01	9.9784750281e-01	0.0000000000e+00	0.0000000000e+00	1.0808299611e+00	1.0000000000e+00	
9.3865856213e-05	9.9785051592e-01	9.9784767549e-01	0.0000000000e+00	0.0000000000e+00	1.0808194194e+00	1.0000000000e+00	
9.6052272877e-05	9.9785083059e-01	9.9784785630e-01	0.0000000000e+00	0.0000000000e+00	1.0808083810e+00	1.0000000000e+00	
9.8289617728e-05	9.9785116010e-01	9.9784804562e-01	0.0000000000e+00	0.0000000000e+00	1.0807968225e+00	1.0000000000e+00	
1.0057907703e-04	9.9785150513e-01	9.9784824387e-01	0.0000000000e+00	0.0000000000e+00	1.0807847194e+00	1.0000000000e+00	
1.0292186470e-04	9.9785186641e-01	9.9784845145e-01	0.0000000000e+00	0.0000000000e+00	1.0807720460e+00	1.0000000000e+00	
1.0531922290e-04	9.9785224472e-01	9.9784866882e-01	0.0000000000e+00	0.0000000000e+00	1.0807587755e+00	1.0000000000e+00	
1.0777242275e-04	9.9785264085e-01	9.9784889642e-01	0.0000000000e+00	0.0000000000e+00	1.0807448798e+00	1.0000000000e+00	
1.1028276496e-04	9.9785305565e-01	9.9784913475e-01	0.0000000000e+00	0.0000000000e+00	1.0807303294e+00	1.0000000000e+00	
1.1285158055e-04	9.9785348999e-01	9.9784938430e-01	0.0000000000e+00	0.0000000000e+00	1.0807150935e+00	1.0000000000e+00	
1.1548023154e-04	9.9785394480e-01	9.9784964560e-01	0.0000000000e+00	0.0000000000e+00	1.0806991397e+00	1.0000000000e+00	
1.1817011169e-04	9.9785442103e-01	9.9784991921e-01	0.0000000000e+00	0.0000000000e+00	1.0806824343e+00	1.0000000000e+00	
1.2092264719e-04	9.9785491970e-01	9.9785020570e-01	0.0000000000e+00	0.0000000000e+00	1.0806649419e+00	1.0000000000e+00	
1.2373929747e-04	9.9785544186e-01	9.9785050570e-01	0.0000000000e+00	0.0000000000e+00	1.0806466254e+00	1.0000000000e+00	
1.2662155597e-04	9.9785598862e-01	9.9785081982e-01	0.0000000000e+00	0.0000000000e+00	1.0806274461e+00	1.0000000000e+00	
1.2957095090e-04	9.9785656114e-01	9.9785114874e-01	0.0000000000e+00	0.0000000000e+00	1.0806073632e+00	1.0000000000e+00	
1.3258904606e-04	9.9785716063e-01	9.9785149314e-01	0.0000000000e+00	0.0000000000e+00	1.0805863342e+00	1.0000000000e+00	
1.3567744169e-04	9.9785778837e-01	9.9785185377e-01	0.0000000000e+00	0.0000000000e+00	1.0805643146e+00	1.0000000000e+00	
1.3883777529e-04	9.9785844567e-01	9.9785223138e-01	0.0000000000e+00	0.0000000000e+00	1.0805412577e+00	1.0000000000e+00	
1.4207172252e-04	9.9785913394e-01	9.9785262676e-01	0.0000000000e+00	0.0000000000e+00	1.0805171148e+00	1.0000000000e+00	
1.4538099805e-04	9.9785985463e-01	9.9785304076e-01	0.0000000000e+00	0.0000000000e+00	1.0804918345e+00	1.0000000000e+00	
1.4876735652e-04	9.9786060927e-01	9.9785347426e-01	0.0000000000e+00	0.0000000000e+00	1.0804653636e+00	1.0000000000e+00	
1.5223259340e-04	9.9786139945e-01	9.9785392817e-01	0.0000000000e+00	0.0000000000e+00	1.0804376457e+00	1.0000000000e+00	
1.5577854603e-04	9.9786222686e-01	9.9785440345e-01	0.0000000000e+00	0.0000000000e+00	1.0804086224e+00	1.0000000000e+00	
1.5940709450e-04	9.9786309324e-01	9.9785490110e-01	0.0000000000e+00	0.0000000000e+00	1.0803782320e+00	1.0000000000e+00	
1.6312016272e-04	9.9786400042e-01	9.9785542218e-01	0.0000000000e+00	0.0000000000e+00	1.0803464103e+00	1.0000000000e+00	
1.6691971941e-04	9.9786495033e-01	9.9785596779e-01	0.0000000000e+00	0.0000000000e+00	1.0803130900e+00	1.0000000000e+00	
1.7080777914e-04	9.9786594498e-01	9.9785653909e-01	0.0000000000e+00	0.0000000000e+00	1.0802782004e+00	1.0000000000e+00	
1.7478640343e-04	9.9786698648e-01	9.9785713727e-01	0.0000000000e+00	0.0000000000e+00	1.0802416677e+00	1.0000000000e+00	
1.7885770177e-04	9.9786807702e-01	9.9785776361e-01	0.0000000000e+00	0.0000000000e+00	1.0802034146e+00	1.0000000000e+00	
1.8302383284e-04	9.9786921892e-01	9.9785841942e-01	0.0000000000e+00	0.0000000000e+00	1.0801633602e+00	1.0000000000e+00	
1.8728700556e-04	9.9787041460e-01	9.9785910610e-01	0.0000000000e+00	0.0000000000e+00	1.0801214197e+00	1.0000000000e+00	
1.9164948034e-04	9.9787166658e-01	9.9785982509e-01	0.0000000000e+00	0.0000000000e+00	1.0800775043e+00	1.0000000000e+00	
1.9611357020e-04	9.9787297751e-01	9.9786057791e-01	0.0000000000e+00	0.0000000000e+00	1.0800315213e+00	1.0000000000e+00	
2.0068164208e-04	9.9787435017e-01	9.9786136615e-01	0.0000000000e+00	0.0000000000e+00	1.0799833732e+00	1.0000000000e+00	
2.0535611802e-04	9.9787578746e-01	9.9786219147e-01	0.0000000000e+00	0.0000000000e+00	1.0799329583e+00	1.0000000000e+00	
2.1013947649e-04	9.9787729242e-01	9.9786305563e-01	0.0000000000e+00	0.0000000000e+00	1.0798801699e+00	1.0000000000e+00	
2.1503425370e-04	9.9787886823e-01	9.9786396042e-01	0.0000000000e+00	0.0000000000e+00	1.0798248965e+00	1.0000000000e+00	
2.2004304491e-04	9.9788051823e-01	9.9786490777e-01	0.0000000000e+00	0.0000000000e+00	1.0797670212e+00	1.0000000000e+00	
2.2516850586e-04	9.9788224590e-01	9.9786589968e-01	0.0000000000e+00	0.0000000000e+00	1.0797064217e+00	1.0000000000e+00	
2.3041335412e-04	9.9788405489e-01	9.9786693823e-01	0.0000000000e+00	0.0000000000e+00	1.0796429699e+00	1.0000000000e+00	
2.3578037060e-04	9.9788594904e-01	9.9786802561e-01	0.0000000000e+00	0.0000000000e+00	1.0795765318e+00	1.0000000000e+00	
2.4127240096e-04	9.9788793234e-01	9.9786916410e-01	0.0000000000e+00	0.0000000000e+00	1.0795069669e+00	1.0000000000e+00	
2.4689235713e-04	9.9789000898e-01	9.9787035612e-01	0.0000000000e+00	0.0000000000e+00	1.0794341284e+00	1.0000000000e+00	
2.5264321890e-04	9.9789218335e-01	9.9787160417e-01	0.0000000000e+00	0.0000000000e+00	1.0793578624e+00	1.0000000000e+00	
2.5852803545e-04	9.9789446004e-01	9.9787291088e-01	0.0000000000e+00	0.0000000000e+00	1.0792780080e+00	1.0000000000e+00	
2.6454992698e-04	9.9789684386e-01	9.9787427899e-01	0.0000000000e+00	0.0000000000e+00	1.0791943965e+00	1.0000000000e+00	
2.7071208639e-04	9.9789933984e-01	9.9787571138e-01	0.0000000000e+00	0.0000000000e+00	1.0791068516e+00	1.0000000000e+00	
2.7701778092e-04	9.9790195325e-01	9.9787721106e-01	0.0000000000e+00	0.0000000000e+00	1.0790151884e+00	1.0000000000e+00	
2.8347035396e-04	9.9790468961e-01	9.9787878118e-01	0.0000000000e+00	0.0000000000e+00	1.0789192138e+00	1.0000000000e+00	
2.9007322672e-04	9.9790755468e-01	9.9788042504e-01	0.0000000000e+00	0.0000000000e+00	1.0788187252e+00	1.0000000000e+00	
2.9682990015e-04	9.9791055451e-01	9.9788214608e-01	0.0000000000e+00	0.0000000000e+00	1.0787135109e+00	1.0000000000e+00	
3.0374395673e-04	9.9791369543e-01	9.9788394793e-01	0.0000000000e+00	0.0000000000e+00	1.0786033491e+00	1.0000000000e+00	
3.1081906237e-04	9.9791698406e-01	9.9788583434e-01	0.0000000000e+00	0.0000000000e+00	1.0784880077e+00	1.0000000000e+00	
3.1805896839e-04	9.9792042732e-01	9.9788780929e-01	0.0000000000e+00	0.0000000000e+00	1.0783672438e+00	1.0000000000e+00	
3.2546751348e-04	9.9792403247e-01	9.9788987691e-01	0.0000000000e+00	0.0000000000e+00	1.0782408030e+00	1.0000000000e+00	
3.3304862576e-04	9.9792780711e-01	9.9789204151e-01	0.0000000000e+00	0.0000000000e+00	1.0781084194e+00	1.0000000000e+00	
3.4080632483e-04	9.9793175917e-01	9.9789430764e-01	0.0000000000e+00	0.0000000000e+00	1.0779698143e+00	1.0000000000e+00	
3.4874472392e-04	9.9793589699e-01	9.9789668002e-01	0.0000000000e+00	0.0000000000e+00	1.0778246962e+00	1.0000000000e+00	
3.5686803209e-04	9.9794022926e-01	9.9789916362e-01	0.0000000000e+00	0.0000000000e+00	1.0776727601e+00	1.0000000000e+00	
3.6518055640e-04	9.9794476509e-01	9.9790176361e-01	0.0000000000e+00	0.0000000000e+00	1.0775136866e+00	1.0000000000e+00	
3.7368670428e-04	9.9794951401e-01	9.9790448542e-01	0.0000000000e+00	0.0000000000e+00	1.0773471416e+00	1.0000000000e+00	
3.8239098580e-04	9.9795448602e-01	9.9790733472e-01	0.0000000000e+00	0.0000000000e+00	1.0771727755e+00	1.0000000000e+00	
3.9129801608e-04	9.9795969154e-01	9.9791031745e-01	0.0000000000e+00	0.0000000000e+00	1.0769902223e+00	1.0000000000e+00	
4.0041251775e-04	9.9796514151e-01	9.9791343980e-01	0.0000000000e+00	0.0000000000e+00	1.0767990992e+00	1.0000000000e+00	
4.0973932344e-04	9.9797084737e-01	9.9791670828e-01	0.0000000000e+00	0.0000000000e+00	1.0765990053e+00	1.0000000000e+00	
4.1928337834e-04	9.9797682107e-01	9.9792012967e-01	0.0000000000e+00	0.0000000000e+00	1.0763895217e+00	1.0000000000e+00	
4.2904974283e-04	9.9798307515e-01	9.9792371104e-01	0.0000000000e+00	0.0000000000e+00	1.0761702095e+00	1.0000000000e+00	
4.3904359518e-04	9.9798962269e-01	9.9792745984e-01	0.0000000000e+00	0.0000000000e+00	1.0759406098e+00	1.0000000000e+00	
4.4927023425e-04	9.9799647742e-01	9.9793138384e-01	0.0000000000e+00	0.0000000000e+00	1.0757002424e+00	1.0000000000e+00	
4.5973508235e-04	9.9800365367e-01	9.9793549114e-01	0.0000000000e+00	0.0000000000e+00	1.0754486051e+00	1.0000000000e+00	
4.7044368807e-04	9.9801116644e-01	9.9793979021e-01	0.0000000000e+00	0.0000000000e+00	1.0751851722e+00	1.0000000000e+00	
4.8140172927e-04	9.9801903145e-01	9.9794428994e-01	0.0000000000e+00	0.0000000000e+00	1.0749093939e+00	1.0000000000e+00	
4.9261501603e-04	9.9802726511e-01	9.9794899953e-01	0.0000000000e+00	0.0000000000e+00	1.0746206953e+00	1.0000000000e+00	
5.0408949380e-04	9.9803588459e-01	9.9795392874e-01	0.0000000000e+00	0.0000000000e+00	1.0743184747e+00	1.0000000000e+00	
5.1583124649e-04	9.9804490788e-01	9.9795908768e-01	0.0000000000e+00	0.0000000000e+00	1.0740021029e+00	1.0000000000e+00	
5.2784649973e-04	9.9805435376e-01	9.9796448691e-01	0.0000000000e+00	0.0000000000e+00	1.0736709220e+00	1.0000000000e+00	
5.4014162417e-04	9.9806424190e-01	9.9797013750e-01	0.0000000000e+00	0.0000000000e+00	1.0733242436e+00	1.0000000000e+00	
5.5272313885e-04	9.9807459286e-01	9.9797605097e-01	0.0000000000e+00	0.0000000000e+00	1.0729613480e+00	1.0000000000e+00	
5.6559771466e-04	9.9808542815e-01	9.9798223940e-01	0.0000000000e+00	0.0000000000e+00	1.0725814827e+00	1.0000000000e+00	
5.7877217786e-04	9.9809677025e-01	9.9798871538e-01	0.0000000000e+00	0.0000000000e+00	1.0721838606e+00	1.0000000000e+00	
5.9225351373e-04	9.9810864269e-01	9.9799549208e-01	0.0000000000e+00	0.0000000000e+00	1.0717676589e+00	1.0000000000e+00	
6.0604887026e-04	9.9812107005e-01	9.9800258322e-01	0.0000000000e+00	0.0000000000e+00	1.0713320174e+00	1.0000000000e+00	
6.2016556191e-04	9.9813407804e-01	9.9801000317e-01	0.0000000000e+00	0.0000000000e+00	1.0708760367e+00	1.0000000000e+00	
6.3461107356e-04	9.9814769354e-01	9.9801776688e-01	0.0000000000e+00	0.0000000000e+00	1.0703987767e+00	1.0000000000e+00	
6.4939306440e-04	9.9816194464e-01	9.9802589001e-01	0.0000000000e+00	0.0000000000e+00	1.0698992547e+00	1.0000000000e+00	
6.6451937204e-04	9.9817686073e-01	9.9803438885e-01	0.0000000000e+00	0.0000000000e+00	1.0693764438e+00	1.0000000000e+00	
6.7999801664e-04	9.9819247250e-01	9.9804328047e-01	0.0000000000e+00	0.0000000000e+00	1.0688292706e+00	1.0000000000e+00	
6.9583720519e-04	9.9820881203e-01	9.9805258258e-01	0.0000000000e+00	0.0000000000e+00	1.0682566137e+00	1.0000000000e+00	
7.1204533584e-04	9.9822591287e-01	9.9806231370e-01	0.0000000000e+00	0.0000000000e+00	1.0676573011e+00	1.0000000000e+00	
7.2863100235e-04	9.9824381004e-01	9.9807249321e-01	0.0000000000e+00	0.0000000000e+00	1.0670301087e+00	1.0000000000e+00	
7.4560299866e-04	9.9826254016e-01	9.9808314119e-01	0.0000000000e+00	0.0000000000e+00	1.0663737574e+00	1.0000000000e+00	
7.6297032356e-04	9.9828214146e-01	9.9809427873e-01	0.0000000000e+00	0.0000000000e+00	1.0656869113e+00	1.0000000000e+00	
7.8074218541e-04	9.9830265391e-01	9.9810592760e-01	0.0000000000e+00	0.0000000000e+00	1.0649681755e+00	1.0000000000e+00	
7.9892800711e-04	9.9832411923e-01	9.9811811066e-01	0.0000000000e+00	0.0000000000e+00	1.0642160931e+00	1.0000000000e+00	
8.1753743101e-04	9.9834658100e-01	9.9813085170e-01	0.0000000000e+00	0.0000000000e+00	1.0634291428e+00	1.0000000000e+00	
8.3658032408e-04	9.9837008472e-01	9.9814417543e-01	0.0000000000e+00	0.0000000000e+00	1.0626057368e+00	1.0000000000e+00	
8.5606678312e-04	9.9839467791e-01	9.9815810762e-01	0.0000000000e+00	0.0000000000e+00	1.0617442175e+00	1.0000000000e+00	
8.7600714009e-04	9.9842041017e-01	9.9817267507e-01	0.0000000000e+00	0.0000000000e+00	1.0608428550e+00	1.0000000000e+00	
8.9641196764e-04	9.9844733326e-01	9.9818790568e-01	0.0000000000e+00	0.0000000000e+00	1.0598998443e+00	1.0000000000e+00	
9.1729208468e-04	9.9847550121e-01	9.9820382846e-01	0.0000000000e+00	0.0000000000e+00	1.0589133021e+00	1.0000000000e+00	
9.3865856213e-04	9.9850497039e-01	9.9822047359e-01	0.0000000000e+00	0.0000000000e+00	1.0578812641e+00	1.0000000000e+00	
9.6052272877e-04	9.9853579963e-01	9.9823787242e-01	0.0000000000e+00	0.0000000000e+00	1.0568016816e+00	1.0000000000e+00	
9.8289617728e-04	9.9856805025e-01	9.9825605753e-01	0.0000000000e+00	0.0000000000e+00	1.0556724187e+00	1.0000000000e+00	
1.0057907703e-03	9.9860178624e-01	9.9827506275e-01	0.0000000000e+00	0.0000000000e+00	1.0544912483e+00	1.0000000000e+00	
1.0292186470e-03	9.9863707429e-01	9.9829492322e-01	0.0000000000e+00	0.0000000000e+00	1.0532558498e+00	1.0000000000e+00	
1.0531922290e-03	9.9867398393e-01	9.9831567539e-01	0.0000000000e+00	0.0000000000e+00	1.0519638047e+00	1.0000000000e+00	
1.0777242275e-03	9.9871258764e-01	9.9833735705e-01	0.0000000000e+00	0.0000000000e+00	1.0506125938e+00	1.0000000000e+00	
1.1028276496e-03	9.9875296090e-01	9.9836000736e-01	0.0000000000e+00	0.0000000000e+00	1.0491995935e+00	1.0000000000e+00	
1.1285158055e-03	9.9879518238e-01	9.9838366691e-01	0.0000000000e+00	0.0000000000e+00	1.0477220719e+00	1.0000000000e+00	
1.1548023154e-03	9.9883933401e-01	9.9840837753e-01	0.0000000000e+00	0.0000000000e+00	1.0461771858e+00	1.0000000000e+00	
1.1817011169e-03	9.9888550103e-01	9.9843418297e-01	0.0000000000e+00	0.0000000000e+00	1.0445619763e+00	1.0000000000e+00	
1.2092264719e-03	9.9893377219e-01	9.9846112813e-01	0.0000000000e+00	0.0000000000e+00	1.0428733657e+00	1.0000000000e+00	
1.2373929747e-03	9.9898423987e-01	9.9848925940e-01	0.0000000000e+00	0.0000000000e+00	1.0411081535e+00	1.0000000000e+00	
1.2662155597e-03	9.9903700012e-01	9.9851862470e-01	0.0000000000e+00	0.0000000000e+00	1.0392630129e+00	1.0000000000e+00	
1.2957095090e-03	9.9909215283e-01	9.9854927347e-01	0.0000000000e+00	0.0000000000e+00	1.0373344870e+00	1.0000000000e+00	
1.3258904606e-03	9.9914980184e-01	9.9858125667e-01	0.0000000000e+00	0.0000000000e+00	1.0353189850e+00	1.0000000000e+00	
1.3567744169e-03	9.9921005501e-01	9.9861462676e-01	0.0000000000e+00	0.0000000000e+00	1.0332127789e+00	1.0000000000e+00	
1.3883777529e-03	9.9927302541e-01	9.9864916742e-01	0.0000000000e+00	0.0000000000e+00	1.0310135648e+00	1.0000000000e+00	
1.4207172252e-03	9.9933882713e-01	9.9868520462e-01	0.0000000000e+00	0.0000000000e+00	1.0287158017e+00	1.0000000000e+00	
1.4538099805e-03	9.9940758105e-01	9.9872279631e-01	0.0000000000e+00	0.0000000000e+00	1.0263153175e+00	1.0000000000e+00	
1.4876735652e-03	9.9947941242e-01	9.9876200027e-01	0.0000000000e+00	0.0000000000e+00	1.0238078022e+00	1.0000000000e+00	
1.5223259340e-03	9.9955445108e-01	9.9880287574e-01	0.0000000000e+00	0.0000000000e+00	1.0211887922e+00	1.0000000000e+00	
1.5577854603e-03	9.9963283167e-01	9.9884548248e-01	0.0000000000e+00	0.0000000000e+00	1.0184536682e+00	1.0000000000e+00	
1.5940709450e-03	9.9971469352e-01	9.9888988206e-01	0.0000000000e+00	0.0000000000e+00	1.0155976522e+00	1.0000000000e+00	
1.6312016272e-03	9.9980018085e-01	9.9893613707e-01	0.0000000000e+00	0.0000000000e+00	1.0126158051e+00	1.0000000000e+00	
1.6691971941e-03	9.9988944278e-01	9.9898431120e-01	0.0000000000e+00	0.0000000000e+00	1.0095030257e+00	1.0000000000e+00	
1.7080777914e-03	9.9998263343e-01	9.9903446906e-01	0.0000000000e+00	0.0000000000e+00	1.0062540489e+00	1.0000000000e+00	
1.7478640343e-03	1.0000799121e+00	9.9908667515e-01	0.0000000000e+00	0.0000000000e+00	1.0028634457e+00	1.0000000000e+00	
1.7885770177e-03	1.0001814430e+00	9.9914099618e-01	0.0000000000e+00	0.0000000000e+00	9.9932562140e-01	1.0000000000e+00	
1.8302383284e-03	1.0002873958e+00	9.9919749693e-01	0.0000000000e+00	0.0000000000e+00	9.9563481812e-01	1.0000000000e+00	
1.8728700556e-03	1.0003979447e+00	9.9925624460e-01	0.0000000000e+00	0.0000000000e+00	9.9178511337e-01	1.0000000000e+00	
1.9164948034e-03	1.0005132697e+00	9.9931730477e-01	0.0000000000e+00	0.0000000000e+00	9.8777042408e-01	1.0000000000e+00	
1.9611357020e-03	1.0006335554e+00	9.9938074292e-01	0.0000000000e+00	0.0000000000e+00	9.8358450843e-01	1.0000000000e+00	
2.0068164208e-03	1.0007589917e+00	9.9944662407e-01	0.0000000000e+00	0.0000000000e+00	9.7922096949e-01	1.0000000000e+00	
2.0535611802e-03	1.0008897734e+00	9.9951501145e-01	0.0000000000e+00	0.0000000000e+00	9.7467326096e-01	1.0000000000e+00	
2.1013947649e-03	1.0010261001e+00	9.9958596690e-01	0.0000000000e+00	0.0000000000e+00	9.6993469253e-01	1.0000000000e+00	
2.1503425370e-03	1.0011681760e+00	9.9965955048e-01	0.0000000000e+00	0.0000000000e+00	9.6499843767e-01	1.0000000000e+00	
2.2004304491e-03	1.0013162100e+00	9.9973581959e-01	0.0000000000e+00	0.0000000000e+00	9.5985754244e-01	1.0000000000e+00	
2.2516850586e-03	1.0014704152e+00	9.9981482744e-01	0.0000000000e+00	0.0000000000e+00	9.5450493702e-01	1.0000000000e+00	
2.3041335412e-03	1.0016310086e+00	9.9989662515e-01	0.0000000000e+00	0.0000000000e+00	9.4893344652e-01	1.0000000000e+00	
2.3578037060e-03	1.0017982111e+00	9.9998125777e-01	0.0000000000e+00	0.0000000000e+00	9.4313580707e-01	1.0000000000e+00	
2.4127240096e-03	1.0019722467e+00	1.0000687652e+00	0.0000000000e+00	0.0000000000e+00	9.3710468170e-01	1.0000000000e+00	
2.4689235713e-03	1.0021533423e+00	1.0001591821e+00	0.0000000000e+00	0.0000000000e+00	9.3083267852e-01	1.0000000000e+00	
2.5264321890e-03	1.0023417276e+00	1.0002525329e+00	0.0000000000e+00	0.0000000000e+00	9.2431237480e-01	1.0000000000e+00	
2.5852803544e-03	1.0025376333e+00	1.0003488386e+00	0.0000000000e+00	0.0000000000e+00	9.1753633643e-01	1.0000000000e+00	
2.6454992698e-03	1.0027412922e+00	1.0004481057e+00	0.0000000000e+00	0.0000000000e+00	9.1049715072e-01	1.0000000000e+00	
2.7071208639e-03	1.0029529368e+00	1.0005503340e+00	0.0000000000e+00	0.0000000000e+00	9.0318745180e-01	1.0000000000e+00	
2.7701778092e-03	1.0031727996e+00	1.0006555087e+00	0.0000000000e+00	0.0000000000e+00	8.9559995791e-01	1.0000000000e+00	
2.8347035396e-03	1.0034011122e+00	1.0007636007e+00	0.0000000000e+00	0.0000000000e+00	8.8772750756e-01	1.0000000000e+00	
2.9007322672e-03	1.0036381030e+00	1.0008745692e+00	0.0000000000e+00	0.0000000000e+00	8.7956309893e-01	1.0000000000e+00	
2.9682990015e-03	1.0038839981e+00	1.0009883528e+00	0.0000000000e+00	0.0000000000e+00	8.7109993871e-01	1.0000000000e+00	
3.0374395673e-03	1.0041390185e+00	1.0011048718e+00	0.0000000000e+00	0.0000000000e+00	8.6233148971e-01	1.0000000000e+00	
3.1081906237e-03	1.0044033794e+00	1.0012240260e+00	0.0000000000e+00	0.0000000000e+00	8.5325152523e-01	1.0000000000e+00	
3.1805896839e-03	1.0046772887e+00	1.0013456927e+00	0.0000000000e+00	0.0000000000e+00	8.4385418807e-01	1.0000000000e+00	
3.2546751348e-03	1.0049609453e+00	1.0014697224e+00	0.0000000000e+00	0.0000000000e+00	8.3413405541e-01	1.0000000000e+00	
3.3304862576e-03	1.0052545378e+00	1.0015959357e+00	0.0000000000e+00	0.0000000000e+00	8.2408620833e-01	1.0000000000e+00	
3.4080632483e-03	1.0055582420e+00	1.0017241263e+00	0.0000000000e+00	0.0000000000e+00	8.1370630378e-01	1.0000000000e+00	
3.4874472392e-03	1.0058722194e+00	1.0018540502e+00	0.0000000000e+00	0.0000000000e+00	8.0299065781e-01	1.0000000000e+00	
3.5686803209e-03	1.0061966155e+00	1.0019854260e+00	0.0000000000e+00	0.0000000000e+00	7.9193632971e-01	1.0000000000e+00	
3.6518055640e-03	1.0065315559e+00	1.0021179360e+00	0.0000000000e+00	0.0000000000e+00	7.8054121084e-01	1.0000000000e+00	
3.7368670429e-03	1.0068771460e+00	1.0022512148e+00	0.0000000000e+00	0.0000000000e+00	7.6880412418e-01	1.0000000000e+00	
3.8239098580e-03	1.0072334675e+00	1.0023848487e+00	0.0000000000e+00	0.0000000000e+00	7.5672492468e-01	1.0000000000e+00	
3.9129801608e-03	1.0076005750e+00	1.0025183767e+00	0.0000000000e+00	0.0000000000e+00	7.4430460343e-01	1.0000000000e+00	
4.0041251775e-03	1.0079784952e+00	1.0026512763e+00	0.0000000000e+00	0.0000000000e+00	7.3154540326e-01	1.0000000000e+00	
4.0973932344e-03	1.0083672217e+00	1.0027829714e+00	0.0000000000e+00	0.0000000000e+00	7.1845092843e-01	1.0000000000e+00	
4.1928337834e-03	1.0087667139e+00	1.0029128188e+00	0.0000000000e+00	0.0000000000e+00	7.0502626730e-01	1.0000000000e+00	
4.2904974283e-03	1.0091768938e+00	1.0030401036e+00	0.0000000000e+00	0.0000000000e+00	6.9127811323e-01	1.0000000000e+00	
4.3904359518e-03	1.0095976414e+00	1.0031640445e+00	0.0000000000e+00	0.0000000000e+00	6.7721488326e-01	1.0000000000e+00	
4.4927023425e-03	1.0100287938e+00	1.0032837772e+00	0.0000000000e+00	0.0000000000e+00	6.6284684554e-01	1.0000000000e+00	
4.5973508235e-03	1.0104701406e+00	1.0033983582e+00	0.0000000000e+00	0.0000000000e+00	6.4818623782e-01	1.0000000000e+00	
4.7044368807e-03	1.0109214226e+00	1.0035067527e+00	0.0000000000e+00	0.0000000000e+00	6.3324738842e-01	1.0000000000e+00	
4.8140172927e-03	1.0113823273e+00	1.0036078385e+00	0.0000000000e+00	0.0000000000e+00	6.1804682611e-01	1.0000000000e+00	
4.9261501603e-03	1.0118524875e+00	1.0037003965e+00	0.0000000000e+00	0.0000000000e+00	6.0260338809e-01	1.0000000000e+00	
5.0408949380e-03	1.0123314788e+00	1.0037831076e+00	0.0000000000e+00	0.0000000000e+00	5.8693831417e-01	1.0000000000e+00	
5.1583124649e-03	1.0128188186e+00	1.0038545440e+00	0.0000000000e+00	0.0000000000e+00	5.7107532990e-01	1.0000000000e+00	
5.2784649973e-03	1.0133139628e+00	1.0039131759e+00	0.0000000000e+00	0.0000000000e+00	5.5504070995e-01	1.0000000000e+00	
5.4014162417e-03	1.0138163161e+00	1.0039573048e+00	0.0000000000e+00	0.0000000000e+00	5.3886335113e-01	1.0000000000e+00	
5.5272313885e-03	1.0143252033e+00	1.0039852291e+00	0.0000000000e+00	0.0000000000e+00	5.2257469655e-01	1.0000000000e+00	
5.6559771466e-03	1.0148398959e+00	1.0039950880e+00	0.0000000000e+00	0.0000000000e+00	5.0620882232e-01	1.0000000000e+00	
5.7877217786e-03	1.0153596094e+00	1.0039848878e+00	0.0000000000e+00	0.0000000000e+00	4.8980236362e-01	1.0000000000e+00	
5.9225351373e-03	1.0158835004e+00	1.0039525328e+00	0.0000000000e+00	0.0000000000e+00	4.7339442288e-01	1.0000000000e+00	
6.0604887026e-03	1.0164106736e+00	1.0038958090e+00	0.0000000000e+00	0.0000000000e+00	4.5702644415e-01	1.0000000000e+00	
6.2016556191e-03	1.0169401863e+00	1.0038123915e+00	0.0000000000e+00	0.0000000000e+00	4.4074203201e-01	1.0000000000e+00	
6.3461107356e-03	1.0174710561e+00	1.0036998416e+00	0.0000000000e+00	0.0000000000e+00	4.2458671829e-01	1.0000000000e+00	
6.4939306440e-03	1.0180022658e+00	1.0035556319e+00	0.0000000000e+00	0.0000000000e+00	4.0860766306e-01	1.0000000000e+00	
6.6451937204e-03	1.0185327789e+00	1.0033771225e+00	0.0000000000e+00	0.0000000000e+00	3.9285330104e-01	1.0000000000e+00	
6.7999801664e-03	1.0190615450e+00	1.0031616063e+00	0.0000000000e+00	0.0000000000e+00	3.7737290703e-01	1.0000000000e+00	
6.9583720519e-03	1.0195875195e+00	1.0029062857e+00	0.0000000000e+00	0.0000000000e+00	3.6221610307e-01	1.0000000000e+00	
7.1204533584e-03	1.0201096759e+00	1.0026083057e+00	0.0000000000e+00	0.0000000000e+00	3.4743228337e-01	1.0000000000e+00	
7.2863100235e-03	1.0206270222e+00	1.0022647713e+00	0.0000000000e+00	0.0000000000e+00	3.3306997208e-01	1.0000000000e+00	
7.4560299866e-03	1.0211386272e+00	1.0018727318e+00	0.0000000000e+00	0.0000000000e+00	3.1917611384e-01	1.0000000000e+00	
7.6297032356e-03	1.0216436318e+00	1.0014292471e+00	0.0000000000e+00	0.0000000000e+00	3.0579529187e-01	1.0000000000e+00	
7.8074218541e-03	1.0221412809e+00	1.0009313599e+00	0.0000000000e+00	0.0000000000e+00	2.9296890017e-01	1.0000000000e+00	
7.9892800711e-03	1.0226309401e+00	1.0003761553e+00	0.0000000000e+00	0.0000000000e+00	2.8073426182e-01	1.0000000000e+00	
8.1753743102e-03	1.0231121280e+00	9.9976073925e-01	0.0000000000e+00	0.0000000000e+00	2.6912372585e-01	1.0000000000e+00	
8.3658032408e-03	1.0235845322e+00	9.9908230865e-01	0.0000000000e+00	0.0000000000e+00	2.5816374591e-01	1.0000000000e+00	
8.5606678312e-03	1.0240480439e+00	9.9833812006e-01	0.0000000000e+00	0.0000000000e+00	2.4787398074e-01	1.0000000000e+00	
8.7600714009e-03	1.0245027724e+00	9.9752555566e-01	0.0000000000e+00	0.0000000000e+00	2.3826642951e-01	1.0000000000e+00	
8.9641196764e-03	1.0249490740e+00	9.9664210227e-01	0.0000000000e+00	0.0000000000e+00	2.2934464667e-01	1.0000000000e+00	
9.1729208468e-03	1.0253875672e+00	9.9568538575e-01	0.0000000000e+00	0.0000000000e+00	2.2110306386e-01	1.0000000000e+00	
9.3865856213e-03	1.0258191489e+00	9.9465317215e-01	0.0000000000e+00	0.0000000000e+00	2.1352646380e-01	1.0000000000e+00	
9.6052272877e-03	1.0262450025e+00	9.9354337921e-01	0.0000000000e+00	0.0000000000e+00	2.0658964564e-01	1.0000000000e+00	
9.8289617728e-03	1.0266666045e+00	9.9235406088e-01	0.0000000000e+00	0.0000000000e+00	2.0025732525e-01	1.0000000000e+00	
1.0057907703e-02	1.0270857170e+00	9.9108341632e-01	0.0000000000e+00	0.0000000000e+00	1.9448431263e-01	1.0000000000e+00	
1.0292186470e-02	1.0275043790e+00	9.8972975227e-01	0.0000000000e+00	0.0000000000e+00	1.8921600493e-01	1.0000000000e+00	
1.0531922290e-02	1.0279248831e+00	9.8829146627e-01	0.0000000000e+00	0.0000000000e+00	1.8438922887e-01	1.0000000000e+00	
1.0777242275e-02	1.0283497430e+00	9.8676701513e-01	0.0000000000e+00	0.0000000000e+00	1.7993345780e-01	1.0000000000e+00	
1.1028276496e-02	1.0287816545e+00	9.8515485253e-01	0.0000000000e+00	0.0000000000e+00	1.7577241440e-01	1.0000000000e+00	
1.1285158055e-02	1.0292234412e+00	9.8345338202e-01	0.0000000000e+00	0.0000000000e+00	1.7182605780e-01	1.0000000000e+00	
1.1548023154e-02	1.0296779923e+00	9.8166089780e-01	0.0000000000e+00	0.0000000000e+00	1.6801292998e-01	1.0000000000e+00	
1.1817011169e-02	1.0301481932e+00	9.7977550240e-01	0.0000000000e+00	0.0000000000e+00	1.6425281650e-01	1.0000000000e+00	
1.2092264719e-02	1.0306368491e+00	9.7779502764e-01	0.0000000000e+00	0.0000000000e+00	1.6046964626e-01	1.0000000000e+00	
1.2373929747e-02	1.0311465995e+00	9.7571697802e-01	0.0000000000e+00	0.0000000000e+00	1.5659452870e-01	1.0000000000e+00	
1.2662155597e-02	1.0316798425e+00	9.7353842224e-01	0.0000000000e+00	0.0000000000e+00	1.5256879790e-01	1.0000000000e+00	
1.2957095090e-02	1.0322386562e+00	9.7125592597e-01	0.0000000000e+00	0.0000000000e+00	1.4834690174e-01	1.0000000000e+00	
1.3258904606e-02	1.0328247255e+00	9.6886551041e-01	0.0000000000e+00	0.0000000000e+00	1.4389895723e-01	1.0000000000e+00	
1.3567744169e-02	1.0334392904e+00	9.6636258983e-01	0.0000000000e+00	0.0000000000e+00	1.3921276897e-01	1.0000000000e+00	
1.3883777529e-02	1.0340831079e+00	9.6374195757e-01	0.0000000000e+00	0.0000000000e+00	1.3429510657e-01	1.0000000000e+00	
1.4207172252e-02	1.0347564425e+00	9.6099778118e-01	0.0000000000e+00	0.0000000000e+00	1.2917204591e-01	1.0000000000e+00	
1.4538099805e-02	1.0354590837e+00	9.5812363743e-01	0.0000000000e+00	0.0000000000e+00	1.2388820280e-01	1.0000000000e+00	
1.4876735652e-02	1.0361903954e+00	9.5511258430e-01	0.0000000000e+00	0.0000000000e+00	1.1850473621e-01	1.0000000000e+00	
1.5223259340e-02	1.0369494017e+00	9.5195725912e-01	0.0000000000e+00	0.0000000000e+00	1.1309606783e-01	1.0000000000e+00	
1.5577854603e-02	1.0377349037e+00	9.4865001331e-01	0.0000000000e+00	0.0000000000e+00	1.0774536109e-01	1.0000000000e+00	
1.5940709450e-02	1.0385456252e+00	9.4518308378e-01	0.0000000000e+00	0.0000000000e+00	1.0253891446e-01	1.0000000000e+00	
1.6312016272e-02	1.0393803813e+00	9.4154877104e-01	0.0000000000e+00	0.0000000000e+00	9.7559755326e-02	1.0000000000e+00	
1.6691971942e-02	1.0402382554e+00	9.3773963852e-01	0.0000000000e+00	0.0000000000e+00	9.2880855071e-02	1.0000000000e+00	
1.7080777916e-02	1.0411187717e+00	9.3374870882e-01	0.0000000000e+00	0.0000000000e+00	8.8558510146e-02	1.0000000000e+00	
1.7478640346e-02	1.0420220463e+00	9.2956963426e-01	0.0000000000e+00	0.0000000000e+00	8.4626533780e-02	1.0000000000e+00	
1.7885770184e-02	1.0429488979e+00	9.2519683627e-01	0.0000000000e+00	0.0000000000e+00	8.1091947059e-02	1.0000000000e+00	
1.8302383297e-02	1.0439008974e+00	9.2062559849e-01	0.0000000000e+00	0.0000000000e+00	7.7932838764e-02	1.0000000000e+00	
1.8728700584e-02	1.0448803453e+00	9.1585208969e-01	0.0000000000e+00	0.0000000000e+00	7.5098950354e-02	1.0000000000e+00	
1.9164948088e-02	1.0458901639e+00	9.1087332320e-01	0.0000000000e+00	0.0000000000e+00	7.2515332530e-02	1.0000000000e+00	
1.9611357127e-02	1.0469337017e+00	9.0568706122e-01	0.0000000000e+00	0.0000000000e+00	7.0089114577e-02	1.0000000000e+00	
2.0068164412e-02	1.0480144629e+00	9.0029164871e-01	0.0000000000e+00	0.0000000000e+00	6.7719041357e-02	1.0000000000e+00	
2.0535612186e-02	1.0491357786e+00	8.9468582856e-01	0.0000000000e+00	0.0000000000e+00	6.5307000119e-02	1.0000000000e+00	
2.1013948359e-02	1.0503004528e+00	8.8886855460e-01	0.0000000000e+00	0.0000000000e+00	6.2770327815e-02	1.0000000000e+00	
2.1503426663e-02	1.0515104261e+00	8.8283884650e-01	0.0000000000e+00	0.0000000000e+00	6.0053325664e-02	1.0000000000e+00	
2.2004306806e-02	1.0527665051e+00	8.7659572974e-01	0.0000000000e+00	0.0000000000e+00	5.7136195664e-02	1.0000000000e+00	
2.2516854664e-02	1.0540682049e+00	8.7013830056e-01	0.0000000000e+00	0.0000000000e+00	5.4039643353e-02	1.0000000000e+00	
2.3041342484e-02	1.0554137441e+00	8.6346594421e-01	0.0000000000e+00	0.0000000000e+00	5.0823740293e-02	1.0000000000e+00	
2.3578049132e-02	1.0568002138e+00	8.5657871293e-01	0.0000000000e+00	0.0000000000e+00	4.7580341341e-02	1.0000000000e+00	
2.4127260392e-02	1.0582239089e+00	8.4947787081e-01	0.0000000000e+00	0.0000000000e+00	4.4419378884e-02	1.0000000000e+00	
2.4689269333e-02	1.0596807864e+00	8.4216652531e-01	0.0000000000e+00	0.0000000000e+00	4.1450589286e-02	1.0000000000e+00	
2.5264376774e-02	1.0611669697e+00	8.3465031970e-01	0.0000000000e+00	0.0000000000e+00	3.8763462709e-02	1.0000000000e+00	
2.5852891877e-02	1.0626792002e+00	8.2693807235e-01	0.0000000000e+00	0.0000000000e+00	3.6409154774e-02	1.0000000000e+00	
2.6455132899e-02	1.0642151230e+00	8.1904228265e-01	0.0000000000e+00	0.0000000000e+00	3.4388436800e-02	1.0000000000e+00	
2.7071428162e-02	1.0657733079e+00	8.1097944243e-01	0.0000000000e+00	0.0000000000e+00	3.2649201698e-02	1.0000000000e+00	
2.7702117286e-02	1.0673529527e+00	8.0277010334e-01	0.0000000000e+00	0.0000000000e+00	3.1095457927e-02	1.0000000000e+00	
2.8347552751e-02	1.0689532787e+00	7.9443874405e-01	0.0000000000e+00	0.0000000000e+00	2.9607271575e-02	1.0000000000e+00	
2.9008101859e-02	1.0705727147e+00	7.8601349846e-01	0.0000000000e+00	0.0000000000e+00	2.8068224804e-02	1.0000000000e+00	
2.9684149158e-02	1.0722080315e+00	7.7752589908e-01	0.0000000000e+00	0.0000000000e+00	2.6394359674e-02	1.0000000000e+00	
3.0376099432e-02	1.0738536412e+00	7.6901075762e-01	0.0000000000e+00	0.0000000000e+00	2.4557072817e-02	1.0000000000e+00	
3.1084381297e-02	1.0755012639e+00	7.6050632917e-01	0.0000000000e+00	0.0000000000e+00	2.2592720420e-02	1.0000000000e+00	
3.1809451500e-02	1.0771400953e+00	7.5205482851e-01	0.0000000000e+00	0.0000000000e+00	2.0594248078e-02	1.0000000000e+00	
3.2551799976e-02	1.0787574844e+00	7.4370324488e-01	0.0000000000e+00	0.0000000000e+00	1.8684901186e-02	1.0000000000e+00	
3.3311955692e-02	1.0803399551e+00	7.3550432719e-01	0.0000000000e+00	0.0000000000e+00	1.6980059163e-02	1.0000000000e+00	
3.4090493321e-02	1.0818742567e+00	7.2751748140e-01	0.0000000000e+00	0.0000000000e+00	1.5548614402e-02	1.0000000000e+00	
3.4888040727e-02	1.0833480601e+00	7.1980931787e-01	0.0000000000e+00	0.0000000000e+00	1.4387712955e-02	1.0000000000e+00	
3.5705287241e-02	1.0847499810e+00	7.1245363264e-01	0.0000000000e+00	0.0000000000e+00	1.3422116293e-02	1.0000000000e+00	
3.6542992639e-02	1.0860688342e+00	7.0553078504e-01	0.0000000000e+00	0.0000000000e+00	1.2531496067e-02	1.0000000000e+00	
3.7401996736e-02	1.0872923466e+00	6.9912659652e-01	0.0000000000e+00	0.0000000000e+00	1.1597731781e-02	1.0000000000e+00	
3.8283229439e-02	1.0884058373e+00	6.9333108269e-01	0.0000000000e+00	0.0000000000e+00	1.0554223091e-02	1.0000000000e+00	
3.9187721072e-02	1.0893914895e+00	6.8823735489e-01	0.0000000000e+00	0.0000000000e+00	9.4154225345e-03	1.0000000000e+00	
4.0116612771e-02	1.0902286916e+00	6.8394088049e-01	0.0000000000e+00	0.0000000000e+00	8.2704353939e-03	1.0000000000e+00	
4.1071166683e-02	1.0908954904e+00	6.8053906701e-01	0.0000000000e+00	0.0000000000e+00	7.2393993099e-03	1.0000000000e+00	
4.2052775691e-02	1.0913706632e+00	6.7813076554e-01	0.0000000000e+00	0.0000000000e+00	6.4107839611e-03	1.0000000000e+00	
4.3062972371e-02	1.0916354887e+00	6.7681508650e-01	0.0000000000e+00	0.0000000000e+00	5.7922725873e-03	1.0000000000e+00	
4.4103436856e-02	1.0916743464e+00	6.7668893481e-01	0.0000000000e+00	0.0000000000e+00	5.3063291738e-03	1.0000000000e+00	
4.5176003283e-02	1.0914739198e+00	6.7784304651e-01	0.0000000000e+00	0.0000000000e+00	4.8388588774e-03	1.0000000000e+00	
4.6282664490e-02	1.0910217723e+00	6.8035686510e-01	0.0000000000e+00	0.0000000000e+00	4.3146024671e-03	1.0000000000e+00	
4.7425574662e-02	1.0903057480e+00	6.8429300897e-01	0.0000000000e+00	0.0000000000e+00	3.7487910871e-03	1.0000000000e+00	
4.8607049620e-02	1.0893153897e+00	6.8969200380e-01	0.0000000000e+00	0.0000000000e+00	3.2333571498e-03	1.0000000000e+00	
4.9829564515e-02	1.0880452664e+00	6.9656732144e-01	0.0000000000e+00	0.0000000000e+00	2.8607862808e-03	1.0000000000e+00	
5.1095748730e-02	1.0864985235e+00	7.0489994181e-01	0.0000000000e+00	0.0000000000e+00	2.6437849963e-03	1.0000000000e+00	
5.2408377873e-02	1.0846884820e+00	7.1463139055e-01	0.0000000000e+00	0.0000000000e+00	2.5057171672e-03	1.0000000000e+00	
5.3770362856e-02	1.0826377203e+00	7.2565516385e-01	0.0000000000e+00	0.0000000000e+00	2.3603706050e-03	1.0000000000e+00	
5.5184736164e-02	1.0803767299e+00	7.3780819477e-01	0.0000000000e+00	0.0000000000e+00	2.2049494114e-03	1.0000000000e+00	
5.6654635540e-02	1.0779450692e+00	7.5086485750e-01	0.0000000000e+00	0.0000000000e+00	2.1189437541e-03	1.0000000000e+00	
5.8183285489e-02	1.0753951644e+00	7.6453459097e-01	0.0000000000e+00	0.0000000000e+00	2.1577420954e-03	1.0000000000e+00	
5.9773977113e-02	1.0727948895e+00	7.7846164036e-01	0.0000000000e+00	0.0000000000e+00	2.2724004044e-03	1.0000000000e+00	
6.1430046920e-02	1.0702253191e+00	7.9222525899e-01	0.0000000000e+00	0.0000000000e+00	2.3796663442e-03	1.0000000000e+00	
6.3154855383e-02	1.0677760645e+00	8.0534264407e-01	0.0000000000e+00	0.0000000000e+00	2.4923960520e-03	1.0000000000e+00	
6.4951766030e-02	1.0655440580e+00	8.1727955659e-01	0.0000000000e+00	0.0000000000e+00	2.6953456715e-03	1.0000000000e+00	
6.6824125912e-02	1.0636352036e+00	8.2746910833e-01	0.0000000000e+00	0.0000000000e+00	2.9818808040e-03	1.0000000000e+00	
6.8775248214e-02	1.0621606470e+00	8.3533314466e-01	0.0000000000e+00	0.0000000000e+00	3.2458379244e-03	1.0000000000e+00	
7.0808397709e-02	1.0612261826e+00	8.4030550639e-01	0.0000000000e+00	0.0000000000e+00	3.4797510736e-03	1.0000000000e+00	
7.2926779583e-02	1.0609255979e+00	8.4186638277e-01	0.0000000000e+00	0.0000000000e+00	3.7827792404e-03	1.0000000000e+00	
7.5133532044e-02	1.0613392965e+00	8.3958975405e-01	0.0000000000e+00	0.0000000000e+00	4.1240792755e-03	1.0000000000e+00	
7.7431722876e-02	1.0625237298e+00	8.3319302114e-01	0.0000000000e+00	0.0000000000e+00	4.3844659913e-03	1.0000000000e+00	
7.9824349969e-02	1.0644931510e+00	8.2259063982e-01	0.0000000000e+00	0.0000000000e+00	4.6176818230e-03	1.0000000000e+00	
8.2314345665e-02	1.0672115618e+00	8.0796511780e-01	0.0000000000e+00	0.0000000000e+00	4.8861548874e-03	1.0000000000e+00	
8.4904584624e-02	1.0705847208e+00	7.8984198936e-01	0.0000000000e+00	0.0000000000e+00	5.0712931422e-03	1.0000000000e+00	
8.7597894808e-02	1.0744398392e+00	7.6914826403e-01	0.0000000000e+00	0.0000000000e+00	5.1715384241e-03	1.0000000000e+00	
9.0397071114e-02	1.0785189404e+00	7.4725469312e-01	0.0000000000e+00	0.0000000000e+00	5.2630627219e-03	1.0000000000e+00	
9.3304891156e-02	1.0824875376e+00	7.2597108466e-01	0.0000000000e+00	0.0000000000e+00	5.2525151873e-03	1.0000000000e+00	
9.6324132696e-02	1.0859447999e+00	7.0744540827e-01	0.0000000000e+00	0.0000000000e+00	5.1509287979e-03	1.0000000000e+00	
9.9457592234e-02	1.0884652870e+00	6.9395241045e-01	0.0000000000e+00	0.0000000000e+00	5.0001555586e-03	1.0000000000e+00	
1.0270810432e-01	1.0896661052e+00	6.8755618970e-01	0.0000000000e+00	0.0000000000e+00	4.7383742130e-03	1.0000000000e+00	
1.0607856119e-01	1.0892813241e+00	6.8967515664e-01	0.0000000000e+00	0.0000000000e+00	4.4122202607e-03	1.0000000000e+00	
1.0957193241e-01	1.0872463277e+00	7.0065722663e-01	0.0000000000e+00	0.0000000000e+00	4.0137227671e-03	1.0000000000e+00	
1.1319128415e-01	1.0837494970e+00	7.1949064313e-01	0.0000000000e+00	0.0000000000e+00	3.5510475187e-03	1.0000000000e+00	
1.1693979807e-01	1.0792366780e+00	7.4377988438e-01	0.0000000000e+00	0.0000000000e+00	3.0492872640e-03	1.0000000000e+00	
1.2082078927e-01	1.0743583133e+00	7.7003433486e-01	0.0000000000e+00	0.0000000000e+00	2.5202266393e-03	1.0000000000e+00	
1.2483772360e-01	1.0698675931e+00	7.9421015112e-01	0.0000000000e+00	0.0000000000e+00	1.9883295211e-03	1.0000000000e+00	
1.2899423379e-01	1.0664966764e+00	8.1237574534e-01	0.0000000000e+00	0.0000000000e+00	1.4812807180e-03	1.0000000000e+00	
1.3329413463e-01	1.0648347281e+00	8.2136828482e-01	0.0000000000e+00	0.0000000000e+00	1.0160479778e-03	1.0000000000e+00	
1.3774143695e-01	1.0652207287e+00	8.1936386302e-01	0.0000000000e+00	0.0000000000e+00	6.2689498156e-04	1.0000000000e+00	
1.4234036034e-01	1.0676581842e+00	8.0634235068e-01	0.0000000000e+00	0.0000000000e+00	3.2165019139e-04	1.0000000000e+00	
1.4709534472e-01	1.0717525437e+00	7.8441570220e-01	0.0000000000e+00	0.0000000000e+00	1.2513158119e-04	1.0000000000e+00	
1.5201106041e-01	1.0766988038e+00	7.5790138504e-01	0.0000000000e+00	0.0000000000e+00	3.8120742912e-05	1.0000000000e+00	
1.5709241691e-01	1.0813637295e+00	7.3287795605e-01	0.0000000000e+00	0.0000000000e+00	5.7660175437e-05	1.0000000000e+00	
1.6234457012e-01	1.0845188862e+00	7.1593504169e-01	0.0000000000e+00	0.0000000000e+00	1.7800634786e-04	1.0000000000e+00	
1.6777292789e-01	1.0852222598e+00	7.1212982586e-01	0.0000000000e+00	0.0000000000e+00	3.7119550560e-04	1.0000000000e+00	
1.7338315386e-01	1.0832208455e+00	7.2282382493e-01	0.0000000000e+00	0.0000000000e+00	6.1043135987e-04	1.0000000000e+00	
1.7918116927e-01	1.0791512949e+00	7.4460824847e-01	0.0000000000e+00	0.0000000000e+00	8.6108334282e-04	1.0000000000e+00	
1.8517315265e-01	1.0743747081e+00	7.7018945919e-01	0.0000000000e+00	0.0000000000e+00	1.0843842265e-03	1.0000000000e+00	
1.9136553698e-01	1.0704992613e+00	7.9094808534e-01	0.0000000000e+00	0.0000000000e+00	1.2448318529e-03	1.0000000000e+00	
1.9776500411e-01	1.0688143913e+00	7.9997310522e-01	0.0000000000e+00	0.0000000000e+00	1.3139803568e-03	1.0000000000e+00	
2.0437847609e-01	1.0698433937e+00	7.9446036067e-01	0.0000000000e+00	0.0000000000e+00	1.2769762109e-03	1.0000000000e+00	
2.1121310289e-01	1.0731153921e+00	7.7693497148e-01	0.0000000000e+00	0.0000000000e+00	1.1362085906e-03	1.0000000000e+00	
2.1827624617e-01	1.0772289973e+00	7.5490981972e-01	0.0000000000e+00	0.0000000000e+00	9.1180575255e-04	1.0000000000e+00	
2.2557545855e-01	1.0803192154e+00	7.3838159302e-01	0.0000000000e+00	0.0000000000e+00	6.3994254889e-04	1.0000000000e+00	
2.3311845786e-01	1.0809269478e+00	7.3516812989e-01	0.0000000000e+00	0.0000000000e+00	3.6771423358e-04	1.0000000000e+00	
2.4091309578e-01	1.0788746437e+00	7.4621335312e-01	0.0000000000e+00	0.0000000000e+00	1.4452136342e-04	1.0000000000e+00	
2.4896732044e-01	1.0754630782e+00	7.6453367144e-01	0.0000000000e+00	0.0000000000e+00	1.1377877112e-05	1.0000000000e+00	
2.5728913223e-01	1.0727084705e+00	7.7931147025e-01	0.0000000000e+00	0.0000000000e+00	9.7882395287e-06	1.0000000000e+00	
2.6588653247e-01	1.0721281393e+00	7.8240952070e-01	0.0000000000e+00	0.0000000000e+00	7.6046054800e-05	1.0000000000e+00	
2.7476746450e-01	1.0738505642e+00	7.7314439572e-01	0.0000000000e+00	0.0000000000e+00	2.3540242792e-04	1.0000000000e+00	
2.8393974676e-01	1.0765307276e+00	7.5873935889e-01	0.0000000000e+00	0.0000000000e+00	4.1321421015e-04	1.0000000000e+00	
2.9341099781e-01	1.0782115138e+00	7.4970174488e-01	0.0000000000e+00	0.0000000000e+00	5.4785880307e-04	1.0000000000e+00	
3.0318855333e-01	1.0777675347e+00	7.5207578116e-01	0.0000000000e+00	0.0000000000e+00	5.9054309148e-04	1.0000000000e+00	
3.1327937541e-01	1.0758237148e+00	7.6251280985e-01	0.0000000000e+00	0.0000000000e+00	5.2298000706e-04	1.0000000000e+00	
3.2368995495e-01	1.0741667950e+00	7.7142601066e-01	0.0000000000e+00	0.0000000000e+00	3.6711238250e-04	1.0000000000e+00	
3.3442620814e-01	1.0741321622e+00	7.7164334390e-01	0.0000000000e+00	0.0000000000e+00	1.8054289554e-04	1.0000000000e+00	
3.4549336888e-01	1.0754737175e+00	7.6447261290e-01	0.0000000000e+00	0.0000000000e+00	3.4977371162e-05	1.0000000000e+00	
3.5689587924e-01	1.0767091956e+00	7.5785447928e-01	0.0000000000e+00	0.0000000000e+00	1.4042752664e-05	1.0000000000e+00	
3.6863728093e-01	1.0766528373e+00	7.5814668235e-01	0.0000000000e+00	0.0000000000e+00	4.5457198755e-05	1.0000000000e+00	
3.8072011135e-01	1.0756155291e+00	7.6368863353e-01	0.0000000000e+00	0.0000000000e+00	1.7309037257e-04	1.0000000000e+00	
3.9314580850e-01	1.0748951992e+00	7.6753174000e-01	0.0000000000e+00	0.0000000000e+00	2.9331159992e-04	1.0000000000e+00	
4.0591462964e-01	1.0751991561e+00	7.6589447992e-01	0.0000000000e+00	0.0000000000e+00	3.3466719246e-04	1.0000000000e+00	
4.1902558928e-01	1.0759334908e+00	7.6196663523e-01	0.0000000000e+00	0.0000000000e+00	2.7129822084e-04	1.0000000000e+00	
4.3247642223e-01	1.0761209406e+00	7.6098332793e-01	0.0000000000e+00	0.0000000000e+00	1.4091433424e-04	1.0000000000e+00	
4.4626357763e-01	1.0756731255e+00	7.6340499762e-01	0.0000000000e+00	0.0000000000e+00	2.3749767004e-05	1.0000000000e+00	
4.6038224967e-01	1.0753272788e+00	7.6526550000e-01	0.0000000000e+00	0.0000000000e+00	9.1471019409e-06	1.0000000000e+00	
4.7482644982e-01	1.0754982770e+00	7.6433758703e-01	0.0000000000e+00	0.0000000000e+00	5.4486098604e-05	1.0000000000e+00	
4.8958912417e-01	1.0757964273e+00	7.6272103309e-01	0.0000000000e+00	0.0000000000e+00	1.5749870222e-04	1.0000000000e+00	
5.0466231763e-01	1.0757657793e+00	7.6287568992e-01	0.0000000000e+00	0.0000000000e+00	2.1493292480e-04	1.0000000000e+00	
5.2003738463e-01	1.0755505793e+00	7.6403583594e-01	0.0000000000e+00	0.0000000000e+00	1.7990093521e-04	1.0000000000e+00	
5.3570524275e-01	1.0755199752e+00	7.6421657610e-01	0.0000000000e+00	0.0000000000e+00	8.1859423944e-05	1.0000000000e+00	
5.5165666329e-01	1.0756535152e+00	7.6351381717e-01	0.0000000000e+00	0.0000000000e+00	2.2426461022e-06	1.0000000000e+00	
5.6788258959e-01	1.0756892447e+00	7.6332189324e-01	0.0000000000e+00	0.0000000000e+00	3.9590855429e-06	1.0000000000e+00	
5.8437447130e-01	1.0756033224e+00	7.6377063281e-01	0.0000000000e+00	0.0000000000e+00	7.5445211275e-05	1.0000000000e+00	
6.0112460125e-01	1.0755696213e+00	7.6394010899e-01	0.0000000000e+00	0.0000000000e+00	1.4206884625e-04	1.0000000000e+00	
6.1812644021e-01	1.0756167635e+00	7.6368806662e-01	0.0000000000e+00	0.0000000000e+00	1.3732721712e-04	1.0000000000e+00	
6.3537491532e-01	1.0756343558e+00	7.6360561284e-01	0.0000000000e+00	0.0000000000e+00	6.7018652850e-05	1.0000000000e+00	
6.5286667907e-01	1.0756038629e+00	7.6378017527e-01	0.0000000000e+00	0.0000000000e+00	1.9463572855e-06	1.0000000000e+00	
6.7060031812e-01	1.0755930143e+00	7.6383790788e-01	0.0000000000e+00	0.0000000000e+00	4.6248103414e-06	1.0000000000e+00	
6.8857650427e-01	1.0756076048e+00	7.6374958458e-01	0.0000000000e+00	0.0000000000e+00	6.4099000560e-05	1.0000000000e+00	
7.0679808363e-01	1.0756071251e+00	7.6374448811e-01	0.0000000000e+00	0.0000000000e+00	1.0940565927e-04	1.0000000000e+00	
7.2527010338e-01	1.0755952350e+00	7.6381176571e-01	0.0000000000e+00	0.0000000000e+00	8.8697903253e-05	1.0000000000e+00	
7.4399977917e-01	1.0755957128e+00	7.6381979327e-01	0.0000000000e+00	0.0000000000e+00	2.6135656299e-05	1.0000000000e+00	
7.6299640880e-01	1.0756005105e+00	7.6379935441e-01	0.0000000000e+00	0.0000000000e+00	5.1347857005e-06	1.0000000000e+00	
7.8227123993e-01	1.0755962890e+00	7.6381667538e-01	0.0000000000e+00	0.0000000000e+00	2.6297629775e-05	1.0000000000e+00	
8.0183730105e-01	1.0755909658e+00	7.6383674323e-01	0.0000000000e+00	0.0000000000e+00	7.6410857335e-05	1.0000000000e+00	
8.2170920520e-01	1.0755912715e+00	7.6383475216e-01	0.0000000000e+00	0.0000000000e+00	7.8486313048e-05	1.0000000000e+00	
8.4190293622e-01	1.0755918271e+00	7.6383996440e-01	0.0000000000e+00	0.0000000000e+00	3.0091399529e-05	1.0000000000e+00	
8.6243562651e-01	1.0755901077e+00	7.6385477098e-01	0.0000000000e+00	0.0000000000e+00	2.8974561165e-06	1.0000000000e+00	
8.8332533449e-01	1.0755883412e+00	7.6386054473e-01	0.0000000000e+00	0.0000000000e+00	1.8963164453e-05	1.0000000000e+00	
9.0459082892e-01	1.0755864240e+00	7.6386365073e-01	0.0000000000e+00	0.0000000000e+00	6.1360740359e-05	1.0000000000e+00	
9.2625138601e-01	1.0755848358e+00	7.6387282411e-01	0.0000000000e+00	0.0000000000e+00	5.7490717945e-05	1.0000000000e+00	
9.4832660398e-01	1.0755845919e+00	7.6388145966e-01	0.0000000000e+00	0.0000000000e+00	1.4205332262e-05	1.0000000000e+00	
9.7083623879e-01	1.0755840264e+00	7.6388723302e-01	0.0000000000e+00	0.0000000000e+00	1.9841474191e-06	1.0000000000e+00	
9.9380006346e-01	1.0755818900e+00	7.6389309280e-01	0.0000000000e+00	0.0000000000e+00	3.1090054398e-05	1.0000000000e+00	
1.0172377524e+00	1.0755800192e+00	7.6389900787e-01	0.0000000000e+00	0.0000000000e+00	5.5421056639e-05	1.0000000000e+00	
1.0411687913e+00	1.0755797860e+00	7.6390516442e-01	0.0000000000e+00	0.0000000000e+00	2.6439643856e-05	1.0000000000e+00	
1.0656124125e+00	1.0755795671e+00	7.6391121903e-01	0.0000000000e+00	0.0000000000e+00	2.3901321897e-06	1.0000000000e+00	
1.0905875538e+00	1.0755779876e+00	7.6391616282e-01	0.0000000000e+00	0.0000000000e+00	1.8449127128e-05	1.0000000000e+00	
1.1161128404e+00	1.0755762315e+00	7.6392117738e-01	0.0000000000e+00	0.0000000000e+00	4.4466615520e-05	1.0000000000e+00	
1.1422065862e+00	1.0755757796e+00	7.6392726673e-01	0.0000000000e+00	0.0000000000e+00	2.2813545880e-05	1.0000000000e+00	
1.1688868129e+00	1.0755754601e+00	7.6393327043e-01	0.0000000000e+00	0.0000000000e+00	2.5298807837e-06	1.0000000000e+00	
1.1961712829e+00	1.0755738000e+00	7.6393829178e-01	0.0000000000e+00	0.0000000000e+00	2.0404199631e-05	1.0000000000e+00	
1.2240775441e+00	1.0755723539e+00	7.6394321307e-01	0.0000000000e+00	0.0000000000e+00	3.7151878863e-05	1.0000000000e+00	
1.2526229817e+00	1.0755722367e+00	7.6394860292e-01	0.0000000000e+00	0.0000000000e+00	9.0240324683e-06	1.0000000000e+00	
1.2818248767e+00	1.0755715855e+00	7.6395334890e-01	0.0000000000e+00	0.0000000000e+00	1.6216348477e-06	1.0000000000e+00	
1.3117004661e+00	1.0755699814e+00	7.6395724303e-01	0.0000000000e+00	0.0000000000e+00	2.9441832050e-05	1.0000000000e+00	
1.3422670031e+00	1.0755694327e+00	7.6396182661e-01	0.0000000000e+00	0.0000000000e+00	1.9748271585e-05	1.0000000000e+00	
1.3735418171e+00	1.0755691666e+00	7.6396683943e-01	0.0000000000e+00	0.0000000000e+00	1.4313240692e-06	1.0000000000e+00	
1.4055423691e+00	1.0755676906e+00	7.6397115679e-01	0.0000000000e+00	0.0000000000e+00	1.9829942575e-05	1.0000000000e+00	
1.4382863040e+00	1.0755667973e+00	7.6397573906e-01	0.0000000000e+00	0.0000000000e+00	2.1064880566e-05	1.0000000000e+00	
1.4717914986e+00	1.0755665920e+00	7.6398049400e-01	0.0000000000e+00	0.0000000000e+00	5.2257391305e-07	1.0000000000e+00	
1.5060761035e+00	1.0755653727e+00	7.6398417844e-01	0.0000000000e+00	0.0000000000e+00	1.6345213406e-05	1.0000000000e+00	
1.5411585813e+00	1.0755646259e+00	7.6398795067e-01	0.0000000000e+00	0.0000000000e+00	1.7722071790e-05	1.0000000000e+00	
1.5770577397e+00	1.0755644166e+00	7.6399206215e-01	0.0000000000e+00	0.0000000000e+00	6.5691169148e-08	1.0000000000e+00	
1.6137927605e+00	1.0755631910e+00	7.6399564585e-01	0.0000000000e+00	0.0000000000e+00	1.7729186066e-05	1.0000000000e+00	
1.6513832247e+00	1.0755626319e+00	7.6399987748e-01	0.0000000000e+00	0.0000000000e+00	1.0445635645e-05	1.0000000000e+00	
1.6898491350e+00	1.0755621657e+00	7.6400401697e-01	0.0000000000e+00	0.0000000000e+00	7.6257216316e-07	1.0000000000e+00	
1.7292109354e+00	1.0755610342e+00	7.6400732591e-01	0.0000000000e+00	0.0000000000e+00	1.7064481442e-05	1.0000000000e+00	
1.7694895287e+00	1.0755608564e+00	7.6401102517e-01	0.0000000000e+00	0.0000000000e+00	8.4733447411e-07	1.0000000000e+00	
1.8107062925e+00	1.0755599444e+00	7.6401411974e-01	0.0000000000e+00	0.0000000000e+00	1.1461916803e-05	1.0000000000e+00	
1.8528830944e+00	1.0755593616e+00	7.6401761086e-01	0.0000000000e+00	0.0000000000e+00	9.3018130117e-06	1.0000000000e+00	
1.8960423059e+00	1.0755588702e+00	7.6402131846e-01	0.0000000000e+00	0.0000000000e+00	2.9712049780e-06	1.0000000000e+00	
1.9402068161e+00	1.0755579150e+00	7.6402452378e-01	0.0000000000e+00	0.0000000000e+00	1.4301032979e-05	1.0000000000e+00	
1.9854000448e+00	1.0755577497e+00	7.6402794976e-01	0.0000000000e+00	0.0000000000e+00	7.0100521382e-07	1.0000000000e+00	
2.0316459563e+00	1.0755568126e+00	7.6403064674e-01	0.0000000000e+00	0.0000000000e+00	1.3056978726e-05	1.0000000000e+00	
2.0789690717e+00	1.0755566273e+00	7.6403394256e-01	0.0000000000e+00	0.0000000000e+00	5.4054930278e-07	1.0000000000e+00	
2.1273944833e+00	1.0755556994e+00	7.6403686714e-01	0.0000000000e+00	0.0000000000e+00	1.1582072078e-05	1.0000000000e+00	
2.1769478671e+00	1.0755554406e+00	7.6404016676e-01	0.0000000000e+00	0.0000000000e+00	2.8963110372e-07	1.0000000000e+00	
2.2276554972e+00	1.0755546306e+00	7.6404278669e-01	0.0000000000e+00	0.0000000000e+00	1.0476871819e-05	1.0000000000e+00	
2.2795442597e+00	1.0755544247e+00	7.6404568703e-01	0.0000000000e+00	0.0000000000e+00	1.3429118670e-07	1.0000000000e+00	
2.3326416666e+00	1.0755536219e+00	7.6404824571e-01	0.0000000000e+00	0.0000000000e+00	1.0186766254e-05	1.0000000000e+00	
2.3869758709e+00	1.0755533810e+00	7.6405127159e-01	0.0000000000e+00	0.0000000000e+00	5.5208181381e-08	1.0000000000e+00	
2.4425756815e+00	1.0755526114e+00	7.6405374117e-01	0.0000000000e+00	0.0000000000e+00	9.7415303842e-06	1.0000000000e+00	
2.4994705780e+00	1.0755524207e+00	7.6405641417e-01	0.0000000000e+00	0.0000000000e+00	6.9723622084e-09	1.0000000000e+00	
2.5576907269e+00	1.0755517716e+00	7.6405875956e-01	0.0000000000e+00	0.0000000000e+00	6.7041204401e-06	1.0000000000e+00	
2.6172669972e+00	1.0755513854e+00	7.6406135482e-01	0.0000000000e+00	0.0000000000e+00	3.6072321271e-06	1.0000000000e+00	
2.6782309772e+00	1.0755509913e+00	7.6406382409e-01	0.0000000000e+00	0.0000000000e+00	1.5076513860e-06	1.0000000000e+00	
2.7406149907e+00	1.0755504083e+00	7.6406597987e-01	0.0000000000e+00	0.0000000000e+00	7.2455574902e-06	1.0000000000e+00	
2.8044521145e+00	1.0755501914e+00	7.6406838355e-01	0.0000000000e+00	0.0000000000e+00	8.2602606023e-08	1.0000000000e+00	
2.8697761959e+00	1.0755496600e+00	7.6407058109e-01	0.0000000000e+00	0.0000000000e+00	3.7715618702e-06	1.0000000000e+00	
2.9366218707e+00	1.0755492076e+00	7.6407270312e-01	0.0000000000e+00	0.0000000000e+00	5.5719081891e-06	1.0000000000e+00	
3.0050245813e+00	1.0755489914e+00	7.6407487372e-01	0.0000000000e+00	0.0000000000e+00	4.0183400784e-07	1.0000000000e+00	
3.0750205957e+00	1.0755485145e+00	7.6407686403e-01	0.0000000000e+00	0.0000000000e+00	2.9518639962e-06	1.0000000000e+00	
3.1466470267e+00	1.0755480580e+00	7.6407881026e-01	0.0000000000e+00	0.0000000000e+00	5.9177012109e-06	1.0000000000e+00	
3.2199418516e+00	1.0755478350e+00	7.6408079433e-01	0.0000000000e+00	0.0000000000e+00	1.2628611313e-06	1.0000000000e+00	
3.2949439322e+00	1.0755475195e+00	7.6408267186e-01	0.0000000000e+00	0.0000000000e+00	1.6629456016e-07	1.0000000000e+00	
3.3716930358e+00	1.0755470799e+00	7.6408442175e-01	0.0000000000e+00	0.0000000000e+00	3.7576589635e-06	1.0000000000e+00	
3.4502298557e+00	1.0755467353e+00	7.6408612708e-01	0.0000000000e+00	0.0000000000e+00	4.6045673101e-06	1.0000000000e+00	
3.5305960331e+00	1.0755465038e+00	7.6408785523e-01	0.0000000000e+00	0.0000000000e+00	1.7284098757e-06	1.0000000000e+00	
3.6128341792e+00	1.0755462604e+00	7.6408952424e-01	0.0000000000e+00	0.0000000000e+00	4.1735004882e-07	1.0000000000e+00	
3.6969878979e+00	1.0755459465e+00	7.6409104498e-01	0.0000000000e+00	0.0000000000e+00	5.4218628876e-07	1.0000000000e+00	
3.7831018084e+00	1.0755456159e+00	7.6409249360e-01	0.0000000000e+00	0.0000000000e+00	2.4605310587e-06	1.0000000000e+00	
3.8712215697e+00	1.0755453143e+00	7.6409389486e-01	0.0000000000e+00	0.0000000000e+00	3.7387448629e-06	1.0000000000e+00	
3.9613939038e+00	1.0755450716e+00	7.6409525030e-01	0.0000000000e+00	0.0000000000e+00	3.4217897913e-06	1.0000000000e+00	
4.0536666214e+00	1.0755448438e+00	7.6409655171e-01	0.0000000000e+00	0.0000000000e+00	2.9496413550e-06	1.0000000000e+00	
4.1480886467e+00	1.0755446412e+00	7.6409778934e-01	0.0000000000e+00	0.0000000000e+00	2.0601733378e-06	1.0000000000e+00	
4.2447100436e+00	1.0755444445e+00	7.6409895011e-01	0.0000000000e+00	0.0000000000e+00	1.4352299882e-06	1.0000000000e+00	
4.3435820418e+00	1.0755442517e+00	7.6410003935e-01	0.0000000000e+00	0.0000000000e+00	1.1093415920e-06	1.0000000000e+00	
4.4447570648e+00	1.0755440677e+00	7.6410104737e-01	0.0000000000e+00	0.0000000000e+00	9.8272584701e-07	1.0000000000e+00	
4.5482887568e+00	1.0755438895e+00	7.6410197908e-01	0.0000000000e+00	0.0000000000e+00	1.1245038607e-06	1.0000000000e+00	
4.6542320117e+00	1.0755437208e+00	7.6410282896e-01	0.0000000000e+00	0.0000000000e+00	1.4508637084e-06	1.0000000000e+00	
4.7626430020e+00	1.0755435627e+00	7.6410359935e-01	0.0000000000e+00	0.0000000000e+00	1.9070000146e-06	1.0000000000e+00	
4.8735792087e+00	1.0755434229e+00	7.6410429092e-01	0.0000000000e+00	0.0000000000e+00	2.2521224249e-06	1.0000000000e+00	
4.9870994516e+00	1.0755433103e+00	7.6410490834e-01	0.0000000000e+00	0.0000000000e+00	2.1712843982e-06	1.0000000000e+00	
5.1032639206e+00	1.0755432300e+00	7.6410545144e-01	0.0000000000e+00	0.0000000000e+00	1.5081632047e-06	1.0000000000e+00	
5.2221342078e+00	1.0755431827e+00	7.6410591918e-01	0.0000000000e+00	0.0000000000e+00	2.4249008193e-07	1.0000000000e+00	
5.3437733395e+00	1.0755431222e+00	7.6410627663e-01	0.0000000000e+00	0.0000000000e+00	4.9249398397e-08	1.0000000000e+00	
5.4682458107e+00	1.0755430445e+00	7.6410651877e-01	0.0000000000e+00	0.0000000000e+00	1.0799133667e-06	1.0000000000e+00	
5.5956176182e+00	1.0755429930e+00	7.6410667408e-01	0.0000000000e+00	0.0000000000e+00	1.7936138188e-06	1.0000000000e+00	
5.7259562961e+00	1.0755430163e+00	7.6410677445e-01	0.0000000000e+00	0.0000000000e+00	4.6463116220e-07	1.0000000000e+00	
5.8593309519e+00	1.0755430318e+00	7.6410675666e-01	0.0000000000e+00	0.0000000000e+00	7.6506693092e-08	1.0000000000e+00	
5.9958123026e+00	1.0755430134e+00	7.6410659666e-01	0.0000000000e+00	0.0000000000e+00	1.6061539219e-06	1.0000000000e+00	
6.1354727123e+00	1.0755430945e+00	7.6410638587e-01	0.0000000000e+00	0.0000000000e+00	2.8148693467e-07	1.0000000000e+00	
6.2783862308e+00	1.0755431489e+00	7.6410603001e-01	0.0000000000e+00	0.0000000000e+00	6.6068645195e-07	1.0000000000e+00	
6.4246286328e+00	1.0755432270e+00	7.6410556032e-01	0.0000000000e+00	0.0000000000e+00	9.6013651677e-07	1.0000000000e+00	
6.5742774579e+00	1.0755433567e+00	7.6410499194e-01	0.0000000000e+00	0.0000000000e+00	2.0784982627e-07	1.0000000000e+00	
6.7274120520e+00	1.0755434681e+00	7.6410427030e-01	0.0000000000e+00	0.0000000000e+00	9.4154688871e-07	1.0000000000e+00	
6.8841136090e+00	1.0755436393e+00	7.6410344559e-01	0.0000000000e+00	0.0000000000e+00	3.8923110651e-07	1.0000000000e+00	
7.0444652142e+00	1.0755438193e+00	7.6410247582e-01	0.0000000000e+00	0.0000000000e+00	4.1624232984e-07	1.0000000000e+00	
7.2085518880e+00	1.0755440092e+00	7.6410135659e-01	0.0000000000e+00	0.0000000000e+00	1.0102746848e-06	1.0000000000e+00	
7.3764606315e+00	1.0755442714e+00	7.6410012556e-01	0.0000000000e+00	0.0000000000e+00	2.4543523118e-08	1.0000000000e+00	
7.5482804721e+00	1.0755445176e+00	7.6409871355e-01	0.0000000000e+00	0.0000000000e+00	5.1600956954e-07	1.0000000000e+00	
7.7241025108e+00	1.0755447936e+00	7.6409714696e-01	0.0000000000e+00	0.0000000000e+00	1.0257512880e-06	1.0000000000e+00	
7.9040199710e+00	1.0755451319e+00	7.6409544134e-01	0.0000000000e+00	0.0000000000e+00	3.8096287935e-07	1.0000000000e+00	
8.0881282472e+00	1.0755454953e+00	7.6409356269e-01	0.0000000000e+00	0.0000000000e+00	3.2534028563e-08	1.0000000000e+00	
8.2765249560e+00	1.0755458784e+00	7.6409149954e-01	0.0000000000e+00	0.0000000000e+00	1.4557654222e-08	1.0000000000e+00	
8.4693099879e+00	1.0755462907e+00	7.6408925071e-01	0.0000000000e+00	0.0000000000e+00	2.3853486647e-07	1.0000000000e+00	
8.6665855601e+00	1.0755467403e+00	7.6408681298e-01	0.0000000000e+00	0.0000000000e+00	3.9281765936e-07	1.0000000000e+00	
8.8684562706e+00	1.0755472310e+00	7.6408417999e-01	0.0000000000e+00	0.0000000000e+00	3.9824753959e-07	1.0000000000e+00	
9.0750291541e+00	1.0755477627e+00	7.6408134243e-01	0.0000000000e+00	0.0000000000e+00	3.1694854682e-07	1.0000000000e+00	
9.2864137381e+00	1.0755483367e+00	7.6407829095e-01	0.0000000000e+00	0.0000000000e+00	1.5554808936e-07	1.0000000000e+00	
9.5027221016e+00	1.0755489543e+00	7.6407501631e-01	0.0000000000e+00	0.0000000000e+00	6.8974894532e-08	1.0000000000e+00	
9.7240689342e+00	1.0755496064e+00	7.6407150085e-01	0.0000000000e+00	0.0000000000e+00	3.7188666038e-08	1.0000000000e+00	
9.9505715968e+00	1.0755502945e+00	7.6406773392e-01	0.0000000000e+00	0.0000000000e+00	4.8817828338e-07	1.0000000000e+00	
1.0182350184e+01	1.0755510445e+00	7.6406372197e-01	0.0000000000e+00	0.0000000000e+00	4.2557035485e-07	1.0000000000e+00	
1.0419527588e+01	1.0755518560e+00	7.6405945215e-01	0.0000000000e+00	0.0000000000e+00	6.3601041488e-08	1.0000000000e+00	
1.0662229564e+01	1.0755526913e+00	7.6405488448e-01	0.0000000000e+00	0.0000000000e+00	4.5545897111e-07	1.0000000000e+00	
1.0910584795e+01	1.0755536039e+00	7.6405004385e-01	0.0000000000e+00	0.0000000000e+00	1.3658604371e-07	1.0000000000e+00	
1.1164724962e+01	1.0755545590e+00	7.6404489090e-01	0.0000000000e+00	0.0000000000e+00	3.1423012884e-07	1.0000000000e+00	
1.1424784815e+01	1.0755555851e+00	7.6403943065e-01	0.0000000000e+00	0.0000000000e+00	5.9259611561e-08	1.0000000000e+00	
1.1690902239e+01	1.0755566557e+00	7.6403362823e-01	0.0000000000e+00	0.0000000000e+00	4.1603331551e-07	1.0000000000e+00	
1.1963218335e+01	1.0755578098e+00	7.6402749432e-01	0.0000000000e+00	0.0000000000e+00	8.3823895756e-08	1.0000000000e+00	
1.2241877487e+01	1.0755590238e+00	7.6402099459e-01	0.0000000000e+00	0.0000000000e+00	1.7652548968e-08	1.0000000000e+00	
1.2527027445e+01	1.0755603006e+00	7.6401411269e-01	0.0000000000e+00	0.0000000000e+00	2.1599443147e-07	1.0000000000e+00	
1.2818819399e+01	1.0755616519e+00	7.6400683767e-01	0.0000000000e+00	0.0000000000e+00	3.7871567662e-07	1.0000000000e+00	
1.3117408060e+01	1.0755630854e+00	7.6399915471e-01	0.0000000000e+00	0.0000000000e+00	3.4652004345e-07	1.0000000000e+00	
1.3422951745e+01	1.0755645996e+00	7.6399104176e-01	0.0000000000e+00	0.0000000000e+00	2.9582053037e-07	1.0000000000e+00	
1.3735612456e+01	1.0755661974e+00	7.6398247849e-01	0.0000000000e+00	0.0000000000e+00	2.5924870804e-07	1.0000000000e+00	
1.4055555971e+01	1.0755678849e+00	7.6397344620e-01	0.0000000000e+00	0.0000000000e+00	1.4848315636e-07	1.0000000000e+00	
1.4382951928e+01	1.0755696658e+00	7.6396392310e-01	0.0000000000e+00	0.0000000000e+00	2.2090086378e-08	1.0000000000e+00	
1.4717973916e+01	1.0755715339e+00	7.6395387919e-01	0.0000000000e+00	0.0000000000e+00	1.2374378534e-07	1.0000000000e+00	
1.5060799569e+01	1.0755735036e+00	7.6394329805e-01	0.0000000000e+00	0.0000000000e+00	2.2285301315e-07	1.0000000000e+00	
1.5411610657e+01	1.0755755877e+00	7.6393216079e-01	0.0000000000e+00	0.0000000000e+00	1.6798482690e-08	1.0000000000e+00	
1.5770593185e+01	1.0755777680e+00	7.6392042528e-01	0.0000000000e+00	0.0000000000e+00	2.2790973854e-07	1.0000000000e+00	
1.6137937490e+01	1.0755800741e+00	7.6390808197e-01	0.0000000000e+00	0.0000000000e+00	7.7410733056e-08	1.0000000000e+00	
1.6513838344e+01	1.0755824978e+00	7.6389509299e-01	0.0000000000e+00	0.0000000000e+00	1.5440196693e-08	1.0000000000e+00	
1.6898495053e+01	1.0755850421e+00	7.6388142690e-01	0.0000000000e+00	0.0000000000e+00	1.3256454115e-07	1.0000000000e+00	
1.7292111567e+01	1.0755877190e+00	7.6386705688e-01	0.0000000000e+00	0.0000000000e+00	2.0848118838e-07	1.0000000000e+00	
1.7694896589e+01	1.0755905362e+00	7.6385195145e-01	0.0000000000e+00	0.0000000000e+00	1.8196832858e-07	1.0000000000e+00	
1.8107063678e+01	1.0755934971e+00	7.6383607432e-01	0.0000000000e+00	0.0000000000e+00	1.6122428081e-07	1.0000000000e+00	
1.8528831373e+01	1.0755966100e+00	7.6381939087e-01	0.0000000000e+00	0.0000000000e+00	8.8155429447e-08	1.0000000000e+00	
1.8960423299e+01	1.0755998809e+00	7.6380186296e-01	0.0000000000e+00	0.0000000000e+00	4.6165364960e-09	1.0000000000e+00	
1.9402068293e+01	1.0756033113e+00	7.6378344711e-01	0.0000000000e+00	0.0000000000e+00	9.7218417867e-08	1.0000000000e+00	
1.9854000520e+01	1.0756069179e+00	7.6376410881e-01	0.0000000000e+00	0.0000000000e+00	6.2125918220e-08	1.0000000000e+00	
2.0316459600e+01	1.0756107036e+00	7.6374380115e-01	0.0000000000e+00	0.0000000000e+00	8.3395934481e-08	1.0000000000e+00	
2.0789690737e+01	1.0756146820e+00	7.6372248309e-01	0.0000000000e+00	0.0000000000e+00	3.5675943252e-08	1.0000000000e+00	
2.1273944843e+01	1.0756188520e+00	7.6370010030e-01	0.0000000000e+00	0.0000000000e+00	6.6734848623e-08	1.0000000000e+00	
2.1769478676e+01	1.0756232308e+00	7.6367660920e-01	0.0000000000e+00	0.0000000000e+00	9.8846488970e-08	1.0000000000e+00	
2.2276554975e+01	1.0756278274e+00	7.6365195761e-01	0.0000000000e+00	0.0000000000e+00	8.8281403631e-08	1.0000000000e+00	
2.2795442598e+01	1.0756326506e+00	7.6362609057e-01	0.0000000000e+00	0.0000000000e+00	7.5693567177e-08	1.0000000000e+00	
2.3326416666e+01	1.0756377131e+00	7.6359895270e-01	0.0000000000e+00	0.0000000000e+00	9.2926977634e-09	1.0000000000e+00	
2.3869758709e+01	1.0756430198e+00	7.6357048030e-01	0.0000000000e+00	0.0000000000e+00	4.8086198825e-08	1.0000000000e+00	
2.4425756815e+01	1.0756485880e+00	7.6354061510e-01	0.0000000000e+00	0.0000000000e+00	5.0707033237e-08	1.0000000000e+00	
2.4994705780e+01	1.0756544279e+00	7.6350929060e-01	0.0000000000e+00	0.0000000000e+00	6.7721742490e-08	1.0000000000e+00	
2.5576907269e+01	1.0756605553e+00	7.6347644096e-01	0.0000000000e+00	0.0000000000e+00	1.9732995968e-08	1.0000000000e+00	
2.6172669972e+01	1.0756669776e+00	7.6344199048e-01	0.0000000000e+00	0.0000000000e+00	9.2489187369e-09	1.0000000000e+00	
2.6782309772e+01	1.0756737135e+00	7.6340586789e-01	0.0000000000e+00	0.0000000000e+00	1.9661210346e-08	1.0000000000e+00	
2.7406149907e+01	1.0756807746e+00	7.6336799291e-01	0.0000000000e+00	0.0000000000e+00	1.9097497575e-09	1.0000000000e+00	
2.8044521145e+01	1.0756881766e+00	7.6332828388e-01	0.0000000000e+00	0.0000000000e+00	4.8541996874e-08	1.0000000000e+00	
2.8697761959e+01	1.0756959383e+00	7.6328665694e-01	0.0000000000e+00	0.0000000000e+00	3.4654500284e-08	1.0000000000e+00	
2.9366218707e+01	1.0757040736e+00	7.6324302030e-01	0.0000000000e+00	0.0000000000e+00	5.3487927581e-08	1.0000000000e+00	
3.0050245813e+01	1.0757126033e+00	7.6319728216e-01	0.0000000000e+00	0.0000000000e+00	7.8387501707e-09	1.0000000000e+00	
