1.0531922290e-05	9.9997643946e-01	9.9997643862e-01	0.0000000000e+00	0.0000000000e+00	1.0010255070e+00	1.0000000000e+00	
1.0777242275e-05	9.9997644018e-01	9.9997643931e-01	0.0000000000e+00	0.0000000000e+00	1.0010254757e+00	1.0000000000e+00	
1.1028276496e-05	9.9997644094e-01	9.9997644003e-01	0.0000000000e+00	0.0000000000e+00	1.0010254429e+00	1.0000000000e+00	
1.1285158055e-05	9.9997644174e-01	9.9997644078e-01	0.0000000000e+00	0.0000000000e+00	1.0010254086e+00	1.0000000000e+00	
1.1548023154e-05	9.9997644257e-01	9.9997644156e-01	0.0000000000e+00	0.0000000000e+00	1.0010253727e+00	1.0000000000e+00	
1.1817011169e-05	9.9997644344e-01	9.9997644239e-01	0.0000000000e+00	0.0000000000e+00	1.0010253351e+00	1.0000000000e+00	
1.2092264719e-05	9.9997644435e-01	9.9997644325e-01	0.0000000000e+00	0.0000000000e+00	1.0010252957e+00	1.0000000000e+00	
1.2373929747e-05	9.9997644531e-01	9.9997644416e-01	0.0000000000e+00	0.0000000000e+00	1.0010252545e+00	1.0000000000e+00	
1.2662155597e-05	9.9997644631e-01	9.9997644510e-01	0.0000000000e+00	0.0000000000e+00	1.0010252113e+00	1.0000000000e+00	
1.2957095090e-05	9.9997644736e-01	9.9997644609e-01	0.0000000000e+00	0.0000000000e+00	1.0010251661e+00	1.0000000000e+00	
1.3258904606e-05	9.9997644846e-01	9.9997644713e-01	0.0000000000e+00	0.0000000000e+00	1.0010251187e+00	1.0000000000e+00	
1.3567744169e-05	9.9997644961e-01	9.9997644822e-01	0.0000000000e+00	0.0000000000e+00	1.0010250691e+00	1.0000000000e+00	
1.3883777529e-05	9.9997645081e-01	9.9997644936e-01	0.0000000000e+00	0.0000000000e+00	1.0010250172e+00	1.0000000000e+00	
1.4207172252e-05	9.9997645207e-01	9.9997645055e-01	0.0000000000e+00	0.0000000000e+00	1.0010249628e+00	1.0000000000e+00	
1.4538099805e-05	9.9997645339e-01	9.9997645179e-01	0.0000000000e+00	0.0000000000e+00	1.0010249059e+00	1.0000000000e+00	
1.4876735652e-05	9.9997645477e-01	9.9997645310e-01	0.0000000000e+00	0.0000000000e+00	1.0010248463e+00	1.0000000000e+00	
1.5223259340e-05	9.9997645622e-01	9.9997645447e-01	0.0000000000e+00	0.0000000000e+00	1.0010247838e+00	1.0000000000e+00	
1.5577854603e-05	9.9997645773e-01	9.9997645590e-01	0.0000000000e+00	0.0000000000e+00	1.0010247185e+00	1.0000000000e+00	
1.5940709450e-05	9.9997645932e-01	9.9997645740e-01	0.0000000000e+00	0.0000000000e+00	1.0010246500e+00	1.0000000000e+00	
1.6312016272e-05	9.9997646098e-01	9.9997645897e-01	0.0000000000e+00	0.0000000000e+00	1.0010245784e+00	1.0000000000e+00	
1.6691971941e-05	9.9997646272e-01	9.9997646062e-01	0.0000000000e+00	0.0000000000e+00	1.0010245033e+00	1.0000000000e+00	
1.7080777914e-05	9.9997646454e-01	9.9997646234e-01	0.0000000000e+00	0.0000000000e+00	1.0010244247e+00	1.0000000000e+00	
1.7478640343e-05	9.9997646644e-01	9.9997646414e-01	0.0000000000e+00	0.0000000000e+00	1.0010243424e+00	1.0000000000e+00	
1.7885770177e-05	9.9997646844e-01	9.9997646603e-01	0.0000000000e+00	0.0000000000e+00	1.0010242562e+00	1.0000000000e+00	
1.8302383284e-05	9.9997647053e-01	9.9997646801e-01	0.0000000000e+00	0.0000000000e+00	1.0010241660e+00	1.0000000000e+00	
1.8728700556e-05	9.9997647272e-01	9.9997647008e-01	0.0000000000e+00	0.0000000000e+00	1.0010240715e+00	1.0000000000e+00	
1.9164948034e-05	9.9997647501e-01	9.9997647225e-01	0.0000000000e+00	0.0000000000e+00	1.0010239726e+00	1.0000000000e+00	
1.9611357020e-05	9.9997647742e-01	9.9997647452e-01	0.0000000000e+00	0.0000000000e+00	1.0010238690e+00	1.0000000000e+00	
2.0068164208e-05	9.9997647993e-01	9.9997647689e-01	0.0000000000e+00	0.0000000000e+00	1.0010237605e+00	1.0000000000e+00	
2.0535611802e-05	9.9997648256e-01	9.9997647938e-01	0.0000000000e+00	0.0000000000e+00	1.0010236469e+00	1.0000000000e+00	
2.1013947649e-05	9.9997648532e-01	9.9997648199e-01	0.0000000000e+00	0.0000000000e+00	1.0010235280e+00	1.0000000000e+00	
2.1503425370e-05	9.9997648820e-01	9.9997648472e-01	0.0000000000e+00	0.0000000000e+00	1.0010234034e+00	1.0000000000e+00	
2.2004304491e-05	9.9997649123e-01	9.9997648758e-01	0.0000000000e+00	0.0000000000e+00	1.0010232730e+00	1.0000000000e+00	
2.2516850586e-05	9.9997649439e-01	9.9997649057e-01	0.0000000000e+00	0.0000000000e+00	1.0010231364e+00	1.0000000000e+00	
2.3041335412e-05	9.9997649771e-01	9.9997649370e-01	0.0000000000e+00	0.0000000000e+00	1.0010229934e+00	1.0000000000e+00	
2.3578037060e-05	9.9997650118e-01	9.9997649698e-01	0.0000000000e+00	0.0000000000e+00	1.0010228436e+00	1.0000000000e+00	
2.4127240096e-05	9.9997650481e-01	9.9997650042e-01	0.0000000000e+00	0.0000000000e+00	1.0010226868e+00	1.0000000000e+00	
2.4689235713e-05	9.9997650861e-01	9.9997650402e-01	0.0000000000e+00	0.0000000000e+00	1.0010225226e+00	1.0000000000e+00	
2.5264321890e-05	9.9997651260e-01	9.9997650779e-01	0.0000000000e+00	0.0000000000e+00	1.0010223507e+00	1.0000000000e+00	
2.5852803545e-05	9.9997651677e-01	9.9997651173e-01	0.0000000000e+00	0.0000000000e+00	1.0010221707e+00	1.0000000000e+00	
2.6454992698e-05	9.9997652114e-01	9.9997651586e-01	0.0000000000e+00	0.0000000000e+00	1.0010219821e+00	1.0000000000e+00	
2.7071208639e-05	9.9997652571e-01	9.9997652019e-01	0.0000000000e+00	0.0000000000e+00	1.0010217847e+00	1.0000000000e+00	
2.7701778092e-05	9.9997653050e-01	9.9997652472e-01	0.0000000000e+00	0.0000000000e+00	1.0010215780e+00	1.0000000000e+00	
2.8347035396e-05	9.9997653552e-01	9.9997652946e-01	0.0000000000e+00	0.0000000000e+00	1.0010213616e+00	1.0000000000e+00	
2.9007322672e-05	9.9997654077e-01	9.9997653443e-01	0.0000000000e+00	0.0000000000e+00	1.0010211349e+00	1.0000000000e+00	
2.9682990015e-05	9.9997654627e-01	9.9997653963e-01	0.0000000000e+00	0.0000000000e+00	1.0010208976e+00	1.0000000000e+00	
3.0374395673e-05	9.9997655203e-01	9.9997654507e-01	0.0000000000e+00	0.0000000000e+00	1.0010206491e+00	1.0000000000e+00	
3.1081906237e-05	9.9997655806e-01	9.9997655078e-01	0.0000000000e+00	0.0000000000e+00	1.0010203888e+00	1.0000000000e+00	
3.1805896839e-05	9.9997656437e-01	9.9997655675e-01	0.0000000000e+00	0.0000000000e+00	1.0010201164e+00	1.0000000000e+00	
3.2546751348e-05	9.9997657099e-01	9.9997656300e-01	0.0000000000e+00	0.0000000000e+00	1.0010198310e+00	1.0000000000e+00	
3.3304862576e-05	9.9997657791e-01	9.9997656955e-01	0.0000000000e+00	0.0000000000e+00	1.0010195322e+00	1.0000000000e+00	
3.4080632483e-05	9.9997658516e-01	9.9997657640e-01	0.0000000000e+00	0.0000000000e+00	1.0010192194e+00	1.0000000000e+00	
3.4874472392e-05	9.9997659275e-01	9.9997658358e-01	0.0000000000e+00	0.0000000000e+00	1.0010188918e+00	1.0000000000e+00	
3.5686803209e-05	9.9997660070e-01	9.9997659110e-01	0.0000000000e+00	0.0000000000e+00	1.0010185487e+00	1.0000000000e+00	
3.6518055640e-05	9.9997660902e-01	9.9997659897e-01	0.0000000000e+00	0.0000000000e+00	1.0010181895e+00	1.0000000000e+00	
3.7368670429e-05	9.9997661774e-01	9.9997660721e-01	0.0000000000e+00	0.0000000000e+00	1.0010178134e+00	1.0000000000e+00	
3.8239098580e-05	9.9997662687e-01	9.9997661584e-01	0.0000000000e+00	0.0000000000e+00	1.0010174195e+00	1.0000000000e+00	
3.9129801608e-05	9.9997663642e-01	9.9997662488e-01	0.0000000000e+00	0.0000000000e+00	1.0010170071e+00	1.0000000000e+00	
4.0041251775e-05	9.9997664643e-01	9.9997663434e-01	0.0000000000e+00	0.0000000000e+00	1.0010165752e+00	1.0000000000e+00	
4.0973932344e-05	9.9997665691e-01	9.9997664425e-01	0.0000000000e+00	0.0000000000e+00	1.0010161230e+00	1.0000000000e+00	
4.1928337834e-05	9.9997666788e-01	9.9997665463e-01	0.0000000000e+00	0.0000000000e+00	1.0010156495e+00	1.0000000000e+00	
4.2904974283e-05	9.9997667937e-01	9.9997666550e-01	0.0000000000e+00	0.0000000000e+00	1.0010151536e+00	1.0000000000e+00	
4.3904359518e-05	9.9997669140e-01	9.9997667687e-01	0.0000000000e+00	0.0000000000e+00	1.0010146344e+00	1.0000000000e+00	
4.4927023425e-05	9.9997670400e-01	9.9997668879e-01	0.0000000000e+00	0.0000000000e+00	1.0010140908e+00	1.0000000000e+00	
4.5973508235e-05	9.9997671719e-01	9.9997670126e-01	0.0000000000e+00	0.0000000000e+00	1.0010135215e+00	1.0000000000e+00	
4.7044368807e-05	9.9997673101e-01	9.9997671432e-01	0.0000000000e+00	0.0000000000e+00	1.0010129253e+00	1.0000000000e+00	
4.8140172927e-05	9.9997674547e-01	9.9997672800e-01	0.0000000000e+00	0.0000000000e+00	1.0010123011e+00	1.0000000000e+00	
4.9261501603e-05	9.9997676062e-01	9.9997674232e-01	0.0000000000e+00	0.0000000000e+00	1.0010116475e+00	1.0000000000e+00	
5.0408949380e-05	9.9997677648e-01	9.9997675732e-01	0.0000000000e+00	0.0000000000e+00	1.0010109631e+00	1.0000000000e+00	
5.1583124649e-05	9.9997679309e-01	9.9997677303e-01	0.0000000000e+00	0.0000000000e+00	1.0010102464e+00	1.0000000000e+00	
5.2784649973e-05	9.9997681048e-01	9.9997678947e-01	0.0000000000e+00	0.0000000000e+00	1.0010094959e+00	1.0000000000e+00	
5.4014162417e-05	9.9997682869e-01	9.9997680669e-01	0.0000000000e+00	0.0000000000e+00	1.0010087101e+00	1.0000000000e+00	
5.5272313885e-05	9.9997684775e-01	9.9997682472e-01	0.0000000000e+00	0.0000000000e+00	1.0010078873e+00	1.0000000000e+00	
5.6559771466e-05	9.9997686772e-01	9.9997684360e-01	0.0000000000e+00	0.0000000000e+00	1.0010070257e+00	1.0000000000e+00	
5.7877217786e-05	9.9997688863e-01	9.9997686337e-01	0.0000000000e+00	0.0000000000e+00	1.0010061234e+00	1.0000000000e+00	
5.9225351373e-05	9.9997691052e-01	9.9997688408e-01	0.0000000000e+00	0.0000000000e+00	1.0010051787e+00	1.0000000000e+00	
6.0604887026e-05	9.9997693344e-01	9.9997690575e-01	0.0000000000e+00	0.0000000000e+00	1.0010041894e+00	1.0000000000e+00	
6.2016556191e-05	9.9997695745e-01	9.9997692845e-01	0.0000000000e+00	0.0000000000e+00	1.0010031536e+00	1.0000000000e+00	
6.3461107356e-05	9.9997698258e-01	9.9997695222e-01	0.0000000000e+00	0.0000000000e+00	1.0010020689e+00	1.0000000000e+00	
6.4939306440e-05	9.9997700890e-01	9.9997697711e-01	0.0000000000e+00	0.0000000000e+00	1.0010009331e+00	1.0000000000e+00	
6.6451937204e-05	9.9997703646e-01	9.9997700317e-01	0.0000000000e+00	0.0000000000e+00	1.0009997438e+00	1.0000000000e+00	
6.7999801664e-05	9.9997706532e-01	9.9997703046e-01	0.0000000000e+00	0.0000000000e+00	1.0009984985e+00	1.0000000000e+00	
6.9583720519e-05	9.9997709553e-01	9.9997705903e-01	0.0000000000e+00	0.0000000000e+00	1.0009971944e+00	1.0000000000e+00	
7.1204533584e-05	9.9997712718e-01	9.9997708895e-01	0.0000000000e+00	0.0000000000e+00	1.0009958290e+00	1.0000000000e+00	
7.2863100235e-05	9.9997716031e-01	9.9997712029e-01	0.0000000000e+00	0.0000000000e+00	1.0009943991e+00	1.0000000000e+00	
7.4560299866e-05	9.9997719500e-01	9.9997715309e-01	0.0000000000e+00	0.0000000000e+00	1.0009929020e+00	1.0000000000e+00	
7.6297032356e-05	9.9997723133e-01	9.9997718745e-01	0.0000000000e+00	0.0000000000e+00	1.0009913342e+00	1.0000000000e+00	
7.8074218541e-05	9.9997726937e-01	9.9997722342e-01	0.0000000000e+00	0.0000000000e+00	1.0009896927e+00	1.0000000000e+00	
7.9892800711e-05	9.9997730920e-01	9.9997726108e-01	0.0000000000e+00	0.0000000000e+00	1.0009879737e+00	1.0000000000e+00	
8.1753743101e-05	9.9997735091e-01	9.9997730053e-01	0.0000000000e+00	0.0000000000e+00	1.0009861738e+00	1.0000000000e+00	
8.3658032408e-05	9.9997739459e-01	9.9997734182e-01	0.0000000000e+00	0.0000000000e+00	1.0009842891e+00	1.0000000000e+00	
8.5606678312e-05	9.9997744032e-01	9.9997738507e-01	0.0000000000e+00	0.0000000000e+00	1.0009823156e+00	1.0000000000e+00	
8.7600714009e-05	9.9997748820e-01	9.9997743035e-01	0.0000000000e+00	0.0000000000e+00	1.0009802491e+00	1.0000000000e+00	
8.9641196764e-05	9.9997753835e-01	9.9997747777e-01	0.0000000000e+00	0.0000000000e+00	1.0009780852e+00	1.0000000000e+00	
9.1729208468e-05	9.9997759085e-01	9.9997752742e-01	0.0000000000e+00	0.0000000000e+00	1.0009758194e+00	1.0000000000e+00	
9.3865856213e-05	9.9997764583e-01	9.9997757941e-01	0.0000000000e+00	0.0000000000e+00	1.0009734469e+00	1.0000000000e+00	
9.6052272877e-05	9.9997770340e-01	9.9997763384e-01	0.0000000000e+00	0.0000000000e+00	1.0009709625e+00	1.0000000000e+00	
9.8289617728e-05	9.9997776368e-01	9.9997769085e-01	0.0000000000e+00	0.0000000000e+00	1.0009683612e+00	1.0000000000e+00	
1.0057907703e-04	9.9997782680e-01	9.9997775053e-01	0.0000000000e+00	0.0000000000e+00	1.0009656373e+00	1.0000000000e+00	
1.0292186470e-04	9.9997789289e-01	9.9997781303e-01	0.0000000000e+00	0.0000000000e+00	1.0009627851e+00	1.0000000000e+00	
1.0531922290e-04	9.9997796210e-01	9.9997787848e-01	0.0000000000e+00	0.0000000000e+00	1.0009597985e+00	1.0000000000e+00	
1.0777242275e-04	9.9997803457e-01	9.9997794700e-01	0.0000000000e+00	0.0000000000e+00	1.0009566712e+00	1.0000000000e+00	
1.1028276496e-04	9.9997811045e-01	9.9997801876e-01	0.0000000000e+00	0.0000000000e+00	1.0009533966e+00	1.0000000000e+00	
1.1285158055e-04	9.9997818990e-01	9.9997809389e-01	0.0000000000e+00	0.0000000000e+00	1.0009499678e+00	1.0000000000e+00	
1.1548023154e-04	9.9997827310e-01	9.9997817256e-01	0.0000000000e+00	0.0000000000e+00	1.0009463775e+00	1.0000000000e+00	
1.1817011169e-04	9.9997836022e-01	9.9997825494e-01	0.0000000000e+00	0.0000000000e+00	1.0009426181e+00	1.0000000000e+00	
1.2092264719e-04	9.9997845143e-01	9.9997834120e-01	0.0000000000e+00	0.0000000000e+00	1.0009386816e+00	1.0000000000e+00	
1.2373929747e-04	9.9997854695e-01	9.9997843152e-01	0.0000000000e+00	0.0000000000e+00	1.0009345597e+00	1.0000000000e+00	
1.2662155597e-04	9.9997864696e-01	9.9997852609e-01	0.0000000000e+00	0.0000000000e+00	1.0009302436e+00	1.0000000000e+00	
1.2957095090e-04	9.9997875169e-01	9.9997862512e-01	0.0000000000e+00	0.0000000000e+00	1.0009257243e+00	1.0000000000e+00	
1.3258904606e-04	9.9997886135e-01	9.9997872881e-01	0.0000000000e+00	0.0000000000e+00	1.0009209922e+00	1.0000000000e+00	
1.3567744169e-04	9.9997897617e-01	9.9997883739e-01	0.0000000000e+00	0.0000000000e+00	1.0009160372e+00	1.0000000000e+00	
1.3883777529e-04	9.9997909639e-01	9.9997895107e-01	0.0000000000e+00	0.0000000000e+00	1.0009108489e+00	1.0000000000e+00	
1.4207172252e-04	9.9997922228e-01	9.9997907011e-01	0.0000000000e+00	0.0000000000e+00	1.0009054163e+00	1.0000000000e+00	
1.4538099805e-04	9.9997935410e-01	9.9997919476e-01	0.0000000000e+00	0.0000000000e+00	1.0008997278e+00	1.0000000000e+00	
1.4876735652e-04	9.9997949212e-01	9.9997932527e-01	0.0000000000e+00	0.0000000000e+00	1.0008937716e+00	1.0000000000e+00	
1.5223259340e-04	9.9997963665e-01	9.9997946193e-01	0.0000000000e+00	0.0000000000e+00	1.0008875348e+00	1.0000000000e+00	
1.5577854603e-04	9.9997978797e-01	9.9997960502e-01	0.0000000000e+00	0.0000000000e+00	1.0008810045e+00	1.0000000000e+00	
1.5940709450e-04	9.9997994642e-01	9.9997975485e-01	0.0000000000e+00	0.0000000000e+00	1.0008741667e+00	1.0000000000e+00	
1.6312016272e-04	9.9998011233e-01	9.9997991173e-01	0.0000000000e+00	0.0000000000e+00	1.0008670070e+00	1.0000000000e+00	
1.6691971941e-04	9.9998028605e-01	9.9998007600e-01	0.0000000000e+00	0.0000000000e+00	1.0008595103e+00	1.0000000000e+00	
1.7080777914e-04	9.9998046795e-01	9.9998024800e-01	0.0000000000e+00	0.0000000000e+00	1.0008516607e+00	1.0000000000e+00	
1.7478640343e-04	9.9998065841e-01	9.9998042809e-01	0.0000000000e+00	0.0000000000e+00	1.0008434416e+00	1.0000000000e+00	
1.7885770177e-04	9.9998085784e-01	9.9998061666e-01	0.0000000000e+00	0.0000000000e+00	1.0008348357e+00	1.0000000000e+00	
1.8302383284e-04	9.9998106665e-01	9.9998081410e-01	0.0000000000e+00	0.0000000000e+00	1.0008258248e+00	1.0000000000e+00	
1.8728700556e-04	9.9998128528e-01	9.9998102083e-01	0.0000000000e+00	0.0000000000e+00	1.0008163898e+00	1.0000000000e+00	
1.9164948034e-04	9.9998151421e-01	9.9998123729e-01	0.0000000000e+00	0.0000000000e+00	1.0008065108e+00	1.0000000000e+00	
1.9611357020e-04	9.9998175390e-01	9.9998146394e-01	0.0000000000e+00	0.0000000000e+00	1.0007961670e+00	1.0000000000e+00	
2.0068164208e-04	9.9998200488e-01	9.9998170124e-01	0.0000000000e+00	0.0000000000e+00	1.0007853365e+00	1.0000000000e+00	
2.0535611802e-04	9.9998226766e-01	9.9998194971e-01	0.0000000000e+00	0.0000000000e+00	1.0007739965e+00	1.0000000000e+00	
2.1013947649e-04	9.9998254280e-01	9.9998220987e-01	0.0000000000e+00	0.0000000000e+00	1.0007621230e+00	1.0000000000e+00	
2.1503425370e-04	9.9998283089e-01	9.9998248227e-01	0.0000000000e+00	0.0000000000e+00	1.0007496911e+00	1.0000000000e+00	
2.2004304491e-04	9.9998313253e-01	9.9998276747e-01	0.0000000000e+00	0.0000000000e+00	1.0007366744e+00	1.0000000000e+00	
2.2516850586e-04	9.9998344835e-01	9.9998306609e-01	0.0000000000e+00	0.0000000000e+00	1.0007230455e+00	1.0000000000e+00	
2.3041335412e-04	9.9998377902e-01	9.9998337874e-01	0.0000000000e+00	0.0000000000e+00	1.0007087758e+00	1.0000000000e+00	
2.3578037060e-04	9.9998412524e-01	9.9998370610e-01	0.0000000000e+00	0.0000000000e+00	1.0006938350e+00	1.0000000000e+00	
2.4127240096e-04	9.9998448775e-01	9.9998404884e-01	0.0000000000e+00	0.0000000000e+00	1.0006781919e+00	1.0000000000e+00	
2.4689235713e-04	9.9998486729e-01	9.9998440770e-01	0.0000000000e+00	0.0000000000e+00	1.0006618134e+00	1.0000000000e+00	
2.5264321890e-04	9.9998526467e-01	9.9998478342e-01	0.0000000000e+00	0.0000000000e+00	1.0006446650e+00	1.0000000000e+00	
2.5852803545e-04	9.9998568073e-01	9.9998517679e-01	0.0000000000e+00	0.0000000000e+00	1.0006267107e+00	1.0000000000e+00	
2.6454992698e-04	9.9998611634e-01	9.9998558865e-01	0.0000000000e+00	0.0000000000e+00	1.0006079127e+00	1.0000000000e+00	
2.7071208639e-04	9.9998657242e-01	9.9998601986e-01	0.0000000000e+00	0.0000000000e+00	1.0005882314e+00	1.0000000000e+00	
2.7701778092e-04	9.9998704992e-01	9.9998647131e-01	0.0000000000e+00	0.0000000000e+00	1.0005676256e+00	1.0000000000e+00	
2.8347035396e-04	9.9998754986e-01	9.9998694398e-01	0.0000000000e+00	0.0000000000e+00	1.0005460519e+00	1.0000000000e+00	
2.9007322672e-04	9.9998807327e-01	9.9998743883e-01	0.0000000000e+00	0.0000000000e+00	1.0005234650e+00	1.0000000000e+00	
2.9682990015e-04	9.9998862127e-01	9.9998795692e-01	0.0000000000e+00	0.0000000000e+00	1.0004998174e+00	1.0000000000e+00	
3.0374395673e-04	9.9998919499e-01	9.9998849932e-01	0.0000000000e+00	0.0000000000e+00	1.0004750597e+00	1.0000000000e+00	
3.1081906237e-04	9.9998979564e-01	9.9998906718e-01	0.0000000000e+00	0.0000000000e+00	1.0004491399e+00	1.0000000000e+00	
3.1805896839e-04	9.9999042448e-01	9.9998966169e-01	0.0000000000e+00	0.0000000000e+00	1.0004220037e+00	1.0000000000e+00	
3.2546751348e-04	9.9999108283e-01	9.9999028408e-01	0.0000000000e+00	0.0000000000e+00	1.0003935941e+00	1.0000000000e+00	
3.3304862576e-04	9.9999177207e-01	9.9999093566e-01	0.0000000000e+00	0.0000000000e+00	1.0003638518e+00	1.0000000000e+00	
3.4080632483e-04	9.9999249363e-01	9.9999161779e-01	0.0000000000e+00	0.0000000000e+00	1.0003327146e+00	1.0000000000e+00	
3.4874472392e-04	9.9999324903e-01	9.9999233191e-01	0.0000000000e+00	0.0000000000e+00	1.0003001174e+00	1.0000000000e+00	
3.5686803209e-04	9.9999403984e-01	9.9999307948e-01	0.0000000000e+00	0.0000000000e+00	1.0002659919e+00	1.0000000000e+00	
3.6518055640e-04	9.9999486772e-01	9.9999386209e-01	0.0000000000e+00	0.0000000000e+00	1.0002302671e+00	1.0000000000e+00	
3.7368670428e-04	9.9999573440e-01	9.9999468135e-01	0.0000000000e+00	0.0000000000e+00	1.0001928684e+00	1.0000000000e+00	
3.8239098580e-04	9.9999664167e-01	9.9999553898e-01	0.0000000000e+00	0.0000000000e+00	1.0001537179e+00	1.0000000000e+00	
3.9129801608e-04	9.9999759143e-01	9.9999643676e-01	0.0000000000e+00	0.0000000000e+00	1.0001127339e+00	1.0000000000e+00	
4.0041251775e-04	9.9999858566e-01	9.9999737655e-01	0.0000000000e+00	0.0000000000e+00	1.0000698313e+00	1.0000000000e+00	
4.0973932344e-04	9.9999962642e-01	9.9999836030e-01	0.0000000000e+00	0.0000000000e+00	1.0000249209e+00	1.0000000000e+00	
4.1928337834e-04	1.0000007159e+00	9.9999939007e-01	0.0000000000e+00	0.0000000000e+00	9.9997790925e-01	1.0000000000e+00	
4.2904974283e-04	1.0000018563e+00	1.0000004680e+00	0.0000000000e+00	0.0000000000e+00	9.9992869898e-01	1.0000000000e+00	
4.3904359518e-04	1.0000030500e+00	1.0000015962e+00	0.0000000000e+00	0.0000000000e+00	9.9987718803e-01	1.0000000000e+00	
4.4927023425e-04	1.0000042995e+00	1.0000027772e+00	0.0000000000e+00	0.0000000000e+00	9.9982326977e-01	1.0000000000e+00	
4.5973508235e-04	1.0000056074e+00	1.0000040133e+00	0.0000000000e+00	0.0000000000e+00	9.9976683270e-01	1.0000000000e+00	
4.7044368807e-04	1.0000069764e+00	1.0000053072e+00	0.0000000000e+00	0.0000000000e+00	9.9970776023e-01	1.0000000000e+00	
4.8140172927e-04	1.0000084093e+00	1.0000066613e+00	0.0000000000e+00	0.0000000000e+00	9.9964593051e-01	1.0000000000e+00	
4.9261501603e-04	1.0000099091e+00	1.0000080787e+00	0.0000000000e+00	0.0000000000e+00	9.9958121616e-01	1.0000000000e+00	
5.0408949380e-04	1.0000114787e+00	1.0000095620e+00	0.0000000000e+00	0.0000000000e+00	9.9951348405e-01	1.0000000000e+00	
5.1583124649e-04	1.0000131216e+00	1.0000111145e+00	0.0000000000e+00	0.0000000000e+00	9.9944259503e-01	1.0000000000e+00	
5.2784649973e-04	1.0000148410e+00	1.0000127392e+00	0.0000000000e+00	0.0000000000e+00	9.9936840369e-01	1.0000000000e+00	
5.4014162417e-04	1.0000166405e+00	1.0000144396e+00	0.0000000000e+00	0.0000000000e+00	9.9929075809e-01	1.0000000000e+00	
5.5272313885e-04	1.0000185237e+00	1.0000162190e+00	0.0000000000e+00	0.0000000000e+00	9.9920949950e-01	1.0000000000e+00	
5.6559771466e-04	1.0000204944e+00	1.0000180811e+00	0.0000000000e+00	0.0000000000e+00	9.9912446207e-01	1.0000000000e+00	
5.7877217786e-04	1.0000225568e+00	1.0000200296e+00	0.0000000000e+00	0.0000000000e+00	9.9903547257e-01	1.0000000000e+00	
5.9225351373e-04	1.0000247150e+00	1.0000220686e+00	0.0000000000e+00	0.0000000000e+00	9.9894235006e-01	1.0000000000e+00	
6.0604887026e-04	1.0000269734e+00	1.0000242022e+00	0.0000000000e+00	0.0000000000e+00	9.9884490559e-01	1.0000000000e+00	
6.2016556191e-04	1.0000293365e+00	1.0000264346e+00	0.0000000000e+00	0.0000000000e+00	9.9874294186e-01	1.0000000000e+00	
6.3461107356e-04	1.0000318092e+00	1.0000287704e+00	0.0000000000e+00	0.0000000000e+00	9.9863625286e-01	1.0000000000e+00	
6.4939306440e-04	1.0000343963e+00	1.0000312142e+00	0.0000000000e+00	0.0000000000e+00	9.9852462356e-01	1.0000000000e+00	
6.6451937204e-04	1.0000371032e+00	1.0000337710e+00	0.0000000000e+00	0.0000000000e+00	9.9840782950e-01	1.0000000000e+00	
6.7999801664e-04	1.0000399353e+00	1.0000364458e+00	0.0000000000e+00	0.0000000000e+00	9.9828563646e-01	1.0000000000e+00	
6.9583720519e-04	1.0000428981e+00	1.0000392440e+00	0.0000000000e+00	0.0000000000e+00	9.9815780003e-01	1.0000000000e+00	
7.1204533584e-04	1.0000459978e+00	1.0000421712e+00	0.0000000000e+00	0.0000000000e+00	9.9802406525e-01	1.0000000000e+00	
7.2863100235e-04	1.0000492403e+00	1.0000452332e+00	0.0000000000e+00	0.0000000000e+00	9.9788416618e-01	1.0000000000e+00	
7.4560299866e-04	1.0000526321e+00	1.0000484360e+00	0.0000000000e+00	0.0000000000e+00	9.9773782548e-01	1.0000000000e+00	
7.6297032356e-04	1.0000561800e+00	1.0000517858e+00	0.0000000000e+00	0.0000000000e+00	9.9758475399e-01	1.0000000000e+00	
7.8074218541e-04	1.0000598909e+00	1.0000552894e+00	0.0000000000e+00	0.0000000000e+00	9.9742465028e-01	1.0000000000e+00	
7.9892800711e-04	1.0000637721e+00	1.0000589534e+00	0.0000000000e+00	0.0000000000e+00	9.9725720020e-01	1.0000000000e+00	
8.1753743101e-04	1.0000678313e+00	1.0000627852e+00	0.0000000000e+00	0.0000000000e+00	9.9708207643e-01	1.0000000000e+00	
8.3658032408e-04	1.0000720763e+00	1.0000667919e+00	0.0000000000e+00	0.0000000000e+00	9.9689893801e-01	1.0000000000e+00	
8.5606678312e-04	1.0000765153e+00	1.0000709815e+00	0.0000000000e+00	0.0000000000e+00	9.9670742982e-01	1.0000000000e+00	
8.7600714009e-04	1.0000811570e+00	1.0000753620e+00	0.0000000000e+00	0.0000000000e+00	9.9650718217e-01	1.0000000000e+00	
8.9641196764e-04	1.0000860102e+00	1.0000799416e+00	0.0000000000e+00	0.0000000000e+00	9.9629781023e-01	1.0000000000e+00	
9.1729208468e-04	1.0000910843e+00	1.0000847292e+00	0.0000000000e+00	0.0000000000e+00	9.9607891360e-01	1.0000000000e+00	
9.3865856213e-04	1.0000963889e+00	1.0000897337e+00	0.0000000000e+00	0.0000000000e+00	9.9585007574e-01	1.0000000000e+00	
9.6052272877e-04	1.0001019342e+00	1.0000949646e+00	0.0000000000e+00	0.0000000000e+00	9.9561086352e-01	1.0000000000e+00	
9.8289617728e-04	1.0001077304e+00	1.0001004317e+00	0.0000000000e+00	0.0000000000e+00	9.9536082670e-01	1.0000000000e+00	
1.0057907703e-03	1.0001137885e+00	1.0001061451e+00	0.0000000000e+00	0.0000000000e+00	9.9509949739e-01	1.0000000000e+00	
1.0292186470e-03	1.0001201198e+00	1.0001121153e+00	0.0000000000e+00	0.0000000000e+00	9.9482638961e-01	1.0000000000e+00	
1.0531922290e-03	1.0001267360e+00	1.0001183534e+00	0.0000000000e+00	0.0000000000e+00	9.9454099873e-01	1.0000000000e+00	
1.0777242275e-03	1.0001336492e+00	1.0001248705e+00	0.0000000000e+00	0.0000000000e+00	9.9424280102e-01	1.0000000000e+00	
1.1028276496e-03	1.0001408721e+00	1.0001316786e+00	0.0000000000e+00	0.0000000000e+00	9.9393125314e-01	1.0000000000e+00	
1.1285158055e-03	1.0001484178e+00	1.0001387898e+00	0.0000000000e+00	0.0000000000e+00	9.9360579171e-01	1.0000000000e+00	
1.1548023154e-03	1.0001562997e+00	1.0001462166e+00	0.0000000000e+00	0.0000000000e+00	9.9326583284e-01	1.0000000000e+00	
1.1817011169e-03	1.0001645320e+00	1.0001539723e+00	0.0000000000e+00	0.0000000000e+00	9.9291077168e-01	1.0000000000e+00	
1.2092264719e-03	1.0001731293e+00	1.0001620703e+00	0.0000000000e+00	0.0000000000e+00	9.9253998207e-01	1.0000000000e+00	
1.2373929747e-03	1.0001821064e+00	1.0001705245e+00	0.0000000000e+00	0.0000000000e+00	9.9215281613e-01	1.0000000000e+00	
1.2662155597e-03	1.0001914791e+00	1.0001793495e+00	0.0000000000e+00	0.0000000000e+00	9.9174860394e-01	1.0000000000e+00	
1.2957095090e-03	1.0002012635e+00	1.0001885601e+00	0.0000000000e+00	0.0000000000e+00	9.9132665323e-01	1.0000000000e+00	
1.3258904606e-03	1.0002114760e+00	1.0001981717e+00	0.0000000000e+00	0.0000000000e+00	9.9088624917e-01	1.0000000000e+00	
1.3567744169e-03	1.0002221340e+00	1.0002082002e+00	0.0000000000e+00	0.0000000000e+00	9.9042665410e-01	1.0000000000e+00	
1.3883777529e-03	1.0002332546e+00	1.0002186562e+00	0.0000000000e+00	0.0000000000e+00	9.8994716357e-01	1.0000000000e+00	
1.4207172252e-03	1.0002448564e+00	1.0002295622e+00	0.0000000000e+00	0.0000000000e+00	9.8944693819e-01	1.0000000000e+00	
1.4538099805e-03	1.0002569584e+00	1.0002409355e+00	0.0000000000e+00	0.0000000000e+00	9.8892517104e-01	1.0000000000e+00	
1.4876735652e-03	1.0002695797e+00	1.0002527937e+00	0.0000000000e+00	0.0000000000e+00	9.8838103274e-01	1.0000000000e+00	
1.5223259340e-03	1.0002827402e+00	1.0002651552e+00	0.0000000000e+00	0.0000000000e+00	9.8781367126e-01	1.0000000000e+00	
1.5577854603e-03	1.0002964602e+00	1.0002780385e+00	0.0000000000e+00	0.0000000000e+00	9.8722221223e-01	1.0000000000e+00	
1.5940709450e-03	1.0003107608e+00	1.0002914626e+00	0.0000000000e+00	0.0000000000e+00	9.8660575928e-01	1.0000000000e+00	
1.6312016272e-03	1.0003256631e+00	1.0003054470e+00	0.0000000000e+00	0.0000000000e+00	9.8596339465e-01	1.0000000000e+00	
1.6691971941e-03	1.0003411892e+00	1.0003200116e+00	0.0000000000e+00	0.0000000000e+00	9.8529417982e-01	1.0000000000e+00	
1.7080777914e-03	1.0003573613e+00	1.0003351767e+00	0.0000000000e+00	0.0000000000e+00	9.8459715640e-01	1.0000000000e+00	
1.7478640343e-03	1.0003742023e+00	1.0003509627e+00	0.0000000000e+00	0.0000000000e+00	9.8387134710e-01	1.0000000000e+00	
1.7885770177e-03	1.0003917354e+00	1.0003673907e+00	0.0000000000e+00	0.0000000000e+00	9.8311575688e-01	1.0000000000e+00	
1.8302383284e-03	1.0004099842e+00	1.0003844818e+00	0.0000000000e+00	0.0000000000e+00	9.8232937438e-01	1.0000000000e+00	
1.8728700556e-03	1.0004289727e+00	1.0004022574e+00	0.0000000000e+00	0.0000000000e+00	9.8151117341e-01	1.0000000000e+00	
1.9164948034e-03	1.0004487252e+00	1.0004207392e+00	0.0000000000e+00	0.0000000000e+00	9.8066011481e-01	1.0000000000e+00	
1.9611357020e-03	1.0004692662e+00	1.0004399490e+00	0.0000000000e+00	0.0000000000e+00	9.7977514843e-01	1.0000000000e+00	
2.0068164208e-03	1.0004906205e+00	1.0004599085e+00	0.0000000000e+00	0.0000000000e+00	9.7885521541e-01	1.0000000000e+00	
2.0535611802e-03	1.0005128132e+00	1.0004806396e+00	0.0000000000e+00	0.0000000000e+00	9.7789925073e-01	1.0000000000e+00	
2.1013947649e-03	1.0005358691e+00	1.0005021642e+00	0.0000000000e+00	0.0000000000e+00	9.7690618595e-01	1.0000000000e+00	
2.1503425370e-03	1.0005598135e+00	1.0005245039e+00	0.0000000000e+00	0.0000000000e+00	9.7587495235e-01	1.0000000000e+00	
2.2004304491e-03	1.0005846714e+00	1.0005476803e+00	0.0000000000e+00	0.0000000000e+00	9.7480448424e-01	1.0000000000e+00	
2.2516850586e-03	1.0006104677e+00	1.0005717144e+00	0.0000000000e+00	0.0000000000e+00	9.7369372270e-01	1.0000000000e+00	
2.3041335412e-03	1.0006372271e+00	1.0005966271e+00	0.0000000000e+00	0.0000000000e+00	9.7254161946e-01	1.0000000000e+00	
2.3578037060e-03	1.0006649740e+00	1.0006224386e+00	0.0000000000e+00	0.0000000000e+00	9.7134714126e-01	1.0000000000e+00	
2.4127240096e-03	1.0006937323e+00	1.0006491686e+00	0.0000000000e+00	0.0000000000e+00	9.7010927439e-01	1.0000000000e+00	
2.4689235713e-03	1.0007235255e+00	1.0006768359e+00	0.0000000000e+00	0.0000000000e+00	9.6882702955e-01	1.0000000000e+00	
2.5264321890e-03	1.0007543764e+00	1.0007054587e+00	0.0000000000e+00	0.0000000000e+00	9.6749944707e-01	1.0000000000e+00	
2.5852803544e-03	1.0007863070e+00	1.0007350538e+00	0.0000000000e+00	0.0000000000e+00	9.6612560228e-01	1.0000000000e+00	
2.6454992698e-03	1.0008193385e+00	1.0007656372e+00	0.0000000000e+00	0.0000000000e+00	9.6470461126e-01	1.0000000000e+00	
2.7071208639e-03	1.0008534910e+00	1.0007972235e+00	0.0000000000e+00	0.0000000000e+00	9.6323563666e-01	1.0000000000e+00	
2.7701778092e-03	1.0008887833e+00	1.0008298257e+00	0.0000000000e+00	0.0000000000e+00	9.6171789385e-01	1.0000000000e+00	
2.8347035396e-03	1.0009252333e+00	1.0008634555e+00	0.0000000000e+00	0.0000000000e+00	9.6015065705e-01	1.0000000000e+00	
2.9007322672e-03	1.0009628569e+00	1.0008981226e+00	0.0000000000e+00	0.0000000000e+00	9.5853326562e-01	1.0000000000e+00	
2.9682990015e-03	1.0010016688e+00	1.0009338350e+00	0.0000000000e+00	0.0000000000e+00	9.5686513030e-01	1.0000000000e+00	
3.0374395673e-03	1.0010416819e+00	1.0009705983e+00	0.0000000000e+00	0.0000000000e+00	9.5514573936e-01	1.0000000000e+00	
3.1081906237e-03	1.0010829072e+00	1.0010084162e+00	0.0000000000e+00	0.0000000000e+00	9.5337466453e-01	1.0000000000e+00	
3.1805896839e-03	1.0011253537e+00	1.0010472899e+00	0.0000000000e+00	0.0000000000e+00	9.5155156662e-01	1.0000000000e+00	
3.2546751348e-03	1.0011690283e+00	1.0010872182e+00	0.0000000000e+00	0.0000000000e+00	9.4967620071e-01	1.0000000000e+00	
3.3304862576e-03	1.0012139358e+00	1.0011281972e+00	0.0000000000e+00	0.0000000000e+00	9.4774842072e-01	1.0000000000e+00	
3.4080632483e-03	1.0012600784e+00	1.0011702203e+00	0.0000000000e+00	0.0000000000e+00	9.4576818317e-01	1.0000000000e+00	
3.4874472392e-03	1.0013074564e+00	1.0012132780e+00	0.0000000000e+00	0.0000000000e+00	9.4373555004e-01	1.0000000000e+00	
3.5686803209e-03	1.0013560673e+00	1.0012573582e+00	0.0000000000e+00	0.0000000000e+00	9.4165069044e-01	1.0000000000e+00	
3.6518055640e-03	1.0014059065e+00	1.0013024456e+00	0.0000000000e+00	0.0000000000e+00	9.3951388089e-01	1.0000000000e+00	
3.7368670429e-03	1.0014569669e+00	1.0013485222e+00	0.0000000000e+00	0.0000000000e+00	9.3732550398e-01	1.0000000000e+00	
3.8239098580e-03	1.0015092392e+00	1.0013955672e+00	0.0000000000e+00	0.0000000000e+00	9.3508604519e-01	1.0000000000e+00	
3.9129801608e-03	1.0015627118e+00	1.0014435570e+00	0.0000000000e+00	0.0000000000e+00	9.3279608759e-01	1.0000000000e+00	
4.0041251775e-03	1.0016173713e+00	1.0014924653e+00	0.0000000000e+00	0.0000000000e+00	9.3045630413e-01	1.0000000000e+00	
4.0973932344e-03	1.0016732025e+00	1.0015422637e+00	0.0000000000e+00	0.0000000000e+00	9.2806744742e-01	1.0000000000e+00	
4.1928337834e-03	1.0017301888e+00	1.0015929216e+00	0.0000000000e+00	0.0000000000e+00	9.2563033649e-01	1.0000000000e+00	
4.2904974283e-03	1.0017883125e+00	1.0016444065e+00	0.0000000000e+00	0.0000000000e+00	9.2314584064e-01	1.0000000000e+00	
4.3904359518e-03	1.0018475554e+00	1.0016966849e+00	0.0000000000e+00	0.0000000000e+00	9.2061485991e-01	1.0000000000e+00	
4.4927023425e-03	1.0019078991e+00	1.0017497221e+00	0.0000000000e+00	0.0000000000e+00	9.1803830221e-01	1.0000000000e+00	
4.5973508235e-03	1.0019693259e+00	1.0018034835e+00	0.0000000000e+00	0.0000000000e+00	9.1541705694e-01	1.0000000000e+00	
4.7044368807e-03	1.0020318193e+00	1.0018579347e+00	0.0000000000e+00	0.0000000000e+00	9.1275196523e-01	1.0000000000e+00	
4.8140172927e-03	1.0020953648e+00	1.0019130424e+00	0.0000000000e+00	0.0000000000e+00	9.1004378670e-01	1.0000000000e+00	
4.9261501603e-03	1.0021599506e+00	1.0019687753e+00	0.0000000000e+00	0.0000000000e+00	9.0729316312e-01	1.0000000000e+00	
5.0408949380e-03	1.0022255689e+00	1.0020251050e+00	0.0000000000e+00	0.0000000000e+00	9.0450057938e-01	1.0000000000e+00	
5.1583124649e-03	1.0022922166e+00	1.0020820066e+00	0.0000000000e+00	0.0000000000e+00	9.0166632201e-01	1.0000000000e+00	
5.2784649973e-03	1.0023598961e+00	1.0021394599e+00	0.0000000000e+00	0.0000000000e+00	8.9879043633e-01	1.0000000000e+00	
5.4014162417e-03	1.0024286170e+00	1.0021974491e+00	0.0000000000e+00	0.0000000000e+00	8.9587268249e-01	1.0000000000e+00	
5.5272313885e-03	1.0024983959e+00	1.0022559675e+00	0.0000000000e+00	0.0000000000e+00	8.9291249340e-01	1.0000000000e+00	
5.6559771466e-03	1.0025692584e+00	1.0023150146e+00	0.0000000000e+00	0.0000000000e+00	8.8990893241e-01	1.0000000000e+00	
5.7877217786e-03	1.0026412399e+00	1.0023745980e+00	0.0000000000e+00	0.0000000000e+00	8.8686065554e-01	1.0000000000e+00	
5.9225351373e-03	1.0027143857e+00	1.0024347345e+00	0.0000000000e+00	0.0000000000e+00	8.8376587872e-01	1.0000000000e+00	
6.0604887026e-03	1.0027887523e+00	1.0024954503e+00	0.0000000000e+00	0.0000000000e+00	8.8062235186e-01	1.0000000000e+00	
6.2016556191e-03	1.0028644075e+00	1.0025567817e+00	0.0000000000e+00	0.0000000000e+00	8.7742734218e-01	1.0000000000e+00	
6.3461107356e-03	1.0029414306e+00	1.0026187744e+00	0.0000000000e+00	0.0000000000e+00	8.7417762882e-01	1.0000000000e+00	
6.4939306440e-03	1.0030199119e+00	1.0026814842e+00	0.0000000000e+00	0.0000000000e+00	8.7086951102e-01	1.0000000000e+00	
6.6451937204e-03	1.0030999528e+00	1.0027449759e+00	0.0000000000e+00	0.0000000000e+00	8.6749883170e-01	1.0000000000e+00	
6.7999801664e-03	1.0031816642e+00	1.0028093222e+00	0.0000000000e+00	0.0000000000e+00	8.6406101867e-01	1.0000000000e+00	
6.9583720519e-03	1.0032651658e+00	1.0028746024e+00	0.0000000000e+00	0.0000000000e+00	8.6055114456e-01	1.0000000000e+00	
7.1204533584e-03	1.0033505837e+00	1.0029409006e+00	0.0000000000e+00	0.0000000000e+00	8.5696400660e-01	1.0000000000e+00	
7.2863100235e-03	1.0034380483e+00	1.0030083033e+00	0.0000000000e+00	0.0000000000e+00	8.5329422648e-01	1.0000000000e+00	
7.4560299866e-03	1.0035276919e+00	1.0030768962e+00	0.0000000000e+00	0.0000000000e+00	8.4953636913e-01	1.0000000000e+00	
7.6297032356e-03	1.0036196450e+00	1.0031467616e+00	0.0000000000e+00	0.0000000000e+00	8.4568507911e-01	1.0000000000e+00	
7.8074218541e-03	1.0037140334e+00	1.0032179743e+00	0.0000000000e+00	0.0000000000e+00	8.4173523081e-01	1.0000000000e+00	
7.9892800711e-03	1.0038109742e+00	1.0032905985e+00	0.0000000000e+00	0.0000000000e+00	8.3768208821e-01	1.0000000000e+00	
8.1753743102e-03	1.0039105725e+00	1.0033646831e+00	0.0000000000e+00	0.0000000000e+00	8.3352146784e-01	1.0000000000e+00	
8.3658032408e-03	1.0040129170e+00	1.0034402588e+00	0.0000000000e+00	0.0000000000e+00	8.2924989735e-01	1.0000000000e+00	
8.5606678312e-03	1.0041180775e+00	1.0035173342e+00	0.0000000000e+00	0.0000000000e+00	8.2486476070e-01	1.0000000000e+00	
8.7600714009e-03	1.0042261017e+00	1.0035958933e+00	0.0000000000e+00	0.0000000000e+00	8.2036441985e-01	1.0000000000e+00	
8.9641196764e-03	1.0043370131e+00	1.0036758928e+00	0.0000000000e+00	0.0000000000e+00	8.1574830235e-01	1.0000000000e+00	
9.1729208468e-03	1.0044508105e+00	1.0037572618e+00	0.0000000000e+00	0.0000000000e+00	8.1101694417e-01	1.0000000000e+00	
9.3865856213e-03	1.0045674677e+00	1.0038399013e+00	0.0000000000e+00	0.0000000000e+00	8.0617197807e-01	1.0000000000e+00	
9.6052272877e-03	1.0046869357e+00	1.0039236865e+00	0.0000000000e+00	0.0000000000e+00	8.0121605955e-01	1.0000000000e+00	
9.8289617728e-03	1.0048091457e+00	1.0040084693e+00	0.0000000000e+00	0.0000000000e+00	7.9615272572e-01	1.0000000000e+00	
1.0057907703e-02	1.0049340137e+00	1.0040940839e+00	0.0000000000e+00	0.0000000000e+00	7.9098618635e-01	1.0000000000e+00	
1.0292186470e-02	1.0050614475e+00	1.0041803519e+00	0.0000000000e+00	0.0000000000e+00	7.8572105199e-01	1.0000000000e+00	
1.0531922290e-02	1.0051913532e+00	1.0042670907e+00	0.0000000000e+00	0.0000000000e+00	7.8036201012e-01	1.0000000000e+00	
1.0777242275e-02	1.0053236442e+00	1.0043541211e+00	0.0000000000e+00	0.0000000000e+00	7.7491346744e-01	1.0000000000e+00	
1.1028276496e-02	1.0054582492e+00	1.0044412758e+00	0.0000000000e+00	0.0000000000e+00	7.6937918301e-01	1.0000000000e+00	
1.1285158055e-02	1.0055951202e+00	1.0045284072e+00	0.0000000000e+00	0.0000000000e+00	7.6376192328e-01	1.0000000000e+00	
1.1548023154e-02	1.0057342395e+00	1.0046153943e+00	0.0000000000e+00	0.0000000000e+00	7.5806317422e-01	1.0000000000e+00	
1.1817011169e-02	1.0058756234e+00	1.0047021465e+00	0.0000000000e+00	0.0000000000e+00	7.5228294734e-01	1.0000000000e+00	
1.2092264719e-02	1.0060193247e+00	1.0047886055e+00	0.0000000000e+00	0.0000000000e+00	7.4641971403e-01	1.0000000000e+00	
1.2373929747e-02	1.0061654296e+00	1.0048747433e+00	0.0000000000e+00	0.0000000000e+00	7.4047049561e-01	1.0000000000e+00	
1.2662155597e-02	1.0063140527e+00	1.0049605557e+00	0.0000000000e+00	0.0000000000e+00	7.3443112401e-01	1.0000000000e+00	
1.2957095090e-02	1.0064653263e+00	1.0050460523e+00	0.0000000000e+00	0.0000000000e+00	7.2829667064e-01	1.0000000000e+00	
1.3258904606e-02	1.0066193880e+00	1.0051312440e+00	0.0000000000e+00	0.0000000000e+00	7.2206201961e-01	1.0000000000e+00	
1.3567744169e-02	1.0067763648e+00	1.0052161270e+00	0.0000000000e+00	0.0000000000e+00	7.1572253787e-01	1.0000000000e+00	
1.3883777529e-02	1.0069363571e+00	1.0053006674e+00	0.0000000000e+00	0.0000000000e+00	7.0927477250e-01	1.0000000000e+00	
1.4207172252e-02	1.0070994241e+00	1.0053847862e+00	0.0000000000e+00	0.0000000000e+00	7.0271708796e-01	1.0000000000e+00	
1.4538099805e-02	1.0072655730e+00	1.0054683487e+00	0.0000000000e+00	0.0000000000e+00	6.9605014818e-01	1.0000000000e+00	
1.4876735652e-02	1.0074347530e+00	1.0055511592e+00	0.0000000000e+00	0.0000000000e+00	6.8927715422e-01	1.0000000000e+00	
1.5223259340e-02	1.0076068570e+00	1.0056329635e+00	0.0000000000e+00	0.0000000000e+00	6.8240377019e-01	1.0000000000e+00	
1.5577854603e-02	1.0077817313e+00	1.0057134584e+00	0.0000000000e+00	0.0000000000e+00	6.7543771007e-01	1.0000000000e+00	
1.5940709450e-02	1.0079591920e+00	1.0057923092e+00	0.0000000000e+00	0.0000000000e+00	6.6838801158e-01	1.0000000000e+00	
1.6312016272e-02	1.0081390466e+00	1.0058691726e+00	0.0000000000e+00	0.0000000000e+00	6.6126408534e-01	1.0000000000e+00	
1.6691971942e-02	1.0083211175e+00	1.0059437206e+00	0.0000000000e+00	0.0000000000e+00	6.5407468522e-01	1.0000000000e+00	
1.7080777916e-02	1.0085052634e+00	1.0060156628e+00	0.0000000000e+00	0.0000000000e+00	6.4682698691e-01	1.0000000000e+00	
1.7478640346e-02	1.0086913928e+00	1.0060847619e+00	0.0000000000e+00	0.0000000000e+00	6.3952597023e-01	1.0000000000e+00	
1.7885770184e-02	1.0088794675e+00	1.0061508376e+00	0.0000000000e+00	0.0000000000e+00	6.3217426548e-01	1.0000000000e+00	
1.8302383297e-02	1.0090694937e+00	1.0062137596e+00	0.0000000000e+00	0.0000000000e+00	6.2477254157e-01	1.0000000000e+00	
1.8728700584e-02	1.0092615009e+00	1.0062734283e+00	0.0000000000e+00	0.0000000000e+00	6.1732039157e-01	1.0000000000e+00	
1.9164948088e-02	1.0094555147e+00	1.0063297488e+00	0.0000000000e+00	0.0000000000e+00	6.0981753159e-01	1.0000000000e+00	
1.9611357127e-02	1.0096515282e+00	1.0063826049e+00	0.0000000000e+00	0.0000000000e+00	6.0226500802e-01	1.0000000000e+00	
2.0068164412e-02	1.0098494822e+00	1.0064318415e+00	0.0000000000e+00	0.0000000000e+00	5.9466604710e-01	1.0000000000e+00	
2.0535612186e-02	1.0100492616e+00	1.0064772633e+00	0.0000000000e+00	0.0000000000e+00	5.8702621752e-01	1.0000000000e+00	
2.1013948359e-02	1.0102507102e+00	1.0065186532e+00	0.0000000000e+00	0.0000000000e+00	5.7935272806e-01	1.0000000000e+00	
2.1503426663e-02	1.0104536653e+00	1.0065558090e+00	0.0000000000e+00	0.0000000000e+00	5.7165293197e-01	1.0000000000e+00	
2.2004306806e-02	1.0106580011e+00	1.0065885912e+00	0.0000000000e+00	0.0000000000e+00	5.6393239872e-01	1.0000000000e+00	
2.2516854664e-02	1.0108636688e+00	1.0066169663e+00	0.0000000000e+00	0.0000000000e+00	5.5619314749e-01	1.0000000000e+00	
2.3041342484e-02	1.0110707175e+00	1.0066410320e+00	0.0000000000e+00	0.0000000000e+00	5.4843270815e-01	1.0000000000e+00	
2.3578049132e-02	1.0112792847e+00	1.0066610124e+00	0.0000000000e+00	0.0000000000e+00	5.4064450733e-01	1.0000000000e+00	
2.4127260392e-02	1.0114895538e+00	1.0066772212e+00	0.0000000000e+00	0.0000000000e+00	5.3281966807e-01	1.0000000000e+00	
2.4689269333e-02	1.0117016899e+00	1.0066900037e+00	0.0000000000e+00	0.0000000000e+00	5.2494976795e-01	1.0000000000e+00	
2.5264376774e-02	1.0119157749e+00	1.0066996787e+00	0.0000000000e+00	0.0000000000e+00	5.1702963013e-01	1.0000000000e+00	
2.5852891877e-02	1.0121317654e+00	1.0067065054e+00	0.0000000000e+00	0.0000000000e+00	5.0905906537e-01	1.0000000000e+00	
2.6455132899e-02	1.0123494937e+00	1.0067106922e+00	0.0000000000e+00	0.0000000000e+00	5.0104280562e-01	1.0000000000e+00	
2.7071428162e-02	1.0125687088e+00	1.0067124471e+00	0.0000000000e+00	0.0000000000e+00	4.9298863608e-01	1.0000000000e+00	
2.7702117286e-02	1.0127891382e+00	1.0067120486e+00	0.0000000000e+00	0.0000000000e+00	4.8490464751e-01	1.0000000000e+00	
2.8347552751e-02	1.0130105353e+00	1.0067099013e+00	0.0000000000e+00	0.0000000000e+00	4.7679711692e-01	1.0000000000e+00	
2.9008101859e-02	1.0132326821e+00	1.0067065468e+00	0.0000000000e+00	0.0000000000e+00	4.6867034476e-01	1.0000000000e+00	
2.9684149158e-02	1.0134553395e+00	1.0067026227e+00	0.0000000000e+00	0.0000000000e+00	4.6052873389e-01	1.0000000000e+00	
3.0376099432e-02	1.0136781747e+00	1.0066987973e+00	0.0000000000e+00	0.0000000000e+00	4.5237992554e-01	1.0000000000e+00	
3.1084381297e-02	1.0139007142e+00	1.0066957298e+00	0.0000000000e+00	0.0000000000e+00	4.4423677956e-01	1.0000000000e+00	
3.1809451500e-02	1.0141223687e+00	1.0066941024e+00	0.0000000000e+00	0.0000000000e+00	4.3611625383e-01	1.0000000000e+00	
3.2551799976e-02	1.0143425332e+00	1.0066947264e+00	0.0000000000e+00	0.0000000000e+00	4.2803498913e-01	1.0000000000e+00	
3.3311955692e-02	1.0145607143e+00	1.0066986742e+00	0.0000000000e+00	0.0000000000e+00	4.2000375015e-01	1.0000000000e+00	
3.4090493321e-02	1.0147766053e+00	1.0067073580e+00	0.0000000000e+00	0.0000000000e+00	4.1202413645e-01	1.0000000000e+00	
3.4888040727e-02	1.0149900564e+00	1.0067225040e+00	0.0000000000e+00	0.0000000000e+00	4.0408982984e-01	1.0000000000e+00	
3.5705287241e-02	1.0152009641e+00	1.0067460419e+00	0.0000000000e+00	0.0000000000e+00	3.9619142863e-01	1.0000000000e+00	
3.6542992639e-02	1.0154091671e+00	1.0067799998e+00	0.0000000000e+00	0.0000000000e+00	3.8832098094e-01	1.0000000000e+00	
3.7401996736e-02	1.0156144358e+00	1.0068264865e+00	0.0000000000e+00	0.0000000000e+00	3.8047248386e-01	1.0000000000e+00	
3.8283229439e-02	1.0158165533e+00	1.0068877582e+00	0.0000000000e+00	0.0000000000e+00	3.7263846487e-01	1.0000000000e+00	
3.9187721072e-02	1.0160153815e+00	1.0069662628e+00	0.0000000000e+00	0.0000000000e+00	3.6480724086e-01	1.0000000000e+00	
4.0116612771e-02	1.0162107996e+00	1.0070645481e+00	0.0000000000e+00	0.0000000000e+00	3.5696582116e-01	1.0000000000e+00	
4.1071166683e-02	1.0164025236e+00	1.0071850439e+00	0.0000000000e+00	0.0000000000e+00	3.4910800566e-01	1.0000000000e+00	
4.2052775691e-02	1.0165899694e+00	1.0073298793e+00	0.0000000000e+00	0.0000000000e+00	3.4124065347e-01	1.0000000000e+00	
4.3062972371e-02	1.0167723200e+00	1.0075008919e+00	0.0000000000e+00	0.0000000000e+00	3.3338117539e-01	1.0000000000e+00	
4.4103436856e-02	1.0169487550e+00	1.0076997850e+00	0.0000000000e+00	0.0000000000e+00	3.2554801269e-01	1.0000000000e+00	
4.5176003283e-02	1.0171186186e+00	1.0079282063e+00	0.0000000000e+00	0.0000000000e+00	3.1775395502e-01	1.0000000000e+00	
4.6282664490e-02	1.0172813936e+00	1.0081876120e+00	0.0000000000e+00	0.0000000000e+00	3.1000801755e-01	1.0000000000e+00	
4.7425574662e-02	1.0174366529e+00	1.0084790847e+00	0.0000000000e+00	0.0000000000e+00	3.0231846313e-01	1.0000000000e+00	
4.8607049620e-02	1.0175842300e+00	1.0088033440e+00	0.0000000000e+00	0.0000000000e+00	2.9468648075e-01	1.0000000000e+00	
4.9829564515e-02	1.0177244843e+00	1.0091608305e+00	0.0000000000e+00	0.0000000000e+00	2.8709586693e-01	1.0000000000e+00	
5.1095748730e-02	1.0178582525e+00	1.0095514632e+00	0.0000000000e+00	0.0000000000e+00	2.7951648127e-01	1.0000000000e+00	
5.2408377873e-02	1.0179864567e+00	1.0099740541e+00	0.0000000000e+00	0.0000000000e+00	2.7192262246e-01	1.0000000000e+00	
5.3770362856e-02	1.0181098797e+00	1.0104258947e+00	0.0000000000e+00	0.0000000000e+00	2.6430409985e-01	1.0000000000e+00	
5.5184736164e-02	1.0182292719e+00	1.0109026837e+00	0.0000000000e+00	0.0000000000e+00	2.5666280477e-01	1.0000000000e+00	
5.6654635540e-02	1.0183453048e+00	1.0113983254e+00	0.0000000000e+00	0.0000000000e+00	2.4901579784e-01	1.0000000000e+00	
5.8183285489e-02	1.0184584185e+00	1.0119046667e+00	0.0000000000e+00	0.0000000000e+00	2.4140269672e-01	1.0000000000e+00	
5.9773977113e-02	1.0185692811e+00	1.0124119170e+00	0.0000000000e+00	0.0000000000e+00	2.3386596368e-01	1.0000000000e+00	
6.1430046920e-02	1.0186794791e+00	1.0129094015e+00	0.0000000000e+00	0.0000000000e+00	2.2642041324e-01	1.0000000000e+00	
6.3154855383e-02	1.0187914830e+00	1.0133857181e+00	0.0000000000e+00	0.0000000000e+00	2.1905339577e-01	1.0000000000e+00	
6.4951766030e-02	1.0189084111e+00	1.0138288226e+00	0.0000000000e+00	0.0000000000e+00	2.1173290206e-01	1.0000000000e+00	
6.6824125912e-02	1.0190336742e+00	1.0142261324e+00	0.0000000000e+00	0.0000000000e+00	2.0441986822e-01	1.0000000000e+00	
6.8775248214e-02	1.0191698313e+00	1.0145640043e+00	0.0000000000e+00	0.0000000000e+00	1.9711372834e-01	1.0000000000e+00	
7.0808397709e-02	1.0193181742e+00	1.0148281297e+00	0.0000000000e+00	0.0000000000e+00	1.8986496743e-01	1.0000000000e+00	
7.2926779583e-02	1.0194793588e+00	1.0150051776e+00	0.0000000000e+00	0.0000000000e+00	1.8274070634e-01	1.0000000000e+00	
7.5133532044e-02	1.0196541499e+00	1.0150847566e+00	0.0000000000e+00	0.0000000000e+00	1.7578396352e-01	1.0000000000e+00	
7.7431722876e-02	1.0198442877e+00	1.0150617178e+00	0.0000000000e+00	0.0000000000e+00	1.6896611686e-01	1.0000000000e+00	
7.9824349969e-02	1.0200513578e+00	1.0149367158e+00	0.0000000000e+00	0.0000000000e+00	1.6222452147e-01	1.0000000000e+00	
8.2314345665e-02	1.0202747266e+00	1.0147160602e+00	0.0000000000e+00	0.0000000000e+00	1.5553926323e-01	1.0000000000e+00	
8.4904584624e-02	1.0205102247e+00	1.0144123791e+00	0.0000000000e+00	0.0000000000e+00	1.4897692304e-01	1.0000000000e+00	
8.7597894808e-02	1.0207513666e+00	1.0140475745e+00	0.0000000000e+00	0.0000000000e+00	1.4262562012e-01	1.0000000000e+00	
9.0397071114e-02	1.0209917449e+00	1.0136562137e+00	0.0000000000e+00	0.0000000000e+00	1.3648397236e-01	1.0000000000e+00	
9.3304891156e-02	1.0212250232e+00	1.0132850029e+00	0.0000000000e+00	0.0000000000e+00	1.3046497437e-01	1.0000000000e+00	
9.6324132696e-02	1.0214421319e+00	1.0129869471e+00	0.0000000000e+00	0.0000000000e+00	1.2453879404e-01	1.0000000000e+00	
9.9457592234e-02	1.0216307794e+00	1.0128144367e+00	0.0000000000e+00	0.0000000000e+00	1.1879801100e-01	1.0000000000e+00	
1.0270810432e-01	1.0217803837e+00	1.0128141629e+00	0.0000000000e+00	0.0000000000e+00	1.1331147500e-01	1.0000000000e+00	
1.0607856119e-01	1.0218869372e+00	1.0130195196e+00	0.0000000000e+00	0.0000000000e+00	1.0799778499e-01	1.0000000000e+00	
1.0957193241e-01	1.0219511889e+00	1.0134367906e+00	0.0000000000e+00	0.0000000000e+00	1.0278648824e-01	1.0000000000e+00	
1.1319128415e-01	1.0219762995e+00	1.0140351788e+00	0.0000000000e+00	0.0000000000e+00	9.7772284856e-02	1.0000000000e+00	
1.1693979807e-01	1.0219724473e+00	1.0147515237e+00	0.0000000000e+00	0.0000000000e+00	9.3013786676e-02	1.0000000000e+00	
1.2082078927e-01	1.0219585484e+00	1.0155011558e+00	0.0000000000e+00	0.0000000000e+00	8.8396182436e-02	1.0000000000e+00	
1.2483772360e-01	1.0219533654e+00	1.0161853035e+00	0.0000000000e+00	0.0000000000e+00	8.3906733680e-02	1.0000000000e+00	
1.2899423379e-01	1.0219717533e+00	1.0167067626e+00	0.0000000000e+00	0.0000000000e+00	7.9665357608e-02	1.0000000000e+00	
1.3329413463e-01	1.0220291639e+00	1.0169931632e+00	0.0000000000e+00	0.0000000000e+00	7.5600193329e-02	1.0000000000e+00	
1.3774143695e-01	1.0221346580e+00	1.0170060599e+00	0.0000000000e+00	0.0000000000e+00	7.1641801592e-02	1.0000000000e+00	
1.4234036034e-01	1.0222845227e+00	1.0167473386e+00	0.0000000000e+00	0.0000000000e+00	6.7913500232e-02	1.0000000000e+00	
1.4709534472e-01	1.0224697501e+00	1.0162753153e+00	0.0000000000e+00	0.0000000000e+00	6.4346866246e-02	1.0000000000e+00	
1.5201106041e-01	1.0226711003e+00	1.0157007598e+00	0.0000000000e+00	0.0000000000e+00	6.0890068463e-02	1.0000000000e+00	
1.5709241691e-01	1.0228579288e+00	1.0151714488e+00	0.0000000000e+00	0.0000000000e+00	5.7656544893e-02	1.0000000000e+00	
1.6234457012e-01	1.0230031932e+00	1.0148495252e+00	0.0000000000e+00	0.0000000000e+00	5.4529317269e-02	1.0000000000e+00	
1.6777292789e-01	1.0230837377e+00	1.0148521160e+00	0.0000000000e+00	0.0000000000e+00	5.1556723796e-02	1.0000000000e+00	
1.7338315386e-01	1.0230945548e+00	1.0152041533e+00	0.0000000000e+00	0.0000000000e+00	4.8751939235e-02	1.0000000000e+00	
1.7918116927e-01	1.0230544654e+00	1.0158159916e+00	0.0000000000e+00	0.0000000000e+00	4.6037677005e-02	1.0000000000e+00	
1.8517315265e-01	1.0229954585e+00	1.0165021063e+00	0.0000000000e+00	0.0000000000e+00	4.3509370332e-02	1.0000000000e+00	
1.9136553698e-01	1.0229594200e+00	1.0170542751e+00	0.0000000000e+00	0.0000000000e+00	4.1054633376e-02	1.0000000000e+00	
1.9776500411e-01	1.0229746927e+00	1.0173061793e+00	0.0000000000e+00	0.0000000000e+00	3.8771304651e-02	1.0000000000e+00	
2.0437847609e-01	1.0230548323e+00	1.0171996722e+00	0.0000000000e+00	0.0000000000e+00	3.6559801210e-02	1.0000000000e+00	
2.1121310289e-01	1.0231847969e+00	1.0168032850e+00	0.0000000000e+00	0.0000000000e+00	3.4503195069e-02	1.0000000000e+00	
2.1827624617e-01	1.0233312414e+00	1.0163087651e+00	0.0000000000e+00	0.0000000000e+00	3.2513234633e-02	1.0000000000e+00	
2.2557545855e-01	1.0234467863e+00	1.0159591793e+00	0.0000000000e+00	0.0000000000e+00	3.0665507991e-02	1.0000000000e+00	
2.3311845786e-01	1.0234987867e+00	1.0159410520e+00	0.0000000000e+00	0.0000000000e+00	2.8881805670e-02	1.0000000000e+00	
2.4091309578e-01	1.0234836313e+00	1.0162657365e+00	0.0000000000e+00	0.0000000000e+00	2.7216947972e-02	1.0000000000e+00	
2.4896732044e-01	1.0234356054e+00	1.0167547670e+00	0.0000000000e+00	0.0000000000e+00	2.5633852347e-02	1.0000000000e+00	
2.5728913223e-01	1.0234044378e+00	1.0171423414e+00	0.0000000000e+00	0.0000000000e+00	2.4126249930e-02	1.0000000000e+00	
2.6588653247e-01	1.0234253822e+00	1.0172351353e+00	0.0000000000e+00	0.0000000000e+00	2.2723169720e-02	1.0000000000e+00	
2.7476746450e-01	1.0235007006e+00	1.0170274538e+00	0.0000000000e+00	0.0000000000e+00	2.1380569032e-02	1.0000000000e+00	
2.8393974676e-01	1.0235957699e+00	1.0167031026e+00	0.0000000000e+00	0.0000000000e+00	2.0111412968e-02	1.0000000000e+00	
2.9341099781e-01	1.0236624305e+00	1.0165185460e+00	0.0000000000e+00	0.0000000000e+00	1.8928262175e-02	1.0000000000e+00	
3.0318855333e-01	1.0236751891e+00	1.0166141520e+00	0.0000000000e+00	0.0000000000e+00	1.7806248151e-02	1.0000000000e+00	
3.1327937541e-01	1.0236511939e+00	1.0168987385e+00	0.0000000000e+00	0.0000000000e+00	1.6739961872e-02	1.0000000000e+00	
3.2368995495e-01	1.0236344463e+00	1.0171348196e+00	0.0000000000e+00	0.0000000000e+00	1.5739563733e-02	1.0000000000e+00	
3.3442620814e-01	1.0236566099e+00	1.0171527615e+00	0.0000000000e+00	0.0000000000e+00	1.4803745269e-02	1.0000000000e+00	
3.4549336888e-01	1.0237103488e+00	1.0169932550e+00	0.0000000000e+00	0.0000000000e+00	1.3923298680e-02	1.0000000000e+00	
3.5689587924e-01	1.0237589817e+00	1.0168539049e+00	0.0000000000e+00	0.0000000000e+00	1.3092301065e-02	1.0000000000e+00	
3.6863728093e-01	1.0237744394e+00	1.0168854945e+00	0.0000000000e+00	0.0000000000e+00	1.2309141378e-02	1.0000000000e+00	
3.8072011135e-01	1.0237656391e+00	1.0170403039e+00	0.0000000000e+00	0.0000000000e+00	1.1573093331e-02	1.0000000000e+00	
3.9314580850e-01	1.0237645857e+00	1.0171469032e+00	0.0000000000e+00	0.0000000000e+00	1.0882593065e-02	1.0000000000e+00	
4.0591462964e-01	1.0237876534e+00	1.0171178037e+00	0.0000000000e+00	0.0000000000e+00	1.0235368610e-02	1.0000000000e+00	
4.1902558928e-01	1.0238194741e+00	1.0170357882e+00	0.0000000000e+00	0.0000000000e+00	9.6289766589e-03	1.0000000000e+00	
4.3247642223e-01	1.0238364316e+00	1.0170278592e+00	0.0000000000e+00	0.0000000000e+00	9.0611051157e-03	1.0000000000e+00	
4.4626357763e-01	1.0238373187e+00	1.0171008047e+00	0.0000000000e+00	0.0000000000e+00	8.5296126064e-03	1.0000000000e+00	
4.6038224967e-01	1.0238405418e+00	1.0171562077e+00	0.0000000000e+00	0.0000000000e+00	8.0324097830e-03	1.0000000000e+00	
4.7482644982e-01	1.0238557689e+00	1.0171425436e+00	0.0000000000e+00	0.0000000000e+00	7.5672497439e-03	1.0000000000e+00	
4.8958912417e-01	1.0238730449e+00	1.0171135744e+00	0.0000000000e+00	0.0000000000e+00	7.1316097665e-03	1.0000000000e+00	
5.0466231763e-01	1.0238814599e+00	1.0171281757e+00	0.0000000000e+00	0.0000000000e+00	6.7230205593e-03	1.0000000000e+00	
5.2003738463e-01	1.0238849524e+00	1.0171654404e+00	0.0000000000e+00	0.0000000000e+00	6.3400037000e-03	1.0000000000e+00	
5.3570524275e-01	1.0238925043e+00	1.0171771803e+00	0.0000000000e+00	0.0000000000e+00	5.9826528719e-03	1.0000000000e+00	
5.5165666329e-01	1.0239033657e+00	1.0171674144e+00	0.0000000000e+00	0.0000000000e+00	5.6509874314e-03	1.0000000000e+00	
5.6788258959e-01	1.0239112318e+00	1.0171704109e+00	0.0000000000e+00	0.0000000000e+00	5.3419163548e-03	1.0000000000e+00	
5.8437447130e-01	1.0239158295e+00	1.0171883459e+00	0.0000000000e+00	0.0000000000e+00	5.0505686922e-03	1.0000000000e+00	
6.0112460125e-01	1.0239213939e+00	1.0171985311e+00	0.0000000000e+00	0.0000000000e+00	4.7767641472e-03	1.0000000000e+00	
6.1812644021e-01	1.0239283732e+00	1.0171980989e+00	0.0000000000e+00	0.0000000000e+00	4.5236746812e-03	1.0000000000e+00	
6.3537491532e-01	1.0239341366e+00	1.0172017188e+00	0.0000000000e+00	0.0000000000e+00	4.2874764952e-03	1.0000000000e+00	
6.5286667907e-01	1.0239384838e+00	1.0172112226e+00	0.0000000000e+00	0.0000000000e+00	4.0629897448e-03	1.0000000000e+00	
6.7060031812e-01	1.0239430214e+00	1.0172173319e+00	0.0000000000e+00	0.0000000000e+00	3.8547329897e-03	1.0000000000e+00	
6.8857650427e-01	1.0239478731e+00	1.0172196605e+00	0.0000000000e+00	0.0000000000e+00	3.6608176792e-03	1.0000000000e+00	
7.0679808363e-01	1.0239521294e+00	1.0172239294e+00	0.0000000000e+00	0.0000000000e+00	3.4754694398e-03	1.0000000000e+00	
7.2527010338e-01	1.0239557428e+00	1.0172295384e+00	0.0000000000e+00	0.0000000000e+00	3.3045433497e-03	1.0000000000e+00	
7.4399977917e-01	1.0239594411e+00	1.0172334230e+00	0.0000000000e+00	0.0000000000e+00	3.1422959770e-03	1.0000000000e+00	
7.6299640880e-01	1.0239630455e+00	1.0172364560e+00	0.0000000000e+00	0.0000000000e+00	2.9893176272e-03	1.0000000000e+00	
7.8227123993e-01	1.0239662296e+00	1.0172402264e+00	0.0000000000e+00	0.0000000000e+00	2.8467148629e-03	1.0000000000e+00	
8.0183730105e-01	1.0239692699e+00	1.0172439167e+00	0.0000000000e+00	0.0000000000e+00	2.7099359929e-03	1.0000000000e+00	
8.2170920520e-01	1.0239721846e+00	1.0172468101e+00	0.0000000000e+00	0.0000000000e+00	2.5832178583e-03	1.0000000000e+00	
8.4190293622e-01	1.0239749644e+00	1.0172497565e+00	0.0000000000e+00	0.0000000000e+00	2.4610811809e-03	1.0000000000e+00	
8.6243562651e-01	1.0239775089e+00	1.0172527480e+00	0.0000000000e+00	0.0000000000e+00	2.3472724097e-03	1.0000000000e+00	
8.8332533449e-01	1.0239799743e+00	1.0172554295e+00	0.0000000000e+00	0.0000000000e+00	2.2384830801e-03	1.0000000000e+00	
9.0459082892e-01	1.0239823274e+00	1.0172579374e+00	0.0000000000e+00	0.0000000000e+00	2.1350035286e-03	1.0000000000e+00	
9.2625138601e-01	1.0239845034e+00	1.0172604100e+00	0.0000000000e+00	0.0000000000e+00	2.0382633461e-03	1.0000000000e+00	
9.4832660398e-01	1.0239866182e+00	1.0172627786e+00	0.0000000000e+00	0.0000000000e+00	1.9444776679e-03	1.0000000000e+00	
9.7083623879e-01	1.0239886212e+00	1.0172649742e+00	0.0000000000e+00	0.0000000000e+00	1.8559750395e-03	1.0000000000e+00	
9.9380006346e-01	1.0239904999e+00	1.0172670775e+00	0.0000000000e+00	0.0000000000e+00	1.7726693219e-03	1.0000000000e+00	
1.0172377524e+00	1.0239923059e+00	1.0172691011e+00	0.0000000000e+00	0.0000000000e+00	1.6925710386e-03	1.0000000000e+00	
1.0411687913e+00	1.0239940415e+00	1.0172710321e+00	0.0000000000e+00	0.0000000000e+00	1.6156918899e-03	1.0000000000e+00	
1.0656124125e+00	1.0239956885e+00	1.0172728742e+00	0.0000000000e+00	0.0000000000e+00	1.5426681317e-03	1.0000000000e+00	
1.0905875538e+00	1.0239972515e+00	1.0172746272e+00	0.0000000000e+00	0.0000000000e+00	1.4733367197e-03	1.0000000000e+00	
1.1161128404e+00	1.0239987392e+00	1.0172763065e+00	0.0000000000e+00	0.0000000000e+00	1.4072709860e-03	1.0000000000e+00	
1.1422065862e+00	1.0240001587e+00	1.0172779196e+00	0.0000000000e+00	0.0000000000e+00	1.3441635110e-03	1.0000000000e+00	
1.1688868129e+00	1.0240015152e+00	1.0172794644e+00	0.0000000000e+00	0.0000000000e+00	1.2838298573e-03	1.0000000000e+00	
1.1961712829e+00	1.0240028110e+00	1.0172809463e+00	0.0000000000e+00	0.0000000000e+00	1.2261585073e-03	1.0000000000e+00	
1.2240775441e+00	1.0240040466e+00	1.0172823619e+00	0.0000000000e+00	0.0000000000e+00	1.1711460786e-03	1.0000000000e+00	
1.2526229817e+00	1.0240052216e+00	1.0172837067e+00	0.0000000000e+00	0.0000000000e+00	1.1188390660e-03	1.0000000000e+00	
1.2818248767e+00	1.0240063391e+00	1.0172849877e+00	0.0000000000e+00	0.0000000000e+00	1.0690819414e-03	1.0000000000e+00	
1.3117004661e+00	1.0240074157e+00	1.0172862235e+00	0.0000000000e+00	0.0000000000e+00	1.0211326066e-03	1.0000000000e+00	
1.3422670031e+00	1.0240084531e+00	1.0172874176e+00	0.0000000000e+00	0.0000000000e+00	9.7490681717e-04	1.0000000000e+00	
1.3735418171e+00	1.0240094233e+00	1.0172885478e+00	0.0000000000e+00	0.0000000000e+00	9.3158330564e-04	1.0000000000e+00	
1.4055423691e+00	1.0240103591e+00	1.0172896451e+00	0.0000000000e+00	0.0000000000e+00	8.8974578079e-04	1.0000000000e+00	
1.4382863040e+00	1.0240112528e+00	1.0172906961e+00	0.0000000000e+00	0.0000000000e+00	8.4977150326e-04	1.0000000000e+00	
1.4717914986e+00	1.0240121029e+00	1.0172916964e+00	0.0000000000e+00	0.0000000000e+00	8.1174139764e-04	1.0000000000e+00	
1.5060761035e+00	1.0240129147e+00	1.0172926507e+00	0.0000000000e+00	0.0000000000e+00	7.7543404604e-04	1.0000000000e+00	
1.5411585813e+00	1.0240136993e+00	1.0172935720e+00	0.0000000000e+00	0.0000000000e+00	7.4034790509e-04	1.0000000000e+00	
1.5770577397e+00	1.0240144351e+00	1.0172944427e+00	0.0000000000e+00	0.0000000000e+00	7.0739693557e-04	1.0000000000e+00	
1.6137927605e+00	1.0240151396e+00	1.0172952847e+00	0.0000000000e+00	0.0000000000e+00	6.7579279748e-04	1.0000000000e+00	
1.6513832247e+00	1.0240158168e+00	1.0172961012e+00	0.0000000000e+00	0.0000000000e+00	6.4536230402e-04	1.0000000000e+00	
1.6898491350e+00	1.0240164634e+00	1.0172968829e+00	0.0000000000e+00	0.0000000000e+00	6.1629440137e-04	1.0000000000e+00	
1.7292109354e+00	1.0240170792e+00	1.0172976259e+00	0.0000000000e+00	0.0000000000e+00	5.8862377841e-04	1.0000000000e+00	
1.7694895287e+00	1.0240176664e+00	1.0172983340e+00	0.0000000000e+00	0.0000000000e+00	5.6223838856e-04	1.0000000000e+00	
1.8107062925e+00	1.0240182251e+00	1.0172990109e+00	0.0000000000e+00	0.0000000000e+00	5.3711171292e-04	1.0000000000e+00	
1.8528830944e+00	1.0240187590e+00	1.0172996650e+00	0.0000000000e+00	0.0000000000e+00	5.1305144516e-04	1.0000000000e+00	
1.8960423059e+00	1.0240192735e+00	1.0173003013e+00	0.0000000000e+00	0.0000000000e+00	4.8982212494e-04	1.0000000000e+00	
1.9402068161e+00	1.0240197615e+00	1.0173009066e+00	0.0000000000e+00	0.0000000000e+00	4.6777965113e-04	1.0000000000e+00	
1.9854000448e+00	1.0240202221e+00	1.0173014770e+00	0.0000000000e+00	0.0000000000e+00	4.4698018581e-04	1.0000000000e+00	
2.0316459563e+00	1.0240206720e+00	1.0173020323e+00	0.0000000000e+00	0.0000000000e+00	4.2667648644e-04	1.0000000000e+00	
2.0789690717e+00	1.0240210914e+00	1.0173025572e+00	0.0000000000e+00	0.0000000000e+00	4.0769875564e-04	1.0000000000e+00	
2.1273944833e+00	1.0240214965e+00	1.0173030695e+00	0.0000000000e+00	0.0000000000e+00	3.8933540533e-04	1.0000000000e+00	
2.1769478671e+00	1.0240218851e+00	1.0173035623e+00	0.0000000000e+00	0.0000000000e+00	3.7170660783e-04	1.0000000000e+00	
2.2276554972e+00	1.0240222528e+00	1.0173040275e+00	0.0000000000e+00	0.0000000000e+00	3.5503441106e-04	1.0000000000e+00	
2.2795442597e+00	1.0240226037e+00	1.0173044720e+00	0.0000000000e+00	0.0000000000e+00	3.3912380290e-04	1.0000000000e+00	
2.3326416666e+00	1.0240229392e+00	1.0173049015e+00	0.0000000000e+00	0.0000000000e+00	3.2387689161e-04	1.0000000000e+00	
2.3869758709e+00	1.0240232597e+00	1.0173053161e+00	0.0000000000e+00	0.0000000000e+00	3.0928311321e-04	1.0000000000e+00	
2.4425756815e+00	1.0240235650e+00	1.0173057109e+00	0.0000000000e+00	0.0000000000e+00	2.9538149852e-04	1.0000000000e+00	
2.4994705780e+00	1.0240238535e+00	1.0173060838e+00	0.0000000000e+00	0.0000000000e+00	2.8224677877e-04	1.0000000000e+00	
2.5576907269e+00	1.0240241343e+00	1.0173064477e+00	0.0000000000e+00	0.0000000000e+00	2.6945595744e-04	1.0000000000e+00	
2.6172669972e+00	1.0240243980e+00	1.0173067945e+00	0.0000000000e+00	0.0000000000e+00	2.5740910610e-04	1.0000000000e+00	
2.6782309772e+00	1.0240246536e+00	1.0173071295e+00	0.0000000000e+00	0.0000000000e+00	2.4574026202e-04	1.0000000000e+00	
2.7406149907e+00	1.0240248933e+00	1.0173074440e+00	0.0000000000e+00	0.0000000000e+00	2.3479759366e-04	1.0000000000e+00	
2.8044521145e+00	1.0240251236e+00	1.0173077477e+00	0.0000000000e+00	0.0000000000e+00	2.2426901941e-04	1.0000000000e+00	
2.8697761959e+00	1.0240253443e+00	1.0173080407e+00	0.0000000000e+00	0.0000000000e+00	2.1416926587e-04	1.0000000000e+00	
2.9366218707e+00	1.0240255546e+00	1.0173083193e+00	0.0000000000e+00	0.0000000000e+00	2.0455030373e-04	1.0000000000e+00	
3.0050245813e+00	1.0240257559e+00	1.0173085855e+00	0.0000000000e+00	0.0000000000e+00	1.9534149519e-04	1.0000000000e+00	
3.0750205957e+00	1.0240259499e+00	1.0173088429e+00	0.0000000000e+00	0.0000000000e+00	1.8646766210e-04	1.0000000000e+00	
3.1466470267e+00	1.0240261312e+00	1.0173090851e+00	0.0000000000e+00	0.0000000000e+00	1.7815811120e-04	1.0000000000e+00	
3.2199418516e+00	1.0240263077e+00	1.0173093186e+00	0.0000000000e+00	0.0000000000e+00	1.7008615923e-04	1.0000000000e+00	
3.2949439322e+00	1.0240264730e+00	1.0173095387e+00	0.0000000000e+00	0.0000000000e+00	1.6251469472e-04	1.0000000000e+00	
3.3716930358e+00	1.0240266332e+00	1.0173097512e+00	0.0000000000e+00	0.0000000000e+00	1.5518630084e-04	1.0000000000e+00	
3.4502298557e+00	1.0240267863e+00	1.0173099529e+00	0.0000000000e+00	0.0000000000e+00	1.4819030230e-04	1.0000000000e+00	
3.5305960331e+00	1.0240269318e+00	1.0173101444e+00	0.0000000000e+00	0.0000000000e+00	1.4154274520e-04	1.0000000000e+00	
3.6128341792e+00	1.0240270709e+00	1.0173103267e+00	0.0000000000e+00	0.0000000000e+00	1.3519293194e-04	1.0000000000e+00	
3.6969878979e+00	1.0240272060e+00	1.0173105015e+00	0.0000000000e+00	0.0000000000e+00	1.2903883148e-04	1.0000000000e+00	
3.7831018084e+00	1.0240273320e+00	1.0173106642e+00	0.0000000000e+00	0.0000000000e+00	1.2330404465e-04	1.0000000000e+00	
3.8712215697e+00	1.0240274557e+00	1.0173108214e+00	0.0000000000e+00	0.0000000000e+00	1.1769128345e-04	1.0000000000e+00	
3.9613939038e+00	1.0240275725e+00	1.0173109682e+00	0.0000000000e+00	0.0000000000e+00	1.1240077802e-04	1.0000000000e+00	
4.0536666214e+00	1.0240276845e+00	1.0173111070e+00	0.0000000000e+00	0.0000000000e+00	1.0734378275e-04	1.0000000000e+00	
4.1480886467e+00	1.0240277919e+00	1.0173112376e+00	0.0000000000e+00	0.0000000000e+00	1.0250861353e-04	1.0000000000e+00	
4.2447100436e+00	1.0240278938e+00	1.0173113589e+00	0.0000000000e+00	0.0000000000e+00	9.7942313601e-05	1.0000000000e+00	
4.3435820418e+00	1.0240279930e+00	1.0173114741e+00	0.0000000000e+00	0.0000000000e+00	9.3513542329e-05	1.0000000000e+00	
4.4447570648e+00	1.0240280870e+00	1.0173115800e+00	0.0000000000e+00	0.0000000000e+00	8.9341291028e-05	1.0000000000e+00	
4.5482887568e+00	1.0240281786e+00	1.0173116797e+00	0.0000000000e+00	0.0000000000e+00	8.5299548151e-05	1.0000000000e+00	
4.6542320117e+00	1.0240282661e+00	1.0173117712e+00	0.0000000000e+00	0.0000000000e+00	8.1463452826e-05	1.0000000000e+00	
4.7626430020e+00	1.0240283499e+00	1.0173118547e+00	0.0000000000e+00	0.0000000000e+00	7.7817780903e-05	1.0000000000e+00	
4.8735792087e+00	1.0240284319e+00	1.0173119321e+00	0.0000000000e+00	0.0000000000e+00	7.4280232127e-05	1.0000000000e+00	
4.9870994516e+00	1.0240285094e+00	1.0173120005e+00	0.0000000000e+00	0.0000000000e+00	7.0970125651e-05	1.0000000000e+00	
5.1032639206e+00	1.0240285854e+00	1.0173120627e+00	0.0000000000e+00	0.0000000000e+00	6.7754240831e-05	1.0000000000e+00	
5.2221342078e+00	1.0240286584e+00	1.0173121171e+00	0.0000000000e+00	0.0000000000e+00	6.4704331618e-05	1.0000000000e+00	
5.3437733395e+00	1.0240287286e+00	1.0173121636e+00	0.0000000000e+00	0.0000000000e+00	6.1811876501e-05	1.0000000000e+00	
5.4682458107e+00	1.0240287974e+00	1.0173122037e+00	0.0000000000e+00	0.0000000000e+00	5.9012207198e-05	1.0000000000e+00	
5.5956176182e+00	1.0240288633e+00	1.0173122355e+00	0.0000000000e+00	0.0000000000e+00	5.6378042481e-05	1.0000000000e+00	
5.7259562961e+00	1.0240289281e+00	1.0173122608e+00	0.0000000000e+00	0.0000000000e+00	5.3829654210e-05	1.0000000000e+00	
5.8593309519e+00	1.0240289906e+00	1.0173122780e+00	0.0000000000e+00	0.0000000000e+00	5.1416048712e-05	1.0000000000e+00	
5.9958123026e+00	1.0240290519e+00	1.0173122881e+00	0.0000000000e+00	0.0000000000e+00	4.9098322311e-05	1.0000000000e+00	
6.1354727123e+00	1.0240291119e+00	1.0173122906e+00	0.0000000000e+00	0.0000000000e+00	4.6881261459e-05	1.0000000000e+00	
6.2783862308e+00	1.0240291707e+00	1.0173122855e+00	0.0000000000e+00	0.0000000000e+00	4.4757923598e-05	1.0000000000e+00	
6.4246286328e+00	1.0240292281e+00	1.0173122722e+00	0.0000000000e+00	0.0000000000e+00	4.2746189264e-05	1.0000000000e+00	
6.5742774579e+00	1.0240292839e+00	1.0173122504e+00	0.0000000000e+00	0.0000000000e+00	4.0844828298e-05	1.0000000000e+00	
6.7274120520e+00	1.0240293400e+00	1.0173122216e+00	0.0000000000e+00	0.0000000000e+00	3.8984733400e-05	1.0000000000e+00	
6.8841136090e+00	1.0240293947e+00	1.0173121838e+00	0.0000000000e+00	0.0000000000e+00	3.7237347880e-05	1.0000000000e+00	
7.0444652142e+00	1.0240294491e+00	1.0173121378e+00	0.0000000000e+00	0.0000000000e+00	3.5556368239e-05	1.0000000000e+00	
7.2085518880e+00	1.0240295026e+00	1.0173120827e+00	0.0000000000e+00	0.0000000000e+00	3.3971511225e-05	1.0000000000e+00	
7.3764606315e+00	1.0240295564e+00	1.0173120195e+00	0.0000000000e+00	0.0000000000e+00	3.2427828136e-05	1.0000000000e+00	
7.5482804721e+00	1.0240296098e+00	1.0173119468e+00	0.0000000000e+00	0.0000000000e+00	3.0966400463e-05	1.0000000000e+00	
7.7241025108e+00	1.0240296628e+00	1.0173118644e+00	0.0000000000e+00	0.0000000000e+00	2.9587076803e-05	1.0000000000e+00	
7.9040199710e+00	1.0240297164e+00	1.0173117730e+00	0.0000000000e+00	0.0000000000e+00	2.8244585327e-05	1.0000000000e+00	
8.0881282472e+00	1.0240297699e+00	1.0173116713e+00	0.0000000000e+00	0.0000000000e+00	2.6977226294e-05	1.0000000000e+00	
8.2765249560e+00	1.0240298240e+00	1.0173115596e+00	0.0000000000e+00	0.0000000000e+00	2.5759001141e-05	1.0000000000e+00	
8.4693099879e+00	1.0240298781e+00	1.0173114369e+00	0.0000000000e+00	0.0000000000e+00	2.4612557180e-05	1.0000000000e+00	
8.6665855601e+00	1.0240299331e+00	1.0173113036e+00	0.0000000000e+00	0.0000000000e+00	2.3507185096e-05	1.0000000000e+00	
8.8684562706e+00	1.0240299891e+00	1.0173111593e+00	0.0000000000e+00	0.0000000000e+00	2.2440235808e-05	1.0000000000e+00	
9.0750291541e+00	1.0240300456e+00	1.0173110030e+00	0.0000000000e+00	0.0000000000e+00	2.1436909295e-05	1.0000000000e+00	
9.2864137381e+00	1.0240301032e+00	1.0173108347e+00	0.0000000000e+00	0.0000000000e+00	2.0471831032e-05	1.0000000000e+00	
9.5027221016e+00	1.0240301621e+00	1.0173106540e+00	0.0000000000e+00	0.0000000000e+00	1.9546933073e-05	1.0000000000e+00	
9.7240689342e+00	1.0240302221e+00	1.0173104601e+00	0.0000000000e+00	0.0000000000e+00	1.8673303140e-05	1.0000000000e+00	
9.9505715968e+00	1.0240302837e+00	1.0173102528e+00	0.0000000000e+00	0.0000000000e+00	1.7831772390e-05	1.0000000000e+00	
1.0182350184e+01	1.0240303470e+00	1.0173100317e+00	0.0000000000e+00	0.0000000000e+00	1.7020765574e-05	1.0000000000e+00	
1.0419527588e+01	1.0240304119e+00	1.0173097958e+00	0.0000000000e+00	0.0000000000e+00	1.6252978884e-05	1.0000000000e+00	
1.0662229564e+01	1.0240304785e+00	1.0173095446e+00	0.0000000000e+00	0.0000000000e+00	1.5530965970e-05	1.0000000000e+00	
1.0910584795e+01	1.0240305474e+00	1.0173092779e+00	0.0000000000e+00	0.0000000000e+00	1.4825265594e-05	1.0000000000e+00	
1.1164724962e+01	1.0240306183e+00	1.0173089945e+00	0.0000000000e+00	0.0000000000e+00	1.4163861310e-05	1.0000000000e+00	
1.1424784815e+01	1.0240306918e+00	1.0173086944e+00	0.0000000000e+00	0.0000000000e+00	1.3519396416e-05	1.0000000000e+00	
1.1690902239e+01	1.0240307677e+00	1.0173083762e+00	0.0000000000e+00	0.0000000000e+00	1.2911944787e-05	1.0000000000e+00	
1.1963218335e+01	1.0240308462e+00	1.0173080394e+00	0.0000000000e+00	0.0000000000e+00	1.2334259946e-05	1.0000000000e+00	
1.2241877487e+01	1.0240309278e+00	1.0173076834e+00	0.0000000000e+00	0.0000000000e+00	1.1777898814e-05	1.0000000000e+00	
1.2527027445e+01	1.0240310123e+00	1.0173073070e+00	0.0000000000e+00	0.0000000000e+00	1.1249586486e-05	1.0000000000e+00	
1.2818819399e+01	1.0240311002e+00	1.0173069097e+00	0.0000000000e+00	0.0000000000e+00	1.0745160232e-05	1.0000000000e+00	
1.3117408060e+01	1.0240311917e+00	1.0173064905e+00	0.0000000000e+00	0.0000000000e+00	1.0255418894e-05	1.0000000000e+00	
1.3422951745e+01	1.0240312867e+00	1.0173060481e+00	0.0000000000e+00	0.0000000000e+00	9.7943894488e-06	1.0000000000e+00	
1.3735612456e+01	1.0240313856e+00	1.0173055818e+00	0.0000000000e+00	0.0000000000e+00	9.3571690723e-06	1.0000000000e+00	
1.4055555971e+01	1.0240314887e+00	1.0173050905e+00	0.0000000000e+00	0.0000000000e+00	8.9331313032e-06	1.0000000000e+00	
1.4382951928e+01	1.0240315961e+00	1.0173045730e+00	0.0000000000e+00	0.0000000000e+00	8.5350505963e-06	1.0000000000e+00	
1.4717973916e+01	1.0240317082e+00	1.0173040283e+00	0.0000000000e+00	0.0000000000e+00	8.1464749547e-06	1.0000000000e+00	
1.5060799569e+01	1.0240318251e+00	1.0173034549e+00	0.0000000000e+00	0.0000000000e+00	7.7807473822e-06	1.0000000000e+00	
1.5411610657e+01	1.0240319471e+00	1.0173028517e+00	0.0000000000e+00	0.0000000000e+00	7.4332878384e-06	1.0000000000e+00	
1.5770593185e+01	1.0240320744e+00	1.0173022173e+00	0.0000000000e+00	0.0000000000e+00	7.1000068356e-06	1.0000000000e+00	
1.6137937490e+01	1.0240322075e+00	1.0173015504e+00	0.0000000000e+00	0.0000000000e+00	6.7778695338e-06	1.0000000000e+00	
1.6513838344e+01	1.0240323465e+00	1.0173008493e+00	0.0000000000e+00	0.0000000000e+00	6.4737935674e-06	1.0000000000e+00	
1.6898495053e+01	1.0240324919e+00	1.0173001126e+00	0.0000000000e+00	0.0000000000e+00	6.1818040357e-06	1.0000000000e+00	
1.7292111567e+01	1.0240326437e+00	1.0172993386e+00	0.0000000000e+00	0.0000000000e+00	5.9056480148e-06	1.0000000000e+00	
1.7694896589e+01	1.0240328026e+00	1.0172985258e+00	0.0000000000e+00	0.0000000000e+00	5.6361100853e-06	1.0000000000e+00	
1.8107063678e+01	1.0240329687e+00	1.0172976720e+00	0.0000000000e+00	0.0000000000e+00	5.3824914957e-06	1.0000000000e+00	
1.8528831373e+01	1.0240331424e+00	1.0172967757e+00	0.0000000000e+00	0.0000000000e+00	5.1400608146e-06	1.0000000000e+00	
1.8960423299e+01	1.0240333241e+00	1.0172958347e+00	0.0000000000e+00	0.0000000000e+00	4.9114520949e-06	1.0000000000e+00	
1.9402068293e+01	1.0240335143e+00	1.0172948471e+00	0.0000000000e+00	0.0000000000e+00	4.6881547299e-06	1.0000000000e+00	
1.9854000520e+01	1.0240337133e+00	1.0172938106e+00	0.0000000000e+00	0.0000000000e+00	4.4773981750e-06	1.0000000000e+00	
2.0316459600e+01	1.0240339216e+00	1.0172927230e+00	0.0000000000e+00	0.0000000000e+00	4.2758404467e-06	1.0000000000e+00	
2.0789690737e+01	1.0240341396e+00	1.0172915820e+00	0.0000000000e+00	0.0000000000e+00	4.0832397518e-06	1.0000000000e+00	
2.1273944843e+01	1.0240343677e+00	1.0172903850e+00	0.0000000000e+00	0.0000000000e+00	3.9013506357e-06	1.0000000000e+00	
2.1769478676e+01	1.0240346066e+00	1.0172891295e+00	0.0000000000e+00	0.0000000000e+00	3.7240619619e-06	1.0000000000e+00	
2.2276554975e+01	1.0240348567e+00	1.0172878127e+00	0.0000000000e+00	0.0000000000e+00	3.5570158885e-06	1.0000000000e+00	
2.2795442598e+01	1.0240351185e+00	1.0172864319e+00	0.0000000000e+00	0.0000000000e+00	3.3982149066e-06	1.0000000000e+00	
2.3326416666e+01	1.0240353926e+00	1.0172849839e+00	0.0000000000e+00	0.0000000000e+00	3.2452456789e-06	1.0000000000e+00	
2.3869758709e+01	1.0240356797e+00	1.0172834658e+00	0.0000000000e+00	0.0000000000e+00	3.0984386534e-06	1.0000000000e+00	
2.4425756815e+01	1.0240359802e+00	1.0172818741e+00	0.0000000000e+00	0.0000000000e+00	2.9591393580e-06	1.0000000000e+00	
2.4994705780e+01	1.0240362949e+00	1.0172802055e+00	0.0000000000e+00	0.0000000000e+00	2.8260773410e-06	1.0000000000e+00	
2.5576907269e+01	1.0240366245e+00	1.0172784564e+00	0.0000000000e+00	0.0000000000e+00	2.6989444427e-06	1.0000000000e+00	
2.6172669972e+01	1.0240369697e+00	1.0172766231e+00	0.0000000000e+00	0.0000000000e+00	2.5771485042e-06	1.0000000000e+00	
2.6782309772e+01	1.0240373311e+00	1.0172747015e+00	0.0000000000e+00	0.0000000000e+00	2.4607767419e-06	1.0000000000e+00	
2.7406149907e+01	1.0240377096e+00	1.0172726877e+00	0.0000000000e+00	0.0000000000e+00	2.3495974781e-06	1.0000000000e+00	
2.8044521145e+01	1.0240381060e+00	1.0172705772e+00	0.0000000000e+00	0.0000000000e+00	2.2441505294e-06	1.0000000000e+00	
2.8697761959e+01	1.0240385211e+00	1.0172683655e+00	0.0000000000e+00	0.0000000000e+00	2.1443278037e-06	1.0000000000e+00	
2.9366218707e+01	1.0240389558e+00	1.0172660479e+00	0.0000000000e+00	0.0000000000e+00	2.0460738949e-06	1.0000000000e+00	
3.0050245813e+01	1.0240394111e+00	1.0172636195e+00	0.0000000000e+00	0.0000000000e+00	1.9547169080e-06	1.0000000000e+00	
