5.4502000000e-06	2.7124000000e+01
5.6350000000e-06	2.8008000000e+01
5.8260000000e-06	2.8921000000e+01
6.0234000000e-06	2.9863000000e+01
6.2276000000e-06	3.0836000000e+01
6.4387000000e-06	3.1841000000e+01
6.6569000000e-06	3.2878000000e+01
6.8826000000e-06	3.3949000000e+01
7.1159000000e-06	3.5056000000e+01
7.3571000000e-06	3.6198000000e+01
7.6064000000e-06	3.7377000000e+01
7.8642000000e-06	3.8595000000e+01
8.1308000000e-06	3.9853000000e+01
8.4064000000e-06	4.1151000000e+01
8.6913000000e-06	4.2492000000e+01
8.9859000000e-06	4.3876000000e+01
9.2905000000e-06	4.5306000000e+01
9.6054000000e-06	4.6782000000e+01
9.9310000000e-06	4.8307000000e+01
1.0268000000e-05	4.9881000000e+01
1.0616000000e-05	5.1506000000e+01
1.0975000000e-05	5.3184000000e+01
1.1347000000e-05	5.4917000000e+01
1.1732000000e-05	5.6706000000e+01
1.2130000000e-05	5.8554000000e+01
1.2541000000e-05	6.0461999794e+01
1.2966000000e-05	6.2431999787e+01
1.3405000000e-05	6.4465999781e+01
1.3860000000e-05	6.6565999773e+01
1.4330000000e-05	6.8735000000e+01
1.4815000000e-05	7.0974999764e+01
1.5317000000e-05	7.3286999757e+01
1.5837000000e-05	7.5674999746e+01
1.6373000000e-05	7.8140999740e+01
1.6928000000e-05	8.0686999732e+01
1.7502000000e-05	8.3315999723e+01
1.8095000000e-05	8.6031000000e+01
1.8709000000e-05	8.8834000000e+01
1.9343000000e-05	9.1728000000e+01
1.9999000000e-05	9.4717000000e+01
2.0676000000e-05	9.7802999676e+01
2.1377000000e-05	1.0098999898e+02
2.2102000000e-05	1.0427999929e+02
2.2851000000e-05	1.0767999890e+02
2.3625000000e-05	1.1118999889e+02
2.4426000000e-05	1.1480999886e+02
2.5254000000e-05	1.1854999806e+02
2.6110000000e-05	1.2240999880e+02
2.6995000000e-05	1.2639999834e+02
2.7910000000e-05	1.3051999912e+02
2.8856000000e-05	1.3476999953e+02
2.9834000000e-05	1.3915999860e+02
3.0846000000e-05	1.4369999810e+02
3.1891000000e-05	1.4837999804e+02
3.2972000000e-05	1.5320995723e+02
3.4090000000e-05	1.5819995634e+02
3.5245000000e-05	1.6335995491e+02
3.6440000000e-05	1.6867999773e+02
3.7675000000e-05	1.7417999414e+02
3.8952000000e-05	1.7984999457e+02
4.0272000000e-05	1.8570999562e+02
4.1637000000e-05	1.9175999545e+02
4.3048000000e-05	1.9801107225e+02
4.4508000000e-05	2.0446110789e+02
4.6016000000e-05	2.1112006752e+02
4.7576000000e-05	2.1799888409e+02
4.9188000000e-05	2.2509999544e+02
5.0856000000e-05	2.3243999530e+02
5.2580000000e-05	2.4000999516e+02
5.4362000000e-05	2.4782998923e+02
5.6204000000e-05	2.5589998974e+02
5.8109000000e-05	2.6423998767e+02
6.0079000000e-05	2.7283991743e+02
6.2115000000e-05	2.8172991091e+02
6.4221000000e-05	2.9090990401e+02
6.6398000000e-05	3.0039008489e+02
6.8648000000e-05	3.1017009178e+02
7.0975000000e-05	3.2028009487e+02
7.3381000000e-05	3.3070997896e+02
7.5868000000e-05	3.4147988533e+02
7.8439000000e-05	3.5259987556e+02
8.1098000000e-05	3.6408801723e+02
8.3847000000e-05	3.7595009484e+02
8.6689000000e-05	3.8819010198e+02
8.9627000000e-05	4.0083996647e+02
9.2665000000e-05	4.1388984010e+02
9.5806000000e-05	4.2736998421e+02
9.9053000000e-05	4.4129009656e+02
1.0241000000e-04	4.5565998338e+02
1.0588000000e-04	4.7049741272e+02
1.0947000000e-04	4.8581997220e+02
1.1318000000e-04	5.0163996306e+02
1.1702000000e-04	5.1796995490e+02
1.2098000000e-04	5.3483994987e+02
1.2508000000e-04	5.5224993322e+02
1.2932000000e-04	5.7022992745e+02
1.3371000000e-04	5.8879976657e+02
1.3824000000e-04	6.0796321117e+02
1.4293000000e-04	6.2774652877e+02
1.4777000000e-04	6.4818340845e+02
1.5278000000e-04	6.6927628335e+02
1.5796000000e-04	6.9105990070e+02
1.6331000000e-04	7.1355007016e+02
1.6885000000e-04	7.3675986191e+02
1.7457000000e-04	7.6072984204e+02
1.8049000000e-04	7.8547981807e+02
1.8660000000e-04	8.1102544728e+02
1.9293000000e-04	8.3740527108e+02
1.9947000000e-04	8.6463509442e+02
2.0623000000e-04	8.9274975490e+02
2.1322000000e-04	9.2177502476e+02
2.2045000000e-04	9.5173458748e+02
2.2792000000e-04	9.8267961135e+02
2.3565000000e-04	1.0145996466e+03
2.4363000000e-04	1.0475942468e+03
2.5189000000e-04	1.0815994999e+03
2.6043000000e-04	1.1166995214e+03
2.6926000000e-04	1.1529994204e+03
2.7838000000e-04	1.1903932831e+03
2.8782000000e-04	1.2290996846e+03
2.9757000000e-04	1.2689061383e+03
3.0766000000e-04	1.3100924534e+03
3.1809000000e-04	1.3525990934e+03
3.2887000000e-04	1.3963994408e+03
3.4002000000e-04	1.4416988938e+03
3.5154000000e-04	1.4883907411e+03
3.6346000000e-04	1.5365986465e+03
3.7578000000e-04	1.5862985601e+03
3.8851000000e-04	1.6375984593e+03
4.0168000000e-04	1.6905981701e+03
4.1530000000e-04	1.7452975891e+03
4.2937000000e-04	1.8016978276e+03
4.4393000000e-04	1.8597976449e+03
4.5897000000e-04	1.9198974014e+03
4.7453000000e-04	1.9817971314e+03
4.9062000000e-04	2.0456968399e+03
5.0724000000e-04	2.1115965114e+03
5.2444000000e-04	2.1795849342e+03
5.4221000000e-04	2.2496835414e+03
5.6059000000e-04	2.3219952531e+03
5.7959000000e-04	2.3965954725e+03
5.9924000000e-04	2.4734815393e+03
6.1955000000e-04	2.5527936519e+03
6.4055000000e-04	2.6345930587e+03
6.6226000000e-04	2.7188923437e+03
6.8471000000e-04	2.8058772098e+03
7.0792000000e-04	2.8954907973e+03
7.3191000000e-04	2.9877897509e+03
7.5672000000e-04	3.0829727705e+03
7.8237000000e-04	3.1811884828e+03
8.0889000000e-04	3.2822861496e+03
8.3631000000e-04	3.3863673324e+03
8.6465000000e-04	3.4937832149e+03
8.9396000000e-04	3.6042619261e+03
9.2426000000e-04	3.7181605097e+03
9.5559000000e-04	3.8354775882e+03
9.8798000000e-04	3.9562549161e+03
1.0215000000e-03	4.0806726689e+03
1.0561000000e-03	4.2087698414e+03
1.0919000000e-03	4.3405431688e+03
1.1289000000e-03	4.4762632178e+03
1.1672000000e-03	4.6158346128e+03
1.2067000000e-03	4.7594310629e+03
1.2476000000e-03	4.9072256666e+03
1.2899000000e-03	5.0592182660e+03
1.3336000000e-03	5.2155136228e+03
1.3788000000e-03	5.3762050259e+03
1.4256000000e-03	5.5413972302e+03
1.4739000000e-03	5.7111597287e+03
1.5238000000e-03	5.8856514477e+03
1.5755000000e-03	6.0648714969e+03
1.6289000000e-03	6.2489271706e+03
1.6841000000e-03	6.4379141079e+03
1.7412000000e-03	6.6320002166e+03
1.8002000000e-03	6.8310846793e+03
1.8612000000e-03	7.0354680233e+03
1.9243000000e-03	7.2449519547e+03
1.9895000000e-03	7.4599300702e+03
2.0570000000e-03	7.6802084020e+03
2.1267000000e-03	7.9058415764e+03
2.1988000000e-03	8.1371145679e+03
2.2733000000e-03	8.3739417290e+03
2.3504000000e-03	8.6164527543e+03
2.4300000000e-03	8.8644745124e+03
2.5124000000e-03	9.1183296929e+03
2.5976000000e-03	9.3777376514e+03
2.6856000000e-03	9.6429920911e+03
2.7766000000e-03	9.9140398586e+03
2.8707000000e-03	1.0191178998e+04
2.9680000000e-03	1.0473119670e+04
3.0687000000e-03	1.0760992993e+04
3.1727000000e-03	1.1054917453e+04
3.2802000000e-03	1.1354712473e+04
3.3914000000e-03	1.1659684545e+04
3.5063000000e-03	1.1970582576e+04
3.6252000000e-03	1.2286406652e+04
3.7481000000e-03	1.2607291532e+04
3.8751000000e-03	1.2934093156e+04
4.0064000000e-03	1.3265880584e+04
4.1422000000e-03	1.3601643594e+04
4.2826000000e-03	1.3943476062e+04
4.4278000000e-03	1.4289207587e+04
4.5779000000e-03	1.4638924116e+04
4.7331000000e-03	1.4992699127e+04
4.8935000000e-03	1.5350367865e+04
5.0593000000e-03	1.5711015685e+04
5.2308000000e-03	1.6075539850e+04
5.4081000000e-03	1.6443217790e+04
5.5914000000e-03	1.6812875456e+04
5.7810000000e-03	1.7184298351e+04
5.9769000000e-03	1.7557788425e+04
6.1795000000e-03	1.7932132327e+04
6.3890000000e-03	1.8306429698e+04
6.6055000000e-03	1.8681681235e+04
6.8294000000e-03	1.9055973918e+04
7.0609000000e-03	1.9430226176e+04
7.3002000000e-03	1.9802301753e+04
7.5477000000e-03	2.0171311722e+04
7.8035000000e-03	2.0537244518e+04
8.0680000000e-03	2.0900113471e+04
8.3415000000e-03	2.1257764572e+04
8.6242000000e-03	2.1610457913e+04
8.9165000000e-03	2.1955928666e+04
9.2187000000e-03	2.2295433278e+04
9.5312000000e-03	2.2625696147e+04
9.8543000000e-03	2.2946829497e+04
1.0188000000e-02	2.3256859666e+04
1.0534000000e-02	2.3557069945e+04
1.0891000000e-02	2.3843379926e+04
1.1260000000e-02	2.4117311044e+04
1.1641000000e-02	2.4375313526e+04
1.2036000000e-02	2.4617629730e+04
1.2444000000e-02	2.4841803032e+04
1.2866000000e-02	2.5048624742e+04
1.3302000000e-02	2.5234935443e+04
1.3753000000e-02	2.5399594137e+04
1.4219000000e-02	2.5541702154e+04
1.4701000000e-02	2.5660625859e+04
1.5199000000e-02	2.5754350333e+04
1.5714000000e-02	2.5820885233e+04
1.6247000000e-02	2.5860045287e+04
1.6798000000e-02	2.5870187240e+04
1.7367000000e-02	2.5849939386e+04
1.7956000000e-02	2.5799932475e+04
1.8564000000e-02	2.5717142715e+04
1.9194000000e-02	2.5601397041e+04
1.9844000000e-02	2.5452277182e+04
2.0517000000e-02	2.5269489449e+04
2.1212000000e-02	2.5052117682e+04
2.1931000000e-02	2.4801192006e+04
2.2674000000e-02	2.4515855858e+04
2.3443000000e-02	2.4196563861e+04
2.4238000000e-02	2.3844388178e+04
2.5059000000e-02	2.3460420055e+04
2.5909000000e-02	2.3046709724e+04
2.6787000000e-02	2.2604140584e+04
2.7695000000e-02	2.2134827701e+04
2.8633000000e-02	2.1642045865e+04
2.9604000000e-02	2.1128649582e+04
3.0607000000e-02	2.0595872549e+04
3.1645000000e-02	2.0049703223e+04
3.2717000000e-02	1.9493219988e+04
3.3826000000e-02	1.8928516225e+04
3.4973000000e-02	1.8362604171e+04
3.6158000000e-02	1.7798603684e+04
3.7384000000e-02	1.7240491144e+04
3.8651000000e-02	1.6692365821e+04
3.9961000000e-02	1.6159218887e+04
4.1316000000e-02	1.5643969470e+04
4.2716000000e-02	1.5150715133e+04
4.4164000000e-02	1.4681395332e+04
4.5661000000e-02	1.4238942140e+04
4.7208000000e-02	1.3825266968e+04
4.8809000000e-02	1.3440246221e+04
5.0463000000e-02	1.3084869786e+04
5.2173000000e-02	1.2755937420e+04
5.3942000000e-02	1.2451324984e+04
5.5770000000e-02	1.2168813416e+04
5.7660000000e-02	1.1903176488e+04
5.9615000000e-02	1.1647230668e+04
6.1635000000e-02	1.1395733582e+04
6.3725000000e-02	1.1141368694e+04
6.5885000000e-02	1.0876020604e+04
6.8118000000e-02	1.0592390175e+04
7.0427000000e-02	1.0284380734e+04
7.2814000000e-02	9.9468461353e+03
7.5282000000e-02	9.5781601255e+03
7.7833000000e-02	9.1775718013e+03
8.0472000000e-02	8.7487858935e+03
8.3199000000e-02	8.2984308957e+03
8.6019000000e-02	7.8360752152e+03
8.8935000000e-02	7.3734810439e+03
9.1949000000e-02	6.9235376153e+03
9.5066000000e-02	6.4990160767e+03
9.8288000000e-02	6.1111009180e+03
1.0162000000e-01	5.7684053600e+03
1.0506000000e-01	5.4755209790e+03
1.0863000000e-01	5.2324299159e+03
1.1231000000e-01	5.0345766847e+03
1.1611000000e-01	4.8720184105e+03
1.2005000000e-01	4.7314206542e+03
1.2412000000e-01	4.5964135879e+03
1.2833000000e-01	4.4506866296e+03
1.3268000000e-01	4.2807698216e+03
1.3717000000e-01	4.0792371694e+03
1.4182000000e-01	3.8468367427e+03
1.4663000000e-01	3.5928625245e+03
1.5160000000e-01	3.3334640562e+03
1.5674000000e-01	3.0870019348e+03
1.6205000000e-01	2.8701094021e+03
1.6754000000e-01	2.6925024425e+03
1.7322000000e-01	2.5554092255e+03
1.7909000000e-01	2.4505202468e+03
1.8516000000e-01	2.3627493533e+03
1.9144000000e-01	2.2738874064e+03
1.9793000000e-01	2.1689998562e+03
2.0464000000e-01	2.0424490159e+03
2.1157000000e-01	1.9001010998e+03
2.1874000000e-01	1.7563380798e+03
2.2616000000e-01	1.6270452487e+03
2.3382000000e-01	1.5223087769e+03
2.4175000000e-01	1.4418038146e+03
2.4994000000e-01	1.3757736320e+03
2.5842000000e-01	1.3102820020e+03
2.6718000000e-01	1.2356633226e+03
2.7623000000e-01	1.1516973995e+03
2.8559000000e-01	1.0671137691e+03
2.9527000000e-01	9.9214668645e+02
3.0528000000e-01	9.3123363576e+02
3.1563000000e-01	8.8022283269e+02
3.2633000000e-01	8.3084484638e+02
3.3739000000e-01	7.7791828673e+02
3.4883000000e-01	7.2329016871e+02
3.6065000000e-01	6.7274420278e+02
3.7287000000e-01	6.2948891413e+02
3.8551000000e-01	5.9128805410e+02
3.9858000000e-01	5.5390772557e+02
4.1209000000e-01	5.1612432858e+02
4.2606000000e-01	4.8027524780e+02
4.4050000000e-01	4.4830348578e+02
4.5543000000e-01	4.1922988343e+02
4.7087000000e-01	3.9117141723e+02
4.8683000000e-01	3.6408643453e+02
5.0333000000e-01	3.3909457339e+02
5.2039000000e-01	3.1621658843e+02
5.3802000000e-01	2.9458397818e+02
5.5626000000e-01	2.7407249248e+02
5.7512000000e-01	2.5504778764e+02
5.9461000000e-01	2.3738517181e+02
6.1476000000e-01	2.2076921059e+02
6.3560000000e-01	2.0522330568e+02
6.5715000000e-01	1.9079212916e+02
6.7942000000e-01	1.7729247834e+02
7.0245000000e-01	1.6468403737e+02
7.2626000000e-01	1.5294982683e+02
7.5087000000e-01	1.4200791525e+02
7.7633000000e-01	1.3180970919e+02
8.0264000000e-01	1.2230719327e+02
8.2984000000e-01	1.1345934164e+02
8.5797000000e-01	1.0522676395e+02
8.8705000000e-01	9.7564245503e+01
9.1712000000e-01	9.0435687383e+01
9.4821000000e-01	8.3807671518e+01
9.8035000000e-01	7.7646287157e+01
1.0136000000e+00	7.1920618280e+01
1.0479000000e+00	6.6600929730e+01
1.0834000000e+00	6.1660060131e+01
1.1202000000e+00	5.7071358581e+01
1.1581000000e+00	5.2812845391e+01
1.1974000000e+00	4.8859847210e+01
1.2380000000e+00	4.5193630144e+01
1.2799000000e+00	4.1793226753e+01
1.3233000000e+00	3.8640712140e+01
1.3682000000e+00	3.5717531685e+01
1.4146000000e+00	3.3008495121e+01
1.4625000000e+00	3.0499821979e+01
1.5121000000e+00	2.8174646984e+01
1.5633000000e+00	2.6022106713e+01
1.6163000000e+00	2.4029297984e+01
1.6711000000e+00	2.2185242213e+01
1.7277000000e+00	2.0478041227e+01
1.7863000000e+00	1.8898805534e+01
1.8469000000e+00	1.7437714400e+01
1.9095000000e+00	1.6087618783e+01
1.9742000000e+00	1.4838739958e+01
2.0411000000e+00	1.3684130624e+01
2.1103000000e+00	1.2617744742e+01
2.1818000000e+00	1.1631731054e+01
2.2558000000e+00	1.0722162673e+01
2.3322000000e+00	9.8808080350e+00
2.4113000000e+00	9.1044174275e+00
2.4930000000e+00	8.3876438859e+00
2.5775000000e+00	7.7261183910e+00
2.6649000000e+00	7.1155878023e+00
2.7552000000e+00	6.5523003402e+00
2.8486000000e+00	6.0326343384e+00
2.9451000000e+00	5.5533049453e+00
3.0449000000e+00	5.1113992323e+00
3.1482000000e+00	4.7038736727e+00
3.2549000000e+00	4.3282433149e+00
3.3652000000e+00	3.9820617125e+00
3.4792000000e+00	3.6630173909e+00
3.5972000000e+00	3.3690083638e+00
3.7191000000e+00	3.0982186773e+00
3.8452000000e+00	2.8488194499e+00
3.9755000000e+00	2.6191736788e+00
4.1102000000e+00	2.4076959388e+00
4.2496000000e+00	2.2129734757e+00
4.3936000000e+00	2.0337248601e+00
4.5425000000e+00	1.8687622248e+00
4.6965000000e+00	1.7169913584e+00
4.8557000000e+00	1.5773227008e+00
5.0203000000e+00	1.4488652360e+00
5.1904000000e+00	1.3307189614e+00
5.3664000000e+00	1.2220989061e+00
5.5483000000e+00	1.1221098680e+00
5.7363000000e+00	1.0302548212e+00
5.9307000000e+00	9.4576810169e-01
6.1318000000e+00	8.6813728530e-01
6.3396000000e+00	7.9677689307e-01
6.5545000000e+00	7.3120868831e-01
6.7767000000e+00	6.7095432048e-01
7.0063000000e+00	6.1561248311e-01
7.2438000000e+00	5.6476441516e-01
7.4894000000e+00	5.1806272228e-01
7.7432000000e+00	4.7518140919e-01
8.0057000000e+00	4.3578984277e-01
8.2770000000e+00	3.9963014167e-01
8.5576000000e+00	3.6644047458e-01
8.8476000000e+00	3.3596767539e-01
9.1475000000e+00	3.0800398929e-01
9.4576000000e+00	2.8233196605e-01
9.7781000000e+00	2.5878185664e-01
1.0110000000e+01	2.3717879464e-01
1.0452000000e+01	2.1734775659e-01
1.0807000000e+01	1.9915589407e-01
1.1173000000e+01	1.8247951760e-01
1.1552000000e+01	1.6717521403e-01
1.1943000000e+01	1.5314795840e-01
1.2348000000e+01	1.4028149296e-01
1.2766000000e+01	1.2848721184e-01
1.3199000000e+01	1.1767611447e-01
1.3647000000e+01	1.0775532257e-01
1.4109000000e+01	9.8672229512e-02
1.4587000000e+01	9.0344896983e-02
1.5082000000e+01	8.2712763863e-02
1.5593000000e+01	7.5719325601e-02
1.6121000000e+01	6.9311250540e-02
1.6668000000e+01	6.3440913424e-02
1.7233000000e+01	5.8063456031e-02
1.7817000000e+01	5.3137455637e-02
1.8421000000e+01	4.8624872435e-02
1.9045000000e+01	4.4492376154e-02
1.9691000000e+01	4.0708087552e-02
2.0358000000e+01	3.7243118107e-02
2.1048000000e+01	3.4069866148e-02
2.1762000000e+01	3.1164448491e-02
2.2499000000e+01	2.8505961042e-02
2.3262000000e+01	2.6070704224e-02
2.4050000000e+01	2.3842810784e-02
2.4866000000e+01	2.1803356153e-02
2.5708000000e+01	1.9937509857e-02
2.6580000000e+01	1.8229330125e-02
2.7481000000e+01	1.6666977348e-02
2.8412000000e+01	1.5236553536e-02
2.9375000000e+01	1.3928232605e-02
3.0371000000e+01	1.2731890608e-02
3.1400000000e+01	1.1636803520e-02
3.2465000000e+01	1.0635927514e-02
3.3565000000e+01	9.7196890952e-03
3.4703000000e+01	8.8819770928e-03
3.5879000000e+01	8.1160040155e-03
3.7095000000e+01	7.4156015334e-03
3.8352000000e+01	6.7750815128e-03
3.9652000000e+01	6.1894908823e-03
4.0996000000e+01	5.6541294014e-03
4.2386000000e+01	5.1646944272e-03
4.3823000000e+01	4.7173016775e-03
4.5308000000e+01	4.3084527865e-03
4.6844000000e+01	3.9346786538e-03
4.8432000000e+01	3.5930697441e-03
5.0073000000e+01	3.2808978626e-03
