5.4502000000e-06	2.7124000000e+01
5.6350000000e-06	2.8008000000e+01
5.8260000000e-06	2.8921000000e+01
6.0234000000e-06	2.9863000000e+01
6.2276000000e-06	3.0836000000e+01
6.4387000000e-06	3.1841000000e+01
6.6569000000e-06	3.2878000000e+01
6.8826000000e-06	3.3949000000e+01
7.1159000000e-06	3.5056000000e+01
7.3571000000e-06	3.6198000000e+01
7.6064000000e-06	3.7377000000e+01
7.8642000000e-06	3.8595000000e+01
8.1308000000e-06	3.9853000000e+01
8.4064000000e-06	4.1151000000e+01
8.6913000000e-06	4.2492000000e+01
8.9859000000e-06	4.3876000000e+01
9.2905000000e-06	4.5306000000e+01
9.6054000000e-06	4.6782000000e+01
9.9310000000e-06	4.8307000000e+01
1.0268000000e-05	4.9881000000e+01
1.0616000000e-05	5.1506000000e+01
1.0975000000e-05	5.3184000000e+01
1.1347000000e-05	5.4917000000e+01
1.1732000000e-05	5.6706000000e+01
1.2130000000e-05	5.8554000000e+01
1.2541000000e-05	6.0462000000e+01
1.2966000000e-05	6.2432000000e+01
1.3405000000e-05	6.4466000000e+01
1.3860000000e-05	6.6566000000e+01
1.4330000000e-05	6.8735000000e+01
1.4815000000e-05	7.0975000000e+01
1.5317000000e-05	7.3287000000e+01
1.5837000000e-05	7.5675000000e+01
1.6373000000e-05	7.8141000000e+01
1.6928000000e-05	8.0687000000e+01
1.7502000000e-05	8.3316000000e+01
1.8095000000e-05	8.6031000000e+01
1.8709000000e-05	8.8834000000e+01
1.9343000000e-05	9.1728000000e+01
1.9999000000e-05	9.4717000000e+01
2.0676000000e-05	9.7803000000e+01
2.1377000000e-05	1.0099000000e+02
2.2102000000e-05	1.0428000000e+02
2.2851000000e-05	1.0768000000e+02
2.3625000000e-05	1.1119000000e+02
2.4426000000e-05	1.1481000000e+02
2.5254000000e-05	1.1855000000e+02
2.6110000000e-05	1.2241000000e+02
2.6995000000e-05	1.2640000000e+02
2.7910000000e-05	1.3052000000e+02
2.8856000000e-05	1.3477000000e+02
2.9834000000e-05	1.3916000000e+02
3.0846000000e-05	1.4370000000e+02
3.1891000000e-05	1.4838000000e+02
3.2972000000e-05	1.5321000000e+02
3.4090000000e-05	1.5820000000e+02
3.5245000000e-05	1.6336000000e+02
3.6440000000e-05	1.6868000000e+02
3.7675000000e-05	1.7418000000e+02
3.8952000000e-05	1.7985000000e+02
4.0272000000e-05	1.8571000000e+02
4.1637000000e-05	1.9176000000e+02
4.3048000000e-05	1.9801000000e+02
4.4508000000e-05	2.0446000000e+02
4.6016000000e-05	2.1112000000e+02
4.7576000000e-05	2.1800000000e+02
4.9188000000e-05	2.2510000000e+02
5.0856000000e-05	2.3244000000e+02
5.2580000000e-05	2.4001000000e+02
5.4362000000e-05	2.4783000000e+02
5.6204000000e-05	2.5590000000e+02
5.8109000000e-05	2.6424000000e+02
6.0079000000e-05	2.7284000000e+02
6.2115000000e-05	2.8173000000e+02
6.4221000000e-05	2.9091000000e+02
6.6398000000e-05	3.0039000000e+02
6.8648000000e-05	3.1017000000e+02
7.0975000000e-05	3.2028000000e+02
7.3381000000e-05	3.3071000000e+02
7.5868000000e-05	3.4148000000e+02
7.8439000000e-05	3.5260000000e+02
8.1098000000e-05	3.6409000000e+02
8.3847000000e-05	3.7595000000e+02
8.6689000000e-05	3.8819000000e+02
8.9627000000e-05	4.0084000000e+02
9.2665000000e-05	4.1389000000e+02
9.5806000000e-05	4.2737000000e+02
9.9053000000e-05	4.4129000000e+02
1.0241000000e-04	4.5566000000e+02
1.0588000000e-04	4.7050000000e+02
1.0947000000e-04	4.8582000000e+02
1.1318000000e-04	5.0164000000e+02
1.1702000000e-04	5.1797000000e+02
1.2098000000e-04	5.3484000000e+02
1.2508000000e-04	5.5225000000e+02
1.2932000000e-04	5.7023000000e+02
1.3371000000e-04	5.8880000000e+02
1.3824000000e-04	6.0796000000e+02
1.4293000000e-04	6.2775000000e+02
1.4777000000e-04	6.4818000000e+02
1.5278000000e-04	6.6928000000e+02
1.5796000000e-04	6.9106000000e+02
1.6331000000e-04	7.1355000000e+02
1.6885000000e-04	7.3676000000e+02
1.7457000000e-04	7.6073000000e+02
1.8049000000e-04	7.8548000000e+02
1.8660000000e-04	8.1103000000e+02
1.9293000000e-04	8.3741000000e+02
1.9947000000e-04	8.6464000000e+02
2.0623000000e-04	8.9275000000e+02
2.1322000000e-04	9.2178000000e+02
2.2045000000e-04	9.5174000000e+02
2.2792000000e-04	9.8268000000e+02
2.3565000000e-04	1.0146000000e+03
2.4363000000e-04	1.0476000000e+03
2.5189000000e-04	1.0816000000e+03
2.6043000000e-04	1.1167000000e+03
2.6926000000e-04	1.1530000000e+03
2.7838000000e-04	1.1904000000e+03
2.8782000000e-04	1.2291000000e+03
2.9757000000e-04	1.2689000000e+03
3.0766000000e-04	1.3101000000e+03
3.1809000000e-04	1.3526000000e+03
3.2887000000e-04	1.3964000000e+03
3.4002000000e-04	1.4417000000e+03
3.5154000000e-04	1.4884000000e+03
3.6346000000e-04	1.5366000000e+03
3.7578000000e-04	1.5863000000e+03
3.8851000000e-04	1.6376000000e+03
4.0168000000e-04	1.6906000000e+03
4.1530000000e-04	1.7453000000e+03
4.2937000000e-04	1.8017000000e+03
4.4393000000e-04	1.8598000000e+03
4.5897000000e-04	1.9199000000e+03
4.7453000000e-04	1.9818000000e+03
4.9062000000e-04	2.0457000000e+03
5.0724000000e-04	2.1116000000e+03
5.2444000000e-04	2.1796000000e+03
5.4221000000e-04	2.2497000000e+03
5.6059000000e-04	2.3220000000e+03
5.7959000000e-04	2.3966000000e+03
5.9924000000e-04	2.4735000000e+03
6.1955000000e-04	2.5528000000e+03
6.4055000000e-04	2.6346000000e+03
6.6226000000e-04	2.7189000000e+03
6.8471000000e-04	2.8059000000e+03
7.0792000000e-04	2.8955000000e+03
7.3191000000e-04	2.9878000000e+03
7.5672000000e-04	3.0830000000e+03
7.8237000000e-04	3.1812000000e+03
8.0889000000e-04	3.2823000000e+03
8.3631000000e-04	3.3864000000e+03
8.6465000000e-04	3.4938000000e+03
8.9396000000e-04	3.6043000000e+03
9.2426000000e-04	3.7182000000e+03
9.5559000000e-04	3.8355000000e+03
9.8798000000e-04	3.9563000000e+03
1.0215000000e-03	4.0807000000e+03
1.0561000000e-03	4.2088000000e+03
1.0919000000e-03	4.3406000000e+03
1.1289000000e-03	4.4763000000e+03
1.1672000000e-03	4.6159000000e+03
1.2067000000e-03	4.7595000000e+03
1.2476000000e-03	4.9073000000e+03
1.2899000000e-03	5.0593000000e+03
1.3336000000e-03	5.2156000000e+03
1.3788000000e-03	5.3763000000e+03
1.4256000000e-03	5.5415000000e+03
1.4739000000e-03	5.7113000000e+03
1.5238000000e-03	5.8858000000e+03
1.5755000000e-03	6.0650000000e+03
1.6289000000e-03	6.2491000000e+03
1.6841000000e-03	6.4381000000e+03
1.7412000000e-03	6.6322000000e+03
1.8002000000e-03	6.8313000000e+03
1.8612000000e-03	7.0357000000e+03
1.9243000000e-03	7.2452000000e+03
1.9895000000e-03	7.4602000000e+03
2.0570000000e-03	7.6805000000e+03
2.1267000000e-03	7.9062000000e+03
2.1988000000e-03	8.1375000000e+03
2.2733000000e-03	8.3744000000e+03
2.3504000000e-03	8.6169000000e+03
2.4300000000e-03	8.8650000000e+03
2.5124000000e-03	9.1189000000e+03
2.5976000000e-03	9.3784000000e+03
2.6856000000e-03	9.6437000000e+03
2.7766000000e-03	9.9148000000e+03
2.8707000000e-03	1.0192000000e+04
2.9680000000e-03	1.0474000000e+04
3.0687000000e-03	1.0762000000e+04
3.1727000000e-03	1.1056000000e+04
3.2802000000e-03	1.1356000000e+04
3.3914000000e-03	1.1661000000e+04
3.5063000000e-03	1.1972000000e+04
3.6252000000e-03	1.2288000000e+04
3.7481000000e-03	1.2609000000e+04
3.8751000000e-03	1.2936000000e+04
4.0064000000e-03	1.3268000000e+04
4.1422000000e-03	1.3604000000e+04
4.2826000000e-03	1.3946000000e+04
4.4278000000e-03	1.4292000000e+04
4.5779000000e-03	1.4642000000e+04
4.7331000000e-03	1.4996000000e+04
4.8935000000e-03	1.5354000000e+04
5.0593000000e-03	1.5715000000e+04
5.2308000000e-03	1.6080000000e+04
5.4081000000e-03	1.6448000000e+04
5.5914000000e-03	1.6818000000e+04
5.7810000000e-03	1.7190000000e+04
5.9769000000e-03	1.7564000000e+04
6.1795000000e-03	1.7939000000e+04
6.3890000000e-03	1.8314000000e+04
6.6055000000e-03	1.8690000000e+04
6.8294000000e-03	1.9065000000e+04
7.0609000000e-03	1.9440000000e+04
7.3002000000e-03	1.9813000000e+04
7.5477000000e-03	2.0183000000e+04
7.8035000000e-03	2.0550000000e+04
8.0680000000e-03	2.0914000000e+04
8.3415000000e-03	2.1273000000e+04
8.6242000000e-03	2.1627000000e+04
8.9165000000e-03	2.1974000000e+04
9.2187000000e-03	2.2315000000e+04
9.5312000000e-03	2.2647000000e+04
9.8543000000e-03	2.2970000000e+04
1.0188000000e-02	2.3282000000e+04
1.0534000000e-02	2.3584000000e+04
1.0891000000e-02	2.3873000000e+04
1.1260000000e-02	2.4149000000e+04
1.1641000000e-02	2.4410000000e+04
1.2036000000e-02	2.4655000000e+04
1.2444000000e-02	2.4882000000e+04
1.2866000000e-02	2.5092000000e+04
1.3302000000e-02	2.5282000000e+04
1.3753000000e-02	2.5450000000e+04
1.4219000000e-02	2.5596000000e+04
1.4701000000e-02	2.5719000000e+04
1.5199000000e-02	2.5817000000e+04
1.5714000000e-02	2.5888000000e+04
1.6247000000e-02	2.5932000000e+04
1.6798000000e-02	2.5947000000e+04
1.7367000000e-02	2.5932000000e+04
1.7956000000e-02	2.5887000000e+04
1.8564000000e-02	2.5810000000e+04
1.9194000000e-02	2.5700000000e+04
1.9844000000e-02	2.5557000000e+04
2.0517000000e-02	2.5380000000e+04
2.1212000000e-02	2.5169000000e+04
2.1931000000e-02	2.4924000000e+04
2.2674000000e-02	2.4645000000e+04
2.3443000000e-02	2.4332000000e+04
2.4238000000e-02	2.3986000000e+04
2.5059000000e-02	2.3608000000e+04
2.5909000000e-02	2.3200000000e+04
2.6787000000e-02	2.2763000000e+04
2.7695000000e-02	2.2299000000e+04
2.8633000000e-02	2.1811000000e+04
2.9604000000e-02	2.1302000000e+04
3.0607000000e-02	2.0773000000e+04
3.1645000000e-02	2.0230000000e+04
3.2717000000e-02	1.9676000000e+04
3.3826000000e-02	1.9113000000e+04
3.4973000000e-02	1.8548000000e+04
3.6158000000e-02	1.7984000000e+04
3.7384000000e-02	1.7425000000e+04
3.8651000000e-02	1.6875000000e+04
3.9961000000e-02	1.6339000000e+04
4.1316000000e-02	1.5820000000e+04
4.2716000000e-02	1.5322000000e+04
4.4164000000e-02	1.4847000000e+04
4.5661000000e-02	1.4398000000e+04
4.7208000000e-02	1.3977000000e+04
4.8809000000e-02	1.3584000000e+04
5.0463000000e-02	1.3220000000e+04
5.2173000000e-02	1.2882000000e+04
5.3942000000e-02	1.2568000000e+04
5.5770000000e-02	1.2276000000e+04
5.7660000000e-02	1.2001000000e+04
5.9615000000e-02	1.1736000000e+04
6.1635000000e-02	1.1476000000e+04
6.3725000000e-02	1.1214000000e+04
6.5885000000e-02	1.0942000000e+04
6.8118000000e-02	1.0653000000e+04
7.0427000000e-02	1.0341000000e+04
7.2814000000e-02	1.0001000000e+04
7.5282000000e-02	9.6313000000e+03
7.7833000000e-02	9.2310000000e+03
8.0472000000e-02	8.8036000000e+03
8.3199000000e-02	8.3554000000e+03
8.6019000000e-02	7.8955000000e+03
8.8935000000e-02	7.4352000000e+03
9.1949000000e-02	6.9870000000e+03
9.5066000000e-02	6.5633000000e+03
9.8288000000e-02	6.1750000000e+03
1.0162000000e-01	5.8306000000e+03
1.0506000000e-01	5.5347000000e+03
1.0863000000e-01	5.2874000000e+03
1.1231000000e-01	5.0844000000e+03
1.1611000000e-01	4.9162000000e+03
1.2005000000e-01	4.7699000000e+03
1.2412000000e-01	4.6297000000e+03
1.2833000000e-01	4.4798000000e+03
1.3268000000e-01	4.3071000000e+03
1.3717000000e-01	4.1043000000e+03
1.4182000000e-01	3.8720000000e+03
1.4663000000e-01	3.6190000000e+03
1.5160000000e-01	3.3608000000e+03
1.5674000000e-01	3.1151000000e+03
1.6205000000e-01	2.8981000000e+03
1.6754000000e-01	2.7193000000e+03
1.7322000000e-01	2.5800000000e+03
1.7909000000e-01	2.4723000000e+03
1.8516000000e-01	2.3816000000e+03
1.9144000000e-01	2.2903000000e+03
1.9793000000e-01	2.1839000000e+03
2.0464000000e-01	2.0568000000e+03
2.1157000000e-01	1.9146000000e+03
2.1874000000e-01	1.7711000000e+03
2.2616000000e-01	1.6417000000e+03
2.3382000000e-01	1.5362000000e+03
2.4175000000e-01	1.4544000000e+03
2.4994000000e-01	1.3869000000e+03
2.5842000000e-01	1.3202000000e+03
2.6718000000e-01	1.2449000000e+03
2.7623000000e-01	1.1607000000e+03
2.8559000000e-01	1.0760000000e+03
2.9527000000e-01	1.0007000000e+03
3.0528000000e-01	9.3915000000e+02
3.1563000000e-01	8.8737000000e+02
3.2633000000e-01	8.3735000000e+02
3.3739000000e-01	7.8404000000e+02
3.4883000000e-01	7.2918000000e+02
3.6065000000e-01	6.7836000000e+02
3.7287000000e-01	6.3470000000e+02
3.8551000000e-01	5.9606000000e+02
3.9858000000e-01	5.5833000000e+02
4.1209000000e-01	5.2030000000e+02
4.2606000000e-01	4.8422000000e+02
4.4050000000e-01	4.5197000000e+02
4.5543000000e-01	4.2262000000e+02
4.7087000000e-01	3.9433000000e+02
4.8683000000e-01	3.6705000000e+02
5.0333000000e-01	3.4186000000e+02
5.2039000000e-01	3.1878000000e+02
5.3802000000e-01	2.9697000000e+02
5.5626000000e-01	2.7630000000e+02
5.7512000000e-01	2.5712000000e+02
5.9461000000e-01	2.3931000000e+02
6.1476000000e-01	2.2256000000e+02
6.3560000000e-01	2.0689000000e+02
6.5715000000e-01	1.9234000000e+02
6.7942000000e-01	1.7873000000e+02
7.0245000000e-01	1.6602000000e+02
7.2626000000e-01	1.5419000000e+02
7.5087000000e-01	1.4316000000e+02
7.7633000000e-01	1.3288000000e+02
8.0264000000e-01	1.2330000000e+02
8.2984000000e-01	1.1438000000e+02
8.5797000000e-01	1.0608000000e+02
8.8705000000e-01	9.8355000000e+01
9.1712000000e-01	9.1169000000e+01
9.4821000000e-01	8.4487000000e+01
9.8035000000e-01	7.8276000000e+01
1.0136000000e+00	7.2504000000e+01
1.0479000000e+00	6.7141000000e+01
1.0834000000e+00	6.2160000000e+01
1.1202000000e+00	5.7534000000e+01
1.1581000000e+00	5.3241000000e+01
1.1974000000e+00	4.9256000000e+01
1.2380000000e+00	4.5560000000e+01
1.2799000000e+00	4.2132000000e+01
1.3233000000e+00	3.8954000000e+01
1.3682000000e+00	3.6007000000e+01
1.4146000000e+00	3.3276000000e+01
1.4625000000e+00	3.0747000000e+01
1.5121000000e+00	2.8403000000e+01
1.5633000000e+00	2.6233000000e+01
1.6163000000e+00	2.4224000000e+01
1.6711000000e+00	2.2365000000e+01
1.7277000000e+00	2.0644000000e+01
1.7863000000e+00	1.9052000000e+01
1.8469000000e+00	1.7579000000e+01
1.9095000000e+00	1.6218000000e+01
1.9742000000e+00	1.4959000000e+01
2.0411000000e+00	1.3795000000e+01
2.1103000000e+00	1.2720000000e+01
2.1818000000e+00	1.1726000000e+01
2.2558000000e+00	1.0809000000e+01
2.3322000000e+00	9.9608000000e+00
2.4113000000e+00	9.1782000000e+00
2.4930000000e+00	8.4556000000e+00
2.5775000000e+00	7.7887000000e+00
2.6649000000e+00	7.1732000000e+00
2.7552000000e+00	6.6054000000e+00
2.8486000000e+00	6.0815000000e+00
2.9451000000e+00	5.5983000000e+00
3.0449000000e+00	5.1528000000e+00
3.1482000000e+00	4.7420000000e+00
3.2549000000e+00	4.3633000000e+00
3.3652000000e+00	4.0143000000e+00
3.4792000000e+00	3.6927000000e+00
3.5972000000e+00	3.3963000000e+00
3.7191000000e+00	3.1233000000e+00
3.8452000000e+00	2.8719000000e+00
3.9755000000e+00	2.6404000000e+00
4.1102000000e+00	2.4272000000e+00
4.2496000000e+00	2.2309000000e+00
4.3936000000e+00	2.0502000000e+00
4.5425000000e+00	1.8839000000e+00
4.6965000000e+00	1.7309000000e+00
4.8557000000e+00	1.5901000000e+00
5.0203000000e+00	1.4606000000e+00
5.1904000000e+00	1.3415000000e+00
5.3664000000e+00	1.2320000000e+00
5.5483000000e+00	1.1312000000e+00
5.7363000000e+00	1.0386000000e+00
5.9307000000e+00	9.5343000000e-01
6.1318000000e+00	8.7517000000e-01
6.3396000000e+00	8.0323000000e-01
6.5545000000e+00	7.3713000000e-01
6.7767000000e+00	6.7639000000e-01
7.0063000000e+00	6.2060000000e-01
7.2438000000e+00	5.6934000000e-01
7.4894000000e+00	5.2226000000e-01
7.7432000000e+00	4.7903000000e-01
8.0057000000e+00	4.3932000000e-01
8.2770000000e+00	4.0287000000e-01
8.5576000000e+00	3.6941000000e-01
8.8476000000e+00	3.3869000000e-01
9.1475000000e+00	3.1050000000e-01
9.4576000000e+00	2.8462000000e-01
9.7781000000e+00	2.6088000000e-01
1.0110000000e+01	2.3910000000e-01
1.0452000000e+01	2.1911000000e-01
1.0807000000e+01	2.0077000000e-01
1.1173000000e+01	1.8396000000e-01
1.1552000000e+01	1.6853000000e-01
1.1943000000e+01	1.5439000000e-01
1.2348000000e+01	1.4142000000e-01
1.2766000000e+01	1.2953000000e-01
1.3199000000e+01	1.1863000000e-01
1.3647000000e+01	1.0863000000e-01
1.4109000000e+01	9.9473000000e-02
1.4587000000e+01	9.1078000000e-02
1.5082000000e+01	8.3384000000e-02
1.5593000000e+01	7.6334000000e-02
1.6121000000e+01	6.9874000000e-02
1.6668000000e+01	6.3956000000e-02
1.7233000000e+01	5.8535000000e-02
1.7817000000e+01	5.3569000000e-02
1.8421000000e+01	4.9020000000e-02
1.9045000000e+01	4.4854000000e-02
1.9691000000e+01	4.1039000000e-02
2.0358000000e+01	3.7546000000e-02
2.1048000000e+01	3.4347000000e-02
2.1762000000e+01	3.1418000000e-02
2.2499000000e+01	2.8738000000e-02
2.3262000000e+01	2.6283000000e-02
2.4050000000e+01	2.4037000000e-02
2.4866000000e+01	2.1981000000e-02
2.5708000000e+01	2.0100000000e-02
2.6580000000e+01	1.8378000000e-02
2.7481000000e+01	1.6803000000e-02
2.8412000000e+01	1.5361000000e-02
2.9375000000e+01	1.4042000000e-02
3.0371000000e+01	1.2836000000e-02
3.1400000000e+01	1.1732000000e-02
3.2465000000e+01	1.0723000000e-02
3.3565000000e+01	9.7993000000e-03
3.4703000000e+01	8.9548000000e-03
3.5879000000e+01	8.1826000000e-03
3.7095000000e+01	7.4765000000e-03
3.8352000000e+01	6.8308000000e-03
3.9652000000e+01	6.2404000000e-03
4.0996000000e+01	5.7007000000e-03
4.2386000000e+01	5.2073000000e-03
4.3823000000e+01	4.7563000000e-03
4.5308000000e+01	4.3441000000e-03
4.6844000000e+01	3.9673000000e-03
4.8432000000e+01	3.6229000000e-03
5.0073000000e+01	3.3082000000e-03
