       1.052849924075e-05       8.837540299484e+00 
       1.077373949229e-05       9.035462354227e+00 
       1.102469212312e-05       9.237816489860e+00 
       1.128149019164e-05       9.444702531685e+00 
       1.154426985559e-05       9.656222386394e+00 
       1.181317044422e-05       9.872478539420e+00 
       1.208833453219e-05       1.009357826410e+01 
       1.236990801514e-05       1.031962943895e+01 
       1.265804018705e-05       1.055074323580e+01 
       1.295288381942e-05       1.078703287899e+01 
       1.325459524223e-05       1.102861418216e+01 
       1.356333442690e-05       1.127560624737e+01 
       1.387926507100e-05       1.152812920529e+01 
       1.420255468516e-05       1.178630759224e+01 
       1.453337468181e-05       1.205026762862e+01 
       1.487190046609e-05       1.232013936550e+01 
       1.521831152885e-05       1.259605550474e+01 
       1.557279154181e-05       1.287814993453e+01 
       1.593552845499e-05       1.316656217508e+01 
       1.630671459628e-05       1.346143349396e+01 
       1.668654677350e-05       1.376290863900e+01 
       1.707522637868e-05       1.407113495276e+01 
       1.747295949491e-05       1.438626401331e+01 
       1.787995700555e-05       1.470845080466e+01 
       1.829643470606e-05       1.503785261448e+01 
       1.872261341843e-05       1.537463190503e+01 
       1.915871910827e-05       1.571895231741e+01 
       1.960498300456e-05       1.607098424553e+01 
       2.006164172235e-05       1.643089989507e+01 
       2.052893738813e-05       1.679887545352e+01 
       2.100711776825e-05       1.717509211944e+01 
       2.149643640026e-05       1.755973388785e+01 
       2.199715272740e-05       1.795298985928e+01 
       2.250953223607e-05       1.835505227603e+01 
       2.303384659669e-05       1.876611832518e+01 
       2.357037380767e-05       1.918638986063e+01 
       2.411939834282e-05       1.961607440796e+01 
       2.468121130224e-05       2.005538038533e+01 
       2.525611056658e-05       2.050452436954e+01 
       2.584440095505e-05       2.096372672740e+01 
       2.644639438700e-05       2.143321180932e+01 
       2.706241004731e-05       2.191321165512e+01 
       2.769277455564e-05       2.240396003193e+01 
       2.833782213959e-05       2.290569805505e+01 
       2.899789481195e-05       2.341867224625e+01 
       2.967334255196e-05       2.394313342961e+01 
       3.036452349096e-05       2.447933934508e+01 
       3.107180410225e-05       2.502755282552e+01 
       3.179555939535e-05       2.558804274060e+01 
       3.253617311491e-05       2.616108376860e+01 
       3.329403794412e-05       2.674695699303e+01 
       3.406955571295e-05       2.734594967378e+01 
       3.486313761118e-05       2.795835558723e+01 
       3.567520440644e-05       2.858447498787e+01 
       3.650618666729e-05       2.922461495486e+01 
       3.735652499153e-05       2.987908919746e+01 
       3.822667023980e-05       3.054821842106e+01 
       3.911708377461e-05       3.123233157543e+01 
       4.002823770502e-05       3.193176303182e+01 
       4.096061513689e-05       3.264685633035e+01 
       4.191471042909e-05       3.337796140035e+01 
       4.289102945557e-05       3.412543720199e+01 
       4.389008987359e-05       3.488965012308e+01 
       4.491242139822e-05       3.567097403924e+01 
       4.595856608316e-05       3.646979326144e+01 
       4.702907860816e-05       3.728649846378e+01 
       4.812452657316e-05       3.812148992834e+01 
       4.924549079914e-05       3.897517694164e+01 
       5.039256563619e-05       3.984797807833e+01 
       5.156635927856e-05       4.074032092988e+01 
       5.276749408718e-05       4.165264284167e+01 
       5.399660691963e-05       4.258539084779e+01 
       5.525434946779e-05       4.353902134550e+01 
       5.654138860342e-05       4.451400307937e+01 
       5.785840673171e-05       4.551081266218e+01 
       5.920610215308e-05       4.652993841932e+01 
       6.058518943351e-05       4.757187967472e+01 
       6.199639978331e-05       4.863714726350e+01 
       6.344048144490e-05       4.972626242097e+01 
       6.491820008948e-05       5.083975867009e+01 
       6.643033922305e-05       5.197818123559e+01 
       6.797770060178e-05       5.314208778979e+01 
       6.956110465716e-05       5.433204832542e+01 
       7.118139093098e-05       5.554864508892e+01 
       7.283941852047e-05       5.679247387910e+01 
       7.453606653380e-05       5.806414354721e+01 
       7.627223455621e-05       5.936427631894e+01 
       7.804884312696e-05       6.069350893202e+01 
       7.986683422744e-05       6.205249127107e+01 
       8.172717178059e-05       6.344188883237e+01 
       8.363084216200e-05       6.486238089054e+01 
       8.557885472291e-05       6.631466248113e+01 
       8.757224232537e-05       6.779944372570e+01 
       8.961206188986e-05       6.931745102025e+01 
       9.169939495573e-05       7.086942658237e+01 
       9.383534825458e-05       7.245612884972e+01 
       9.602105429714e-05       7.407833356204e+01 
       9.825767197367e-05       7.573683346446e+01 
       1.005463871685e-04       7.743243894237e+01 
       1.028884133887e-04       7.916597846149e+01 
       1.052849924075e-04       8.093829860651e+01 
       1.077373949229e-04       8.275026491388e+01 
       1.102469212312e-04       8.460276202154e+01 
       1.128149019164e-04       8.649669419425e+01 
       1.154426985559e-04       8.843298564558e+01 
       1.181317044422e-04       9.041258108774e+01 
       1.208833453219e-04       9.243644611555e+01 
       1.236990801514e-04       9.450556764814e+01 
       1.265804018705e-04       9.662095418324e+01 
       1.295288381942e-04       9.878363680638e+01 
       1.325459524223e-04       1.009946691686e+02 
       1.356333442690e-04       1.032551279717e+02 
       1.387926507100e-04       1.055661138476e+02 
       1.420255468516e-04       1.079287514886e+02 
       1.453337468181e-04       1.103441905361e+02 
       1.487190046609e-04       1.128136054470e+02 
       1.521831152885e-04       1.153381967480e+02 
       1.557279154181e-04       1.179191911819e+02 
       1.593552845499e-04       1.205578425138e+02 
       1.630671459628e-04       1.232554314670e+02 
       1.668654677350e-04       1.260132671048e+02 
       1.707522637868e-04       1.288326871216e+02 
       1.747295949491e-04       1.317150577798e+02 
       1.787995700555e-04       1.346617759572e+02 
       1.829643470606e-04       1.376742678842e+02 
       1.872261341843e-04       1.407539915933e+02 
       1.915871910827e-04       1.439024363295e+02 
       1.960498300456e-04       1.471211233780e+02 
       2.006164172235e-04       1.504116070514e+02 
       2.052893738813e-04       1.537754752636e+02 
       2.100711776825e-04       1.572143498499e+02 
       2.149643640026e-04       1.607298879897e+02 
       2.199715272740e-04       1.643237814542e+02 
       2.250953223607e-04       1.679977593046e+02 
       2.303384659669e-04       1.717535866147e+02 
       2.357037380767e-04       1.755930664673e+02 
       2.411939834282e-04       1.795180403055e+02 
       2.468121130224e-04       1.835303881988e+02 
       2.525611056658e-04       1.876320306760e+02 
       2.584440095505e-04       1.918249279892e+02 
       2.644639438700e-04       1.961110816750e+02 
       2.706241004731e-04       2.004925361450e+02 
       2.769277455564e-04       2.049713773015e+02 
       2.833782213959e-04       2.095497350322e+02 
       2.899789481195e-04       2.142297835613e+02 
       2.967334255196e-04       2.190137420637e+02 
       3.036452349096e-04       2.239038752772e+02 
       3.107180410225e-04       2.289024940480e+02 
       3.179555939535e-04       2.340119575223e+02 
       3.253617311491e-04       2.392346715530e+02 
       3.329403794412e-04       2.445730916468e+02 
       3.406955571295e-04       2.500297228265e+02 
       3.486313761118e-04       2.556071194229e+02 
       3.567520440644e-04       2.613078886219e+02 
       3.650618666729e-04       2.671346868884e+02 
       3.735652499153e-04       2.730902253762e+02 
       3.822667023980e-04       2.791772670141e+02 
       3.911708377461e-04       2.853986294080e+02 
       4.002823770502e-04       2.917571847852e+02 
       4.096061513689e-04       2.982558599628e+02 
       4.191471042909e-04       3.048976381997e+02 
       4.289102945557e-04       3.116855596642e+02 
       4.389008987359e-04       3.186227212226e+02 
       4.491242139822e-04       3.257122775512e+02 
       4.595856608316e-04       3.329574424346e+02 
       4.702907860816e-04       3.403614880796e+02 
       4.812452657316e-04       3.479277455972e+02 
       4.924549079914e-04       3.556596076327e+02 
       5.039256563619e-04       3.635605260846e+02 
       5.156635927856e-04       3.716340133609e+02 
       5.276749408718e-04       3.798836441233e+02 
       5.399660691963e-04       3.883130552626e+02 
       5.525434946779e-04       3.969259429303e+02 
       5.654138860342e-04       4.057260677421e+02 
       5.785840673171e-04       4.147172525422e+02 
       5.920610215308e-04       4.239033798160e+02 
       6.058518943351e-04       4.332883984187e+02 
       6.199639978331e-04       4.428763164345e+02 
       6.344048144490e-04       4.526712054832e+02 
       6.491820008948e-04       4.626772012033e+02 
       6.643033922305e-04       4.728984980905e+02 
       6.797770060178e-04       4.833393548114e+02 
       6.956110465716e-04       4.940040906157e+02 
       7.118139093098e-04       5.048970844642e+02 
       7.283941852047e-04       5.160227778281e+02 
       7.453606653380e-04       5.273856697676e+02 
       7.627223455621e-04       5.389903195325e+02 
       7.804884312696e-04       5.508413457905e+02 
       7.986683422744e-04       5.629434180596e+02 
       8.172717178059e-04       5.753012685044e+02 
       8.363084216200e-04       5.879196796984e+02 
       8.557885472291e-04       6.008034902095e+02 
       8.757224232537e-04       6.139575856384e+02 
       8.961206188986e-04       6.273869072896e+02 
       9.169939495573e-04       6.410964384802e+02 
       9.383534825458e-04       6.550912104226e+02 
       9.602105429714e-04       6.693762972125e+02 
       9.825767197367e-04       6.839568148549e+02 
       1.005463871685e-03       6.988379181319e+02 
       1.028884133886e-03       7.140247914834e+02 
       1.052849924075e-03       7.295226549141e+02 
       1.077373949229e-03       7.453367536926e+02 
       1.102469212312e-03       7.614723623107e+02 
       1.128149019164e-03       7.779347657884e+02 
       1.154426985559e-03       7.947292587203e+02 
       1.181317044422e-03       8.118611902270e+02 
       1.208833453219e-03       8.293358466114e+02 
       1.236990801514e-03       8.471585463653e+02 
       1.265804018705e-03       8.653346071736e+02 
       1.295288381942e-03       8.838693108134e+02 
       1.325459524223e-03       9.027679461006e+02 
       1.356333442690e-03       9.220357259353e+02 
       1.387926507100e-03       9.416778553852e+02 
       1.420255468516e-03       9.616994903798e+02 
       1.453337468181e-03       9.821057084341e+02 
       1.487190046609e-03       1.002901543036e+03 
       1.521831152885e-03       1.024091921078e+03 
       1.557279154181e-03       1.045681674383e+03 
       1.593552845499e-03       1.067675551189e+03 
       1.630671459628e-03       1.090078167419e+03 
       1.668654677350e-03       1.112894001775e+03 
       1.707522637868e-03       1.136127382083e+03 
       1.747295949491e-03       1.159782487200e+03 
       1.787995700555e-03       1.183863301408e+03 
       1.829643470606e-03       1.208373627643e+03 
       1.872261341843e-03       1.233317026059e+03 
       1.915871910827e-03       1.258696861396e+03 
       1.960498300456e-03       1.284516221166e+03 
       2.006164172235e-03       1.310777926437e+03 
       2.052893738813e-03       1.337484539595e+03 
       2.100711776825e-03       1.364638300969e+03 
       2.149643640026e-03       1.392241102533e+03 
       2.199715272740e-03       1.420294173195e+03 
       2.250953223607e-03       1.448798174289e+03 
       2.303384659669e-03       1.477754760368e+03 
       2.357037380767e-03       1.507164329924e+03 
       2.411939834282e-03       1.537026809641e+03 
       2.468121130224e-03       1.567341743399e+03 
       2.525611056658e-03       1.598108126130e+03 
       2.584440095505e-03       1.629324428476e+03 
       2.644639438700e-03       1.660988701155e+03 
       2.706241004731e-03       1.693098403598e+03 
       2.769277455564e-03       1.725650251375e+03 
       2.833782213959e-03       1.758640610837e+03 
       2.899789481195e-03       1.792065020104e+03 
       2.967334255196e-03       1.825918398171e+03 
       3.036452349096e-03       1.860195098145e+03 
       3.107180410225e-03       1.894888660310e+03 
       3.179555939535e-03       1.929991873194e+03 
       3.253617311491e-03       1.965496981870e+03 
       3.329403794412e-03       2.001395144123e+03 
       3.406955571295e-03       2.037677054664e+03 
       3.486313761118e-03       2.074332376219e+03 
       3.567520440644e-03       2.111350016877e+03 
       3.650618666729e-03       2.148718108630e+03 
       3.735652499153e-03       2.186423698811e+03 
       3.822667023980e-03       2.224453212542e+03 
       3.911708377461e-03       2.262791975201e+03 
       4.002823770502e-03       2.301424657410e+03 
       4.096061513689e-03       2.340334687780e+03 
       4.191471042909e-03       2.379504547194e+03 
       4.289102945557e-03       2.418916151905e+03 
       4.389008987359e-03       2.458550155324e+03 
       4.491242139822e-03       2.498386580928e+03 
       4.595856608316e-03       2.538403657557e+03 
       4.702907860816e-03       2.578579894842e+03 
       4.812452657316e-03       2.618892191699e+03 
       4.924549079914e-03       2.659316475069e+03 
       5.039256563619e-03       2.699828816422e+03 
       5.156635927856e-03       2.740402514469e+03 
       5.276749408718e-03       2.781011079303e+03 
       5.399660691963e-03       2.821627354513e+03 
       5.525434946779e-03       2.862223280562e+03 
       5.654138860342e-03       2.902770173892e+03 
       5.785840673171e-03       2.943238960470e+03 
       5.920610215308e-03       2.983598529604e+03 
       6.058518943351e-03       3.023818763207e+03 
       6.199639978331e-03       3.063865608190e+03 
       6.344048144490e-03       3.103708117800e+03 
       6.491820008948e-03       3.143310785423e+03 
       6.643033922305e-03       3.182639173501e+03 
       6.797770060178e-03       3.221659528751e+03 
       6.956110465716e-03       3.260331553210e+03 
       7.118139093098e-03       3.298620520603e+03 
       7.283941852047e-03       3.336487440982e+03 
       7.453606653380e-03       3.373896511871e+03 
       7.627223455621e-03       3.410800491065e+03 
       7.804884312696e-03       3.447163552168e+03 
       7.986683422744e-03       3.482942333226e+03 
       8.172717178059e-03       3.518092721152e+03 
       8.363084216200e-03       3.552571319401e+03 
       8.557885472291e-03       3.586334060457e+03 
       8.757224232537e-03       3.619334957582e+03 
       8.961206188986e-03       3.651526156241e+03 
       9.169939495573e-03       3.682859636836e+03 
       9.383534825458e-03       3.713286409192e+03 
       9.602105429714e-03       3.742755640738e+03 
       9.825767197367e-03       3.771217531840e+03 
       1.005463871685e-02       3.798618313218e+03 
       1.028884133886e-02       3.824906607440e+03 
       1.052849924075e-02       3.850028223064e+03 
       1.077373949229e-02       3.873927419926e+03 
       1.102469212312e-02       3.896550969145e+03 
       1.128149019164e-02       3.917840218402e+03 
       1.154426985559e-02       3.937739115506e+03 
       1.181317044422e-02       3.956190332907e+03 
       1.208833453219e-02       3.973132450234e+03 
       1.236990801514e-02       3.988511805002e+03 
       1.265804018705e-02       4.002265097561e+03 
       1.295288381942e-02       4.014333919625e+03 
       1.325459524223e-02       4.024662944589e+03 
       1.356333442690e-02       4.033191792240e+03 
       1.387926507100e-02       4.039861391804e+03 
       1.420255468517e-02       4.044612478641e+03 
       1.453337468182e-02       4.047389304438e+03 
       1.487190046610e-02       4.048135792808e+03 
       1.521831152887e-02       4.046795865212e+03 
       1.557279154188e-02       4.043324209000e+03 
       1.593552845514e-02       4.037671778957e+03 
       1.630671459662e-02       4.029784176229e+03 
       1.668654677426e-02       4.019617076497e+03 
       1.707522638034e-02       4.007132261649e+03 
       1.747295949847e-02       3.992295787113e+03 
       1.787995701302e-02       3.975070965152e+03 
       1.829643472144e-02       3.955433653459e+03 
       1.872261344949e-02       3.933363069242e+03 
       1.915871916982e-02       3.908844764408e+03 
       1.960498312436e-02       3.881870100811e+03 
       2.006164195132e-02       3.852437415278e+03 
       2.052893781810e-02       3.820566701707e+03 
       2.100711856187e-02       3.786256209474e+03 
       2.149643784054e-02       3.749548005171e+03 
       2.199715529833e-02       3.710466617165e+03 
       2.250953675149e-02       3.669065096162e+03 
       2.303385440253e-02       3.625386935405e+03 
       2.357038709400e-02       3.579517826728e+03 
       2.411942061705e-02       3.531510316626e+03 
       2.468124809462e-02       3.481472863943e+03 
       2.525617046505e-02       3.429490822789e+03 
       2.584449709831e-02       3.375679489319e+03 
       2.644654658489e-02       3.320154494944e+03 
       2.706264774487e-02       3.263048783211e+03 
       2.769314091318e-02       3.204493718428e+03 
       2.833837956445e-02       3.144638809449e+03 
       2.899873234738e-02       3.083633649519e+03 
       2.967458560316e-02       3.021647148492e+03 
       3.036634644435e-02       2.958845005987e+03 
       3.107444646868e-02       2.895390312671e+03 
       3.179934617605e-02       2.831482139310e+03 
       3.254154014565e-02       2.767288639387e+03 
       3.330156301352e-02       2.702990911362e+03 
       3.407999626872e-02       2.638798474939e+03 
       3.487747585881e-02       2.574888355843e+03 
       3.569470056386e-02       2.511464679448e+03 
       3.653244106286e-02       2.448694490508e+03 
       3.739154957900e-02       2.386802870405e+03 
       3.827296995225e-02       2.325961089640e+03 
       3.917774795028e-02       2.266337149186e+03 
       4.010704159364e-02       2.208111482660e+03 
       4.106213123918e-02       2.151439259678e+03 
       4.204442913902e-02       2.096459037318e+03 
       4.305548817046e-02       2.043314146825e+03 
       4.409700941792e-02       1.992100733306e+03 
       4.517084828088e-02       1.942900661873e+03 
       4.627901878421e-02       1.895790381535e+03 
       4.742369578137e-02       1.850795300870e+03 
       4.860721476764e-02       1.807928436730e+03 
       4.983206906440e-02       1.767169139773e+03 
       5.110090419686e-02       1.728464556882e+03 
       5.241650937015e-02       1.691703535050e+03 
       5.378180605118e-02       1.656745560998e+03 
       5.519983378548e-02       1.623361423583e+03 
       5.667373351438e-02       1.591268280585e+03 
       5.820672880053e-02       1.560089017514e+03 
       5.980210550864e-02       1.529382692608e+03 
       6.146319061094e-02       1.498633518105e+03 
       6.319333087953e-02       1.467268644525e+03 
       6.499587227897e-02       1.434657169474e+03 
       6.687414087429e-02       1.400163461507e+03 
       6.883142601722e-02       1.363157936785e+03 
       7.087096647118e-02       1.323082202121e+03 
       7.299593999155e-02       1.279519457492e+03 
       7.520945670446e-02       1.232257306573e+03 
       7.751455644288e-02       1.181337245678e+03 
       7.991421001770e-02       1.127103701289e+03 
       8.241132423943e-02       1.070241846159e+03 
       8.500875037354e-02       1.011766140751e+03 
       8.770929561465e-02       9.529546145858e+02 
       9.051573710452e-02       8.952658831225e+02 
       9.343083799220e-02       8.402160094051e+02 
       9.645736503771e-02       7.892177088677e+02 
       9.959810728606e-02       7.434261120147e+02 
       1.028558953792e-01       7.036095570267e+02 
       1.062336211243e-01       6.700284995507e+02 
       1.097342569894e-01       6.423764679489e+02 
       1.133608752532e-01       6.197583221947e+02 
       1.171166665842e-01       6.007310820232e+02 
       1.210049578691e-01       5.834332377421e+02 
       1.250292291505e-01       5.658092230429e+02 
       1.291931295633e-01       5.459534941639e+02 
       1.335004921825e-01       5.225055276516e+02 
       1.379553477132e-01       4.950096824717e+02 
       1.425619369584e-01       4.640863978335e+02 
       1.473247220063e-01       4.313385414899e+02 
       1.522483960684e-01       3.989715819657e+02 
       1.573378918891e-01       3.692474389014e+02 
       1.625983886289e-01       3.439116301973e+02 
       1.680353170978e-01       3.237634346378e+02 
       1.736543631828e-01       3.084549207287e+02 
       1.794614692801e-01       2.965726549408e+02 
       1.854628335022e-01       2.860906565623e+02 
       1.916649063826e-01       2.747533781924e+02 
       1.980743847599e-01       2.609408931762e+02 
       2.046982024709e-01       2.444828685682e+02 
       2.115435174367e-01       2.265768544332e+02 
       2.186176946823e-01       2.091711560872e+02 
       2.259282847873e-01       1.940457736788e+02 
       2.334829972350e-01       1.820615683347e+02 
       2.412896681091e-01       1.728528778701e+02 
       2.493562215778e-01       1.650571934780e+02 
       2.576906246299e-01       1.570206926757e+02 
       2.663008345674e-01       1.477272627291e+02 
       2.751947388424e-01       1.373940873779e+02 
       2.843800869488e-01       1.272183310865e+02 
       2.938644142513e-01       1.184156895488e+02 
       3.036549578677e-01       1.113396224594e+02 
       3.137585650179e-01       1.053491639452e+02 
       3.241815946262e-01       9.943914273463e+01 
       3.349298134092e-01       9.308215715481e+01 
       3.460082882112e-01       8.657706737228e+01 
       3.574212769424e-01       8.061689276869e+01 
       3.691721211340e-01       7.554444029856e+01 
       3.812631438102e-01       7.107216358542e+01 
       3.936955570675e-01       6.671069344049e+01 
       4.064693843827e-01       6.232410267346e+01 
       4.195834031829e-01       5.814997470861e+01 
       4.330351135255e-01       5.440527175198e+01 
       4.468207387496e-01       5.104463502004e+01 
       4.609352635941e-01       4.787340132209e+01 
       4.753725144381e-01       4.480160333960e+01 
       4.901252849478e-01       4.191842947653e+01 
       5.051855085018e-01       3.930412012133e+01 
       5.205444763587e-01       3.689597312719e+01 
       5.361930977484e-01       3.461333372168e+01 
       5.521221951248e-01       3.246832888513e+01 
       5.683228249690e-01       3.048995470709e+01 
       5.847866121014e-01       2.866125264210e+01 
       6.015060837482e-01       2.694996822483e+01 
       6.184749888618e-01       2.534720368954e+01 
       6.356885885673e-01       2.385921435299e+01 
       6.531439051072e-01       2.247679693776e+01 
       6.708399191353e-01       2.118416175475e+01 
       6.887777084253e-01       1.997564888026e+01 
       7.069605246320e-01       1.884855085973e+01 
       7.253938083326e-01       1.779549008698e+01 
       7.440851458199e-01       1.680879225096e+01 
       7.630441737814e-01       1.588428008126e+01 
       7.822824399283e-01       1.501761816732e+01 
       8.018132287914e-01       1.420379331044e+01 
       8.216513623439e-01       1.343854940025e+01 
       8.418129849482e-01       1.271860261473e+01 
       8.623153415085e-01       1.204058484457e+01 
       8.831765567888e-01       1.140122709027e+01 
       9.044154227551e-01       1.079793645685e+01 
       9.260511996239e-01       1.022824929228e+01 
       9.481034351185e-01       9.689830122447e+00 
       9.705918052888e-01       9.180597007711e+00 
       9.935359791693e-01       8.698698095294e+00 
       1.016955508540e+00       8.242402617611e+00 
       1.040869743128e+00       7.810131157099e+00 
       1.065297770750e+00       7.400453202186e+00 
       1.090258381138e+00       7.012083220650e+00 
       1.115770051592e+00       6.643819515974e+00 
       1.141850952043e+00       6.294592269194e+00 
       1.168518966780e+00       5.963368545762e+00 
       1.195791729830e+00       5.649208641353e+00 
       1.223686670917e+00       5.351203239449e+00 
       1.252221068959e+00       5.068507701282e+00 
       1.281412110256e+00       4.800318670426e+00 
       1.311276948815e+00       4.545903132520e+00 
       1.341832766590e+00       4.304571220782e+00 
       1.373096831873e+00       4.075677814737e+00 
       1.405086554471e+00       3.858612571398e+00 
       1.437819536746e+00       3.652778886196e+00 
       1.471313619974e+00       3.457617514264e+00 
       1.505586925831e+00       3.272561877437e+00 
       1.540657893081e+00       3.097132095334e+00 
       1.576545309758e+00       2.930818973583e+00 
       1.613268341275e+00       2.773193317595e+00 
       1.650846554995e+00       2.623810561961e+00 
       1.689299941792e+00       2.482258857860e+00 
       1.728648935190e+00       2.348138091321e+00 
       1.768914428563e+00       2.221062631559e+00 
       1.810117790874e+00       2.100680425190e+00 
       1.852280881352e+00       1.986649541131e+00 
       1.895426063430e+00       1.878654030202e+00 
       1.939576218227e+00       1.776384839653e+00 
       1.984754757769e+00       1.679539598796e+00 
       2.030985638128e+00       1.587843382330e+00 
       2.078293372592e+00       1.501022935170e+00 
       2.126703044961e+00       1.418836385014e+00 
       2.176240323029e+00       1.341046467746e+00 
       2.226931472307e+00       1.267421661140e+00 
       2.278803370017e+00       1.197742406329e+00 
       2.331883519381e+00       1.131806181442e+00 
       2.386200064224e+00       1.069418539451e+00 
       2.441781803913e+00       1.010392344358e+00 
       2.498658208629e+00       9.545521305031e-01 
       2.556859434997e+00       9.017293961470e-01 
       2.616416342080e+00       8.517626841784e-01 
       2.677360507740e+00       8.045141396077e-01 
       2.739724245380e+00       7.598272507608e-01 
       2.803540621079e+00       7.175714436627e-01 
       2.868843471125e+00       6.776162006557e-01 
       2.935667419952e+00       6.398401585606e-01 
       3.004047898504e+00       6.041286391044e-01 
       3.074021163015e+00       5.703679481688e-01 
       3.145624314236e+00       5.384628485119e-01 
       3.218895317106e+00       5.083049985270e-01 
       3.293873020880e+00       4.798031487018e-01 
       3.370597179729e+00       4.528699335928e-01 
       3.449108473818e+00       4.274211214636e-01 
       3.529448530874e+00       4.033735735355e-01 
       3.611659948259e+00       3.806555862870e-01 
       3.695786315554e+00       3.591941578695e-01 
       3.781872237674e+00       3.389217703647e-01 
       3.869963358513e+00       3.197717289409e-01 
       3.960106385149e+00       3.016852616629e-01 
       4.052349112610e+00       2.846043321294e-01 
       4.146740449208e+00       2.684759662329e-01 
       4.243330442482e+00       2.532431779323e-01 
       4.342170305724e+00       2.388614993589e-01 
       4.443312445137e+00       2.252828673911e-01 
       4.546810487622e+00       2.124636466436e-01 
       4.652719309212e+00       2.003623235081e-01 
       4.761095064166e+00       1.889392640452e-01 
       4.871995214744e+00       1.781579028161e-01 
       4.985478561673e+00       1.679805252094e-01 
       5.101605275326e+00       1.583755835976e-01 
       5.220436927623e+00       1.493125573195e-01 
       5.342036524681e+00       1.407604227660e-01 
       5.466468540214e+00       1.326903529916e-01 
       5.593798949724e+00       1.250760550226e-01 
       5.724095265480e+00       1.178928222100e-01 
       5.857426572313e+00       1.111148151352e-01 
       5.993863564247e+00       1.047221414065e-01 
       6.133478581981e+00       9.869204973360e-02 
       6.276345651245e+00       9.300329144409e-02 
       6.422540522051e+00       8.763941039432e-02 
       6.572140708854e+00       8.257951075898e-02 
       6.725225531653e+00       7.780871866086e-02 
       6.881876158048e+00       7.330902087554e-02 
       7.042175646275e+00       6.906605805061e-02 
       7.206208989243e+00       6.506562630730e-02 
       7.374063159603e+00       6.129400203877e-02 
       7.545827155857e+00       5.773785833254e-02 
       7.721592049551e+00       5.438576584383e-02 
       7.901451033556e+00       5.122563588863e-02 
       8.085499471487e+00       4.824664724765e-02 
       8.273834948263e+00       4.543890534694e-02 
       8.466557321845e+00       4.279266891719e-02 
       8.663768776187e+00       4.029856030313e-02 
       8.865573875413e+00       3.794811210789e-02 
       9.072079619258e+00       3.573322185839e-02 
       9.283395499799e+00       3.364583511125e-02 
       9.499633559515e+00       3.167903335733e-02 
       9.720908450687e+00       2.982576062402e-02 
       9.947337496191e+00       2.807992288376e-02 
       1.017904075170e+01       2.643489443451e-02 
       1.041614106936e+01       2.488536391489e-02 
       1.065876416288e+01       2.342536086303e-02 
       1.090703867425e+01       2.205018291095e-02 
       1.116109624190e+01       2.075490952427e-02 
       1.142107157050e+01       1.953476487203e-02 
       1.168710250243e+01       1.838571122605e-02 
       1.195933009081e+01       1.730350462645e-02 
       1.223789867429e+01       1.628425474749e-02 
       1.252295595365e+01       1.532444293337e-02 
       1.281465307001e+01       1.442054823130e-02 
       1.311314468505e+01       1.356943374201e-02 
       1.341858906297e+01       1.276816725556e-02 
       1.373114815444e+01       1.201362707060e-02 
       1.405098768240e+01       1.130322299597e-02 
       1.437827723003e+01       1.063443416475e-02 
       1.471319033056e+01       1.000478897285e-02 
       1.505590455935e+01       9.412102579731e-03 
       1.540660162803e+01       8.854163514206e-03 
       1.576546748083e+01       8.328960577871e-03 
       1.613269239316e+01       7.834657791887e-03 
       1.650847107254e+01       7.369374071536e-03 
       1.689300276180e+01       6.931447283525e-03 
       1.728649134473e+01       6.519289596870e-03 
       1.768914545418e+01       6.131389975895e-03 
       1.810117858270e+01       5.766391941641e-03 
       1.852280919570e+01       5.422908629365e-03 
       1.895426084731e+01       5.099726157975e-03 
       1.939576229892e+01       4.795628099216e-03 
       1.984754764043e+01       4.509457457398e-03 
       2.030985641441e+01       4.240204799438e-03 
       2.078293374309e+01       3.986995454750e-03 
       2.126703045834e+01       3.748618323658e-03 
       2.176240323464e+01       3.524442245821e-03 
       2.226931472520e+01       3.313548279415e-03 
       2.278803370119e+01       3.115167172432e-03 
       2.331883519428e+01       2.928574468576e-03 
       2.386200064246e+01       2.752991766915e-03 
       2.441781803923e+01       2.587903780834e-03 
       2.498658208633e+01       2.432611971525e-03 
       2.556859434999e+01       2.286553046068e-03 
       2.616416342081e+01       2.149229388150e-03 
       2.677360507741e+01       2.020042584873e-03 
       2.739724245380e+01       1.898565497610e-03 
       2.803540621079e+01       1.784332845096e-03 
       2.868843471125e+01       1.676913145372e-03 
       2.935667419952e+01       1.575915273181e-03 
       3.004047898504e+01       1.480929366424e-03 
