#    1:k (h/Mpc)              2:d_g                    3:d_b                    4:d_cdm                  5:d_ncdm[0]              6:d_tot                  7:phi                    8:psi                
       1.052849924075e-05      -1.234716873085e-05      -9.260404801559e-06      -9.260405211570e-06      -9.638534576475e-06      -9.344734768087e-06       6.124717737983e-01       5.977123446392e-01 
       1.325459524223e-05      -1.956890476102e-05      -1.467674954009e-05      -1.467675056999e-05      -1.527603208748e-05      -1.481040245260e-05       6.124715793410e-01       5.977121852040e-01 
       1.668654677350e-05      -3.101452910084e-05      -2.326107509226e-05      -2.326107767925e-05      -2.421084196241e-05      -2.347289799708e-05       6.124713329445e-01       5.977120015426e-01 
       2.100711776825e-05      -4.915448278786e-05      -3.686630987556e-05      -3.686631637374e-05      -3.837150879769e-05      -3.720201984156e-05       6.124709903353e-01       5.977117576809e-01 
       2.644639438700e-05      -7.790400739137e-05      -5.842913032249e-05      -5.842914664563e-05      -6.081450821924e-05      -5.896117781732e-05       6.124703743361e-01       5.977113017926e-01 
       3.329403794412e-05      -1.234680216459e-04      -9.260384153891e-05      -9.260388253970e-05      -9.638390402177e-05      -9.344703737293e-05       6.124693646765e-01       5.977105399335e-01 
       4.191471042909e-05      -1.956798455315e-04      -1.467669809276e-04      -1.467670839178e-04      -1.527567037494e-04      -1.481032492826e-04       6.124677917328e-01       5.977093639002e-01 
       5.276749408718e-05      -3.101221542876e-04      -2.326094417753e-04      -2.326097004725e-04      -2.420993163647e-04      -2.347270156542e-04       6.124652942174e-01       5.977074941292e-01 
       6.643033922305e-05      -4.914866226159e-04      -3.686597430064e-04      -3.686603928232e-04      -3.836921518862e-04      -3.720151963859e-04       6.124613306885e-01       5.977045248992e-01 
       8.363084216200e-05      -7.788938529884e-04      -5.842828581472e-04      -5.842844904075e-04      -6.080874542565e-04      -5.895991978502e-04       6.124550507422e-01       5.976998217967e-01 
       1.052849924075e-04      -1.234312997204e-03      -9.260172400232e-04      -9.260213400590e-04      -9.636943301333e-04      -9.344388121438e-04       6.124451006407e-01       5.976923712384e-01 
       1.325459524223e-04      -1.955876092742e-03      -1.467616595465e-03      -1.467626894119e-03      -1.527203539386e-03      -1.480953192454e-03       6.124293267269e-01       5.976805569665e-01 
       1.668654677350e-04      -3.098905013111e-03      -2.325960759529e-03      -2.325986628298e-03      -2.420080194450e-03      -2.347070982924e-03       6.124043365010e-01       5.976618416608e-01 
       2.100711776825e-04      -4.909048752438e-03      -3.686261752441e-03      -3.686326731101e-03      -3.834628651666e-03      -3.719651763620e-03       6.123647341865e-01       5.976321833493e-01 
       2.644639438700e-04      -7.774331068723e-03      -5.841985520447e-03      -5.842148735370e-03      -6.075116636534e-03      -5.894735830952e-03       6.123019893771e-01       5.975851885100e-01 
       3.329403794412e-04      -1.230645883576e-02      -9.258055060069e-03      -9.258465014613e-03      -9.622485958166e-03      -9.341233846231e-03       6.122025952485e-01       5.975107284206e-01 
       4.191471042909e-04      -1.946673138785e-02      -1.467084872201e-02      -1.467187841878e-02      -1.523574351025e-02      -1.480161280622e-02       6.120451835326e-01       5.973927781704e-01 
       5.276749408718e-04      -3.075821612779e-02      -2.324625573967e-02      -2.324884193781e-02      -2.410973285969e-02      -2.345083333660e-02       6.117960079938e-01       5.972059863250e-01 
       6.643033922305e-04      -4.851198472311e-02      -3.682909674227e-02      -3.683559187906e-02      -3.811789690641e-02      -3.714665144938e-02       6.114018595390e-01       5.969103164791e-01 
       8.363084216200e-04      -7.629543921175e-02      -5.833572426339e-02      -5.835203477136e-02      -6.017892915845e-02      -5.882234307384e-02       6.107790909596e-01       5.964426427564e-01 
       1.052849924075e-03      -1.194485484659e-01      -9.236949804653e-02      -9.241045099791e-02      -9.479322136213e-02      -9.309927761405e-02       6.097968583544e-01       5.957037680173e-01 
       1.325459524223e-03      -1.856665966448e-01      -1.461794396117e-01      -1.462822384610e-01      -1.487841019744e-01      -1.472335660031e-01       6.082520633496e-01       5.945385739045e-01 
       1.668654677350e-03      -2.852973448964e-01      -2.311379688006e-01      -2.313959154980e-01      -2.322113460632e-01      -2.325576517181e-01       6.058333625807e-01       5.927064402863e-01 
       2.100711776825e-03      -4.304080821927e-01      -3.649808220249e-01      -3.656276562292e-01      -3.592106179956e-01      -3.666255316810e-01       6.020730208574e-01       5.898388896661e-01 
       2.644639438700e-03      -6.304073826661e-01      -5.751071300876e-01      -5.767280456931e-01      -5.479767143742e-01      -5.762903513981e-01       5.962891253934e-01       5.853812524308e-01 
       3.329403794412e-03      -8.800731679045e-01      -9.032306376220e-01      -9.072856029052e-01      -8.180099229679e-01      -9.018932137830e-01       5.875496244926e-01       5.785348963092e-01 
       4.191471042909e-03      -1.135233294781e+00      -1.411397989641e+00      -1.421516916863e+00      -1.181168107385e+00      -1.402527216817e+00       5.746930104549e-01       5.682073796232e-01 
       5.276749408718e-03      -1.281649483849e+00      -2.188613465051e+00      -2.213769566829e+00      -1.623034929042e+00      -2.162129681345e+00       5.565311873024e-01       5.530579709319e-01 
       6.643033922305e-03      -1.146905771419e+00      -3.355517271442e+00      -3.417699245214e+00      -2.080409166449e+00      -3.296554891133e+00       5.323438290823e-01       5.317627189228e-01 
       8.363084216200e-03      -6.837963791285e-01      -5.061634852018e+00      -5.213990061541e+00      -2.452438172929e+00      -4.963671680286e+00       5.025490661983e-01       5.036358702486e-01 
       1.052849924075e-02      -3.287670598212e-01      -7.466014318337e+00      -7.834410107917e+00      -2.711307288983e+00      -7.376552822220e+00       4.686764188595e-01       4.693954893289e-01 
       1.325459524223e-02      -6.454679448142e-01      -1.068694129390e+01      -1.156030433348e+01      -3.020648237351e+00      -1.079265103403e+01       4.313694537660e-01       4.308648869811e-01 
       1.668654677346e-02      -6.597029198500e-01      -1.469230010875e+01      -1.670214500471e+01      -3.419000255091e+00      -1.543068813211e+01       3.886326213656e-01       3.883318110600e-01 
       2.100711755077e-02      -2.866849224990e-01      -1.910290108826e+01      -2.352184174305e+01      -3.581286305890e+00      -2.142139363802e+01       3.399752533133e-01       3.399571214842e-01 
       2.644623955393e-02      -4.187069980728e-01      -2.306101315708e+01      -3.210484626533e+01      -3.615793406758e+00      -2.872743489845e+01       2.874709660793e-01       2.873921611358e-01 
       3.327374362779e-02      -4.159290540566e-01      -2.579895614980e+01      -4.228501621203e+01      -3.421889460988e+00      -3.708533885950e+01       2.343046119647e-01       2.342507452955e-01 
       4.127182832491e-02      -4.281068588577e-01      -2.873953580120e+01      -5.328797108340e+01      -3.050029285451e+00      -4.610864313852e+01       1.892797710727e-01       1.892634400470e-01 
       4.792501282530e-02       3.282502916751e-02      -3.400283909853e+01      -6.215022956237e+01      -1.868271389618e+00      -5.375855772878e+01       1.636343376417e-01       1.636330876469e-01 
       5.276699605796e-02      -2.011363307616e-01      -4.024132636299e+01      -6.869923772592e+01      -1.451229837780e+00      -5.979736352439e+01       1.501247619936e-01       1.501150635303e-01 
       5.677431624307e-02      -3.040270419607e-01      -4.671152716172e+01      -7.423794433551e+01      -1.600837605681e+00      -6.510512634497e+01       1.411795005524e-01       1.411781791322e-01 
       6.035910434541e-02      -1.670830577109e-01      -5.304891939147e+01      -7.925915538286e+01      -1.719273523069e+00      -6.998180367710e+01       1.342515879368e-01       1.342464371093e-01 
       6.370622876322e-02      -1.602040788891e-01      -5.896223143164e+01      -8.395046487661e+01      -1.588251961087e+00      -7.452819319410e+01       1.283406025552e-01       1.283361987322e-01 
       6.691401171666e-02      -1.537436835913e-01      -6.419467837048e+01      -8.838615771692e+01      -1.361535942890e+00      -7.876829307249e+01       1.229457746822e-01       1.229424644410e-01 
       7.004161196182e-02      -1.474501316305e-01      -6.852971321228e+01      -9.259278590073e+01      -1.261367467754e+00      -8.270085404195e+01       1.178106135905e-01       1.178077600770e-01 
       7.312798990337e-02      -1.411543474319e-01      -7.180121475682e+01      -9.657499640723e+01      -1.302691894506e+00      -8.630532186856e+01       1.127845648367e-01       1.127816253534e-01 
       7.620066013249e-02      -1.347546206249e-01      -7.391161610181e+01      -1.003306847327e+02      -1.316682617016e+00      -8.955749882130e+01       1.077851250662e-01       1.077822375256e-01 
       7.928018556317e-02      -1.282516684697e-01      -7.484842722200e+01      -1.038596791257e+02      -1.206675963947e+00      -9.245083400601e+01       1.027902410426e-01       1.027878020693e-01 
       8.238268065593e-02      -1.217384661030e-01      -7.469904521476e+01      -1.071704086930e+02      -1.077160210617e+00      -9.500991961556e+01       9.782807636519e-02       9.782609506761e-02 
       8.552129747467e-02      -1.153354178341e-01      -7.365918163100e+01      -1.102849121171e+02      -1.049562617900e+00      -9.728701364079e+01       9.295419015443e-02       9.295234936014e-02 
       8.870715413118e-02      -1.091473672794e-01      -7.203310452313e+01      -1.132419717322e+02      -1.059295284026e+00      -9.935498388106e+01       8.823320868494e-02       8.823141058064e-02 
       9.194993951623e-02      -1.032835155019e-01      -7.022034047241e+01      -1.160978724825e+02      -9.837337917934e-01      -1.013119177757e+02       8.373649165584e-02       8.373493686352e-02 
       9.525832093403e-02      -9.787561802554e-02      -6.868820058254e+01      -1.189245944699e+02      -8.797111126598e-01      -1.032867576743e+02       7.954133038474e-02       7.954006000148e-02 
       9.864022678522e-02      -9.303502739767e-02      -6.792818517382e+01      -1.218049762731e+02      -8.673044890603e-01      -1.054235345129e+02       7.571468533496e-02       7.571349129536e-02 
       1.021030472265e-01      -8.880701241584e-02      -6.839638120491e+01      -1.248247436180e+02      -8.735653374646e-01      -1.078541595459e+02       7.229480641617e-02       7.229365074698e-02 
       1.056537793191e-01      -8.518966443831e-02      -7.044410579672e+01      -1.280616510262e+02      -7.947609338711e-01      -1.106871617823e+02       6.929017166911e-02       6.928920459206e-02 
       1.092991335853e-01      -8.215256351581e-02      -7.424612210955e+01      -1.315732265882e+02      -7.416661688476e-01      -1.139988902596e+02       6.668190160309e-02       6.668106765074e-02 
       1.130456130919e-01      -7.960012499689e-02      -7.973659064507e+01      -1.353842774206e+02      -7.703545139618e-01      -1.178015095740e+02       6.441407425505e-02       6.441323723739e-02 
       1.168995725733e-01      -7.737124193460e-02      -8.657116906577e+01      -1.394767140634e+02      -7.347687554117e-01      -1.220224246619e+02       6.239476849337e-02       6.239402220524e-02 
       1.208672628107e-01      -7.529608299875e-02      -9.412956086569e+01      -1.437839912070e+02      -6.732030782992e-01      -1.265184796309e+02       6.051567612047e-02       6.051505113417e-02 
       1.249548639907e-01      -7.320196317793e-02      -1.015703430579e+02      -1.481936119046e+02      -6.996013407348e-01      -1.310810419683e+02       5.866271725300e-02       5.866209176726e-02 
       1.291685107862e-01      -7.091614280122e-02      -1.079523332982e+02      -1.525612909550e+02      -6.685178712070e-01      -1.354494933950e+02       5.672712438975e-02       5.672656458515e-02 
       1.335143112510e-01      -6.833336582070e-02      -1.124072762345e+02      -1.567358042229e+02      -6.109307474521e-01      -1.393769987159e+02       5.463365538951e-02       5.463318794978e-02 
       1.379983611845e-01      -6.542609039570e-02      -1.143483967095e+02      -1.605933005429e+02      -6.337507017931e-01      -1.426838779650e+02       5.235406978150e-02       5.235360082524e-02 
       1.426267553330e-01      -6.223313392966e-02      -1.136634449645e+02      -1.640722860218e+02      -5.730363479347e-01      -1.452975438224e+02       4.990898463957e-02       4.990859423847e-02 
       1.474055966085e-01      -5.889259460994e-02      -1.108411114916e+02      -1.672013391791e+02      -5.453487098006e-01      -1.473190225720e+02       4.737532852209e-02       4.737498252425e-02 
       1.523410043770e-01      -5.558727482114e-02      -1.069674921405e+02      -1.701099637875e+02      -5.417892768837e-01      -1.490118521425e+02       4.486501897689e-02       4.486468880373e-02 
       1.574391227956e-01      -5.251043083014e-02      -1.035527262389e+02      -1.730141400522e+02      -4.749400299143e-01      -1.507669735328e+02       4.250113766946e-02       4.250087624726e-02 
       1.627061301237e-01      -4.983227375215e-02      -1.021856430623e+02      -1.761716765605e+02      -4.921159827893e-01      -1.530308673272e+02       4.039148738274e-02       4.039122402714e-02 
       1.681482499081e-01      -4.762529408086e-02      -1.040683289970e+02      -1.798098207776e+02      -4.342537809190e-01      -1.561537667556e+02       3.859092773397e-02       3.859071689056e-02 
       1.737717649169e-01      -4.586783670741e-02      -1.095603500110e+02      -1.840440325532e+02      -4.479196184226e-01      -1.602866760178e+02       3.708985001760e-02       3.708964071269e-02 
       1.795830346887e-01      -4.441902023759e-02      -1.179068394201e+02      -1.888188786025e+02      -4.069324640976e-01      -1.652672423258e+02       3.580725157870e-02       3.580707733687e-02 
       1.855885175531e-01      -4.308691840783e-02      -1.273476700432e+02      -1.939256064721e+02      -4.174815338230e-01      -1.706735866954e+02       3.462403241957e-02       3.462386131520e-02 
       1.917947979727e-01      -4.165574115430e-02      -1.355167859530e+02      -1.989874622656e+02      -3.784842086254e-01      -1.758520015196e+02       3.340305687249e-02       3.340291514266e-02 
       1.982086200645e-01      -3.998307767717e-02      -1.403015799026e+02      -2.036096849225e+02      -3.900246931864e-01      -1.801821308196e+02       3.204633594394e-02       3.204619487430e-02 
       2.048369281671e-01      -3.805035482885e-02      -1.408285108707e+02      -2.075962562931e+02      -3.433559739600e-01      -1.833747761082e+02       3.053754909998e-02       3.053743722227e-02 
       2.116869153582e-01      -3.597457952725e-02      -1.379641636462e+02      -2.110219846775e+02      -3.533475578949e-01      -1.856236501292e+02       2.894382840069e-02       2.894371574475e-02 
       2.187660808833e-01      -3.394277474364e-02      -1.341299628863e+02      -2.142192859295e+02      -3.123625768541e-01      -1.875462780129e+02       2.738158532432e-02       2.738149574079e-02 
       2.260822975556e-01      -3.214098398637e-02      -1.323340274292e+02      -2.176509227088e+02      -3.054064924462e-01      -1.899590470653e+02       2.596788345942e-02       2.596779958822e-02 
       2.336438903380e-01      -3.066250384005e-02      -1.347373427992e+02      -2.217070077223e+02      -2.993085698990e-01      -1.934890620028e+02       2.476604252978e-02       2.476596464539e-02 
       2.414597275376e-01      -2.946906955181e-02      -1.414317768251e+02      -2.265028153121e+02      -2.670343404589e-01      -1.982389138860e+02       2.375788743764e-02       2.375782502145e-02 
       2.495393263492e-01      -2.841392399372e-02      -1.501747968831e+02      -2.317780441120e+02      -2.728952928347e-01      -2.036722041205e+02       2.285396354136e-02       2.285390162719e-02 
       2.578929749106e-01      -2.731779294230e-02      -1.574817085218e+02      -2.369940289808e+02      -2.662930684516e-01      -2.088434437628e+02       2.194062772131e-02       2.194057053998e-02 
       2.665318735985e-01      -2.607436205269e-02      -1.606910998898e+02      -2.416400818645e+02      -2.373778638579e-01      -2.129542777496e+02       2.094569650301e-02       2.094565061182e-02 
       2.754682990571e-01      -2.471177332064e-02      -1.598011582179e+02      -2.455938953566e+02      -2.274991808832e-01      -2.159107883619e+02       1.988096663273e-02       1.988092542525e-02 
       2.847157954539e-01      -2.336471344376e-02      -1.576587323615e+02      -2.492508906960e+02      -2.297188109950e-01      -2.184482290336e+02       1.882918591625e-02       1.882914556487e-02 
       2.942893987864e-01      -2.217254268637e-02      -1.579977793194e+02      -2.532498886516e+02      -2.196888559036e-01      -2.216241801441e+02       1.788025544706e-02       1.788021898481e-02 
       3.042059018262e-01      -2.117607623119e-02      -1.625585297708e+02      -2.579678607202e+02      -1.999718285022e-01      -2.259941259900e+02       1.706346793410e-02       1.706343745939e-02 
       3.144841696300e-01      -2.029484937973e-02      -1.696078273520e+02      -2.632086259310e+02      -1.830147153321e-01      -2.311456546757e+02       1.633026313349e-02       1.633023764783e-02 
       3.251455186994e-01      -1.940425446986e-02      -1.753952069016e+02      -2.683802854848e+02      -1.723759079464e-01      -2.360544077509e+02       1.560131698913e-02       1.560129476824e-02 
       3.362141771430e-01      -1.844412316433e-02      -1.775574645892e+02      -2.730281757851e+02      -1.647509769958e-01      -2.400108069279e+02       1.483553378806e-02       1.483551391961e-02 
       3.477178490630e-01      -1.746266996015e-02      -1.774023777720e+02      -2.772720282734e+02      -1.570250207443e-01      -2.433042196135e+02       1.406047087175e-02       1.406045312183e-02 
       3.596884145492e-01      -1.655494456003e-02      -1.785463157662e+02      -2.816941491879e+02      -1.482055166853e-01      -2.469315373273e+02       1.333606244113e-02       1.333604678931e-02 
       3.721628081839e-01      -1.575696316646e-02      -1.829073438840e+02      -2.866912121272e+02      -1.389594606505e-01      -2.514901982415e+02       1.268699702278e-02       1.268698334850e-02 
       3.851841354827e-01      -1.501270469374e-02      -1.885076982149e+02      -2.920075023360e+02      -1.311345867917e-01      -2.564841125409e+02       1.207889390713e-02       1.207888184429e-02 
       3.988031107989e-01      -1.425388614553e-02      -1.921471532984e+02      -2.971261362381e+02      -1.300895065194e-01      -2.610300752493e+02       1.146771119720e-02       1.146769979658e-02 
       4.130799360347e-01      -1.348398186340e-02      -1.937194360639e+02      -3.019858813706e+02      -1.356853510438e-01      -2.650642980341e+02       1.085390745810e-02       1.085389600717e-02 
       4.280867938270e-01      -1.275415147473e-02      -1.960695291283e+02      -3.069854643150e+02      -1.274573895746e-01      -2.693237011045e+02       1.026866088381e-02       1.026865092546e-02 
       4.439112131051e-01      -1.208078269364e-02      -2.005027960475e+02      -3.123996304765e+02      -1.042457832516e-01      -2.742185423825e+02       9.723157191003e-03       9.723150001740e-03 
       4.606606987724e-01      -1.142764109365e-02      -2.049089877589e+02      -3.180225393388e+02      -1.156258810956e-01      -2.792741084750e+02       9.195405643669e-03       9.195397778978e-03 
       4.784692358323e-01      -1.077002312132e-02      -2.077652512650e+02      -3.235370404890e+02      -9.508064986781e-02      -2.840112329192e+02       8.668218949250e-03       8.668213248059e-03 
       4.975066461717e-01      -1.013322547529e-02      -2.109891817990e+02      -3.292095165620e+02      -1.052071866677e-01      -2.889283576061e+02       8.156327117263e-03       8.156320921387e-03 
       5.179924169094e-01      -9.526427868197e-03      -2.155446527227e+02      -3.353398760332e+02      -8.748462566238e-02      -2.944015493211e+02       7.666468875422e-03       7.666464325254e-03 
       5.402167786851e-01      -8.922649432832e-03      -2.195262539964e+02      -3.416366152632e+02      -7.676282921840e-02      -2.999191376434e+02       7.180753101053e-03       7.180749522241e-03 
       5.645740039770e-01      -8.325271371041e-03      -2.234876961915e+02      -3.482229675740e+02      -7.280698461604e-02      -3.056603879965e+02       6.700376793632e-03       6.700373663787e-03 
       5.916172487028e-01      -7.738528253302e-03      -2.283494377331e+02      -3.553503907623e+02      -7.912705986698e-02      -3.119599091749e+02       6.227572866740e-03       6.227569585006e-03 
       6.221534069165e-01      -7.146918856144e-03      -2.330931806866e+02      -3.629786061077e+02      -6.094431018054e-02      -3.186320238220e+02       5.751697307093e-03       5.751695160860e-03 
       6.574169225837e-01      -6.550263704837e-03      -2.386232614417e+02      -3.714231163641e+02      -5.665884556163e-02      -3.260606228843e+02       5.271303704311e-03       5.271301903813e-03 
       6.994106050453e-01      -5.935418101638e-03      -2.446858302666e+02      -3.809368951998e+02      -6.090412872752e-02      -3.344051491882e+02       4.776500743272e-03       4.776498911702e-03 
       7.516274366950e-01      -5.289994243001e-03      -2.518823075644e+02      -3.920887239370e+02      -4.896729733224e-02      -3.441991084072e+02       4.257019884472e-03       4.257018665550e-03 
       8.207019189882e-01      -4.592249526770e-03      -2.607045555563e+02      -4.057971415132e+02      -4.792561228869e-02      -3.562354027516e+02       3.695449216435e-03       3.695448163660e-03 
       9.203076905753e-01      -3.814088363769e-03      -2.722886462078e+02      -4.237981275346e+02      -3.126501732286e-02      -3.720398459380e+02       3.069193515682e-03       3.069193013503e-03 
       1.078222483566e+00      -2.943690361373e-03      -2.884700030843e+02      -4.489481032359e+02      -2.669905240330e-02      -3.941213255110e+02       2.368721134345e-03       2.368720809269e-03 
       1.328799352533e+00      -2.083225802083e-03      -3.100761805925e+02      -4.825320745419e+02      -1.828637888387e-02      -4.236074501063e+02       1.676275549250e-03       1.676275399714e-03 
       1.670388304426e+00      -1.420071874629e-03      -3.340240026441e+02      -5.197581070031e+02      -1.145905947287e-02      -4.562911422163e+02       1.142635453113e-03       1.142635395689e-03 
       2.102849757768e+00      -9.613642006091e-04      -3.583864299848e+02      -5.576320053178e+02      -8.034422764403e-03      -4.895434921355e+02       7.735266266615e-04       7.735266008254e-04 
       2.647330841336e+00      -6.481758079754e-04      -3.829731588125e+02      -5.958566189833e+02      -5.120539844582e-03      -5.231035962129e+02       5.215208861036e-04       5.215208754584e-04 
       3.332792069508e+00      -4.354176947070e-04      -4.077467063340e+02      -6.343747332310e+02      -4.474529289657e-03      -5.569212006360e+02       3.503303214359e-04       3.503303148138e-04 
       4.195736628530e+00      -2.915232344975e-04      -4.326770870180e+02      -6.731404230172e+02      -2.753666573629e-03      -5.909557595747e+02       2.345518865231e-04       2.345518839836e-04 
       5.282119462852e+00      -1.945912551099e-04      -4.577382115952e+02      -7.121151128527e+02      -1.354536872952e-03      -6.251732788101e+02       1.565612777794e-04       1.565612770723e-04 
       6.649794419916e+00      -1.295293760827e-04      -4.829041837630e+02      -7.512618406176e+02      -1.596774366602e-03      -6.595410506179e+02       1.042139306269e-04       1.042139299743e-04 
       8.371595178440e+00      -8.600252409124e-05      -5.081560683190e+02      -7.905567812523e+02      -2.202753317659e-04      -6.940374624291e+02       6.919374771355e-05       6.919374766678e-05 
       1.053921390739e+01      -5.696933608940e-05      -5.334719698599e+02      -8.299751967606e+02      -1.526594550346e-04      -7.286400360894e+02       4.583497175905e-05       4.583497173595e-05 
       1.326808420835e+01      -3.765612731625e-05      -5.588271904367e+02      -8.694940909102e+02      -1.523246997371e-04      -7.633270388653e+02       3.029664805695e-05       3.029664803963e-05 
       1.670352837572e+01      -2.484093318199e-05      -5.841990996851e+02      -9.091036370909e+02       4.042102628113e-05      -7.980873874558e+02       1.998639108057e-05       1.998639108175e-05 
       2.102849633881e+01      -1.635655711317e-05      -6.095425907931e+02      -9.487753163011e+02      -2.075904768767e-05      -8.328920542228e+02       1.316050790228e-05       1.316050790091e-05 
       2.647330841275e+01      -1.075137589889e-05      -6.348119997626e+02      -9.885063834556e+02      -1.412004315780e-04      -8.677320431631e+02       8.651064773622e-06       8.651064768818e-06 
       3.332792069508e+01      -7.055435645231e-06      -6.599247718453e+02      -1.028280111092e+03      -5.064982843432e-05      -9.025818989163e+02       5.677675193445e-06       5.677675192056e-06 
