1.738211176698623711e-02 2.505173386934886003e+04
2.945141047864370532e-02 2.042822316420853531e+04
4.189043332923508833e-02 1.580098459041754359e+04
5.436837454080618165e-02 1.200544830212885790e+04
6.709179269147286240e-02 1.025302648338519430e+04
7.906028830909658800e-02 8.771130012783893108e+03
9.134212272608749350e-02 7.033629097134164113e+03
1.036762715188662420e-01 5.349980764997063488e+03
1.161203601746208930e-01 5.061477965637991474e+03
1.284418909099373229e-01 4.748640272656016350e+03
1.405592364589596799e-01 3.902296895760836833e+03
1.528879085095380397e-01 3.497114919073479086e+03
1.654374794108308400e-01 3.123674310980853079e+03
1.776729418071751887e-01 2.798551652342966008e+03
1.898591753287150741e-01 2.750465218578326130e+03
2.021021560467512468e-01 2.523760607293555495e+03
2.143703992684685700e-01 2.213783490129331312e+03
2.266685712461119495e-01 2.034710501286001318e+03
2.389979817456025779e-01 1.931813239732869988e+03
2.513314966973230202e-01 1.808703810257816940e+03
2.635743753250157639e-01 1.766466333301016675e+03
2.757713982113569329e-01 1.669032332688451106e+03
2.881120265131774105e-01 1.610446233043569009e+03
3.003642723148961524e-01 1.486842195499303671e+03
3.126284265724824651e-01 1.417254600566247746e+03
3.249982751341953802e-01 1.357533263618337060e+03
3.373428995657114515e-01 1.305647957359250995e+03
3.495635182377118122e-01 1.220805508269187840e+03
3.617878302046586003e-01 1.186397922078600232e+03
3.739857006525697525e-01 1.141385720259146865e+03
3.863066149710030484e-01 1.114449753021237484e+03
3.986206514546336566e-01 1.068327470864023780e+03
4.109256450409854988e-01 1.021632243866586464e+03
4.232245526996682439e-01 9.820148731165692197e+02
4.354883361750296888e-01 9.685213531152616042e+02
4.477773490403011425e-01 9.468439855694382459e+02
4.599885758528930446e-01 9.302549427866725864e+02
4.722481609019255622e-01 8.931501755549656991e+02
4.845422928593006162e-01 8.818084645250751237e+02
4.967758314204989145e-01 8.508139904088385492e+02
5.090496585712509514e-01 8.419929509470753146e+02
5.213393302533125828e-01 8.110198496365613892e+02
5.336764342072569667e-01 8.037715376043919377e+02
5.460018906414875195e-01 7.932080980844813212e+02
5.582746664676744297e-01 7.539359471797132528e+02
5.704836467567014902e-01 7.426774509015502872e+02
5.827050477421528152e-01 7.349543637991722562e+02
5.949966092592182676e-01 7.051980386061969739e+02
6.072810794928119593e-01 7.107147753982532095e+02
6.195640960192183577e-01 7.034529624389008404e+02
6.318725718641450273e-01 6.758021959011783792e+02
6.441734799903116038e-01 6.658698088180889272e+02
6.564797713783508959e-01 6.546294008372121880e+02
6.686914796307175113e-01 6.336966603451081710e+02
6.809527720051307131e-01 6.306001727783365141e+02
6.932444559397105133e-01 6.183441001449132273e+02
7.054525264494219128e-01 6.112488055925978188e+02
7.177279471803852395e-01 5.969692172331896245e+02
7.300093350151545257e-01 5.906401511837697171e+02
7.423152405224867634e-01 5.779924799072090309e+02
7.545976291523092128e-01 5.733305616513661107e+02
7.668242541727441353e-01 5.727129905411778736e+02
7.791532227191277915e-01 5.624548719968649948e+02
7.914205555814117776e-01 5.414210945041837704e+02
8.036946245254837917e-01 5.414723424299988892e+02
8.159793500227521257e-01 5.297845938851597793e+02
8.282032517041271191e-01 5.204011123307330990e+02
8.405128301308969485e-01 5.186467334359142569e+02
8.528044062999269315e-01 5.092068137935523282e+02
8.650383170353053153e-01 5.040040435282916178e+02
8.772723473691131924e-01 4.979102618675165104e+02
8.895340129403773721e-01 4.887316165077615437e+02
9.018817324806753799e-01 4.850435278630029075e+02
9.141883285202558884e-01 4.744412624403610721e+02
9.264619614774151080e-01 4.681776659901627795e+02
9.387414329717578276e-01 4.645379158806778150e+02
9.509803239040424128e-01 4.623872833113794059e+02
9.632220897656164071e-01 4.515861896889971376e+02
9.754895990516671000e-01 4.449218506894031293e+02
9.877263772139494025e-01 4.382054651305715538e+02
9.999851555211123344e-01 4.370181020758444674e+02
1.012329315970391885e+00 4.318316249427563775e+02
1.024626882427558394e+00 4.304416613477981173e+02
1.036866661813151680e+00 4.265841457787819877e+02
1.049135454677095014e+00 4.144379897128559378e+02
1.061441321051521669e+00 4.123491350027327940e+02
1.073716924295355035e+00 4.044512553139762758e+02
1.085925278808941075e+00 4.020747200209252696e+02
1.098213804025323759e+00 3.989099536728055000e+02
1.110549128364700433e+00 3.928238562511038481e+02
1.122813396371499683e+00 3.866691200355980982e+02
1.135068400457140525e+00 3.821439119907562940e+02
1.147342675129095380e+00 3.752198497634337286e+02
1.159604730526738070e+00 3.755586797730349531e+02
1.171869522420641019e+00 3.691685018804104743e+02
1.184117014672710466e+00 3.669635029593375180e+02
1.196380776649323074e+00 3.620062695341031827e+02
1.208687057234670847e+00 3.591938654713233063e+02
1.220959095202714728e+00 3.538181198356649588e+02
1.233208486402970872e+00 3.535560435278813429e+02
1.245508508346104382e+00 3.462190661506866149e+02
1.257784723303624341e+00 3.428496109556002693e+02
1.270055745540256131e+00 3.394929368417684259e+02
1.282341038613093342e+00 3.360730479863264009e+02
1.294603375460791739e+00 3.338530956620826373e+02
1.306872157219178376e+00 3.282217175308340416e+02
1.319154335659298072e+00 3.240732559978949894e+02
1.331413186443985319e+00 3.179412570186192966e+02
1.343670416769862985e+00 3.184789146962858695e+02
1.355926624421783355e+00 3.151738837851858648e+02
1.368198320788034605e+00 3.114712476122472822e+02
1.380493155587640075e+00 3.101915946964531372e+02
1.392777150327133118e+00 3.061404347832656754e+02
1.405062158431919173e+00 3.030288994020866653e+02
1.417350353046506362e+00 2.989078274899148937e+02
1.429619664591669892e+00 2.981524652877677681e+02
1.441896091891586407e+00 2.927991825711589513e+02
1.454153484788269113e+00 2.891647539404026475e+02
1.466381074598185785e+00 2.884786982089897265e+02
1.478663762757040256e+00 2.824420162800278717e+02
1.490945553437686755e+00 2.815080111937297715e+02
1.503215421848099087e+00 2.785307530116743351e+02
1.515506809604572958e+00 2.754630496944575384e+02
1.527798660544841036e+00 2.731634221894748293e+02
1.540100573539109341e+00 2.692228793499272683e+02
1.552323548238187856e+00 2.661580431507917979e+02
1.564549042303194248e+00 2.642062399560194308e+02
1.576828918306125260e+00 2.618449692633308246e+02
1.589107321948020513e+00 2.589983813706229512e+02
1.601397070109577214e+00 2.572067613391346299e+02
1.613662624295466586e+00 2.540086129043071992e+02
1.625956459000079013e+00 2.503996852345828756e+02
1.638273302580230073e+00 2.497244532165625230e+02
1.650514578067000970e+00 2.477438564474975919e+02
1.662750560070829442e+00 2.450482473997437864e+02
1.675038723418361242e+00 2.429183319522932436e+02
1.687316108801252934e+00 2.407499710548036944e+02
1.699577879978046324e+00 2.385178105927634249e+02
1.711843964077200742e+00 2.360117025335817971e+02
1.724121850273385714e+00 2.343386389295757510e+02
1.736393118826927484e+00 2.314081730697367902e+02
1.748649267014282582e+00 2.282291250557436229e+02
1.760929008138104601e+00 2.268463306652550386e+02
1.773209634393521306e+00 2.244880187054131113e+02
1.785496895765598335e+00 2.240906386027466510e+02
1.797779456585471447e+00 2.205852689372385385e+02
1.810045784231388843e+00 2.187223198800979560e+02
1.822328944795884365e+00 2.161640895141154886e+02
1.834622223744897918e+00 2.150856243561327403e+02
1.846870080155897709e+00 2.127995989407145601e+02
1.859113284872103700e+00 2.093586798535429523e+02
1.871369776471062174e+00 2.081309430764601416e+02
1.883662293966622325e+00 2.072240380474479196e+02
1.895967897181298545e+00 2.044414538783751709e+02
1.908218900087896186e+00 2.035969517671435085e+02
1.920473305735041603e+00 2.021675517948412164e+02
1.932728455462241035e+00 1.989654385330708237e+02
1.945010996468966136e+00 1.976392955821068256e+02
1.957297286609057219e+00 1.959144869763510997e+02
1.969540674482686216e+00 1.940853265373154670e+02
1.981824511398913025e+00 1.929929284315308280e+02
1.994126084838471202e+00 1.904524697733571941e+02
2.006394493041785854e+00 1.900151426312802130e+02
2.018670277140658609e+00 1.879956908187753299e+02
2.030952260532412179e+00 1.868456438650824225e+02
2.043216747936142497e+00 1.847086735694715287e+02
2.055475462521540120e+00 1.832145706077113516e+02
2.067735751272673284e+00 1.817728193497572420e+02
2.080008463019119347e+00 1.807702744984511583e+02
2.092298393439131488e+00 1.790708118013946546e+02
2.104578220314605286e+00 1.774713421128192294e+02
2.116845351929772523e+00 1.754871274509207524e+02
2.129117234263313563e+00 1.739969248892178655e+02
2.141386066321568471e+00 1.733238899216116522e+02
2.153674086052424830e+00 1.721260588607580644e+02
2.165943452333749963e+00 1.703115408004829874e+02
2.178174664968279828e+00 1.692852382853716335e+02
2.190433842997593139e+00 1.685168688046666432e+02
2.202719870751546960e+00 1.659955453195121038e+02
2.215018657555435588e+00 1.649805331364560175e+02
2.227273534473448890e+00 1.643117358538629844e+02
2.239529649064412986e+00 1.627376893180938850e+02
2.251840650374316244e+00 1.613901301790929210e+02
2.264118958498200662e+00 1.603619018438726300e+02
2.276384222436070193e+00 1.582324290480678144e+02
2.288658352062910684e+00 1.579498361914965301e+02
2.300952024159490072e+00 1.567525185607235301e+02
2.313218074710013283e+00 1.555128165880443589e+02
2.325458285740755304e+00 1.542278064873816277e+02
2.337719157879688758e+00 1.532996319058218262e+02
2.350003080769816677e+00 1.518024278911073850e+02
2.362278993050206388e+00 1.506289959129974818e+02
2.374538871239863180e+00 1.501073440954680791e+02
2.386815928068645842e+00 1.482890133796200871e+02
2.399102766838841827e+00 1.484471894656408324e+02
2.411392551908071891e+00 1.468505681178220925e+02
2.423637201517297779e+00 1.461919116877050726e+02
2.435888357704467655e+00 1.451107497907430286e+02
2.448174726432504222e+00 1.435816199738956698e+02
2.460449124789410913e+00 1.430628595185821723e+02
2.472719029545417779e+00 1.418657973107376620e+02
2.484992750921887428e+00 1.418442573903009816e+02
2.497273740348870064e+00 1.403178106843653268e+02
2.509544119010925556e+00 1.392884907464152491e+02
2.521826992317544924e+00 1.389976546663334034e+02
2.534112746823773854e+00 1.377200531021941003e+02
2.546370755882703563e+00 1.371485524793161233e+02
2.558627583833518848e+00 1.359989351935141144e+02
2.570901264966575450e+00 1.349473752737554548e+02
2.583177266334576228e+00 1.346211834368895666e+02
2.595440414947020713e+00 1.333700671829136866e+02
2.607704697176866038e+00 1.330449251893817575e+02
2.620001008344286841e+00 1.317688019875676275e+02
2.632286852377137443e+00 1.312971637911117284e+02
2.644534355458745267e+00 1.314574395677670680e+02
2.656801971284723507e+00 1.300515514024260710e+02
2.669073606362495354e+00 1.297534417273316762e+02
2.681350582973501151e+00 1.289658600354574673e+02
2.693623775252737662e+00 1.279949757696395665e+02
2.705878060838002419e+00 1.275722782278965184e+02
2.718161408631444065e+00 1.271128250822562933e+02
2.730438381717716467e+00 1.263643011393284326e+02
2.742710709783558354e+00 1.260547291823710765e+02
2.754989803681385130e+00 1.254674667932640233e+02
2.767261393647393319e+00 1.249301061887219504e+02
2.779527689818626968e+00 1.241666574548547715e+02
2.791792580398906320e+00 1.242549646124661535e+02
2.804076019185131052e+00 1.232799581799607296e+02
2.816361565955662893e+00 1.231101392337559730e+02
2.828620445026039487e+00 1.226618059861342118e+02
2.840883494086274386e+00 1.222671973735301236e+02
2.853162732718515393e+00 1.218459360846049719e+02
2.865449930472707685e+00 1.216465270638149576e+02
2.877720525290941467e+00 1.209581855186581834e+02
2.889980400866404064e+00 1.210887278042863784e+02
2.902258094927428811e+00 1.206218984160095999e+02
2.914518771021708865e+00 1.203153049331425706e+02
2.926762637460898375e+00 1.202363142761078905e+02
2.939034671974965818e+00 1.199151851181468658e+02
2.951320296669093679e+00 1.196766629136985500e+02
2.963596943330394584e+00 1.194501606009013557e+02
2.975876115174083125e+00 1.196017280339488309e+02
2.988160226007601672e+00 1.190365901183999995e+02
3.000449564284945136e+00 1.187281009392190185e+02
3.012716247615992771e+00 1.188584521693240248e+02
3.024968677896445524e+00 1.190661996585903069e+02
3.037252089413381206e+00 1.189895091576220523e+02
3.049526025248503469e+00 1.189579221792121331e+02
3.061775627056916083e+00 1.190966945610816623e+02
3.074050190242934466e+00 1.192534397680615825e+02
3.086335049279050669e+00 1.190258220094048909e+02
3.098604284051831748e+00 1.192304959602841734e+02
3.110859402857432787e+00 1.189887229840242782e+02
3.123137571083341335e+00 1.194813005619982818e+02
3.135433860620076008e+00 1.198666411205689002e+02
3.147694860085057833e+00 1.197517207220322746e+02
3.159955406938257827e+00 1.190462618828876913e+02
3.172231852617279468e+00 1.183102482168537790e+02
3.184500156144458582e+00 1.175160453550252413e+02
3.196773919593132174e+00 1.173055032768097306e+02
3.209043238805592058e+00 1.172077502146933625e+02
3.221304844986775606e+00 1.166156927968011132e+02
3.233578610614086912e+00 1.160037292385889316e+02
3.245856007779630126e+00 1.155196474045655606e+02
3.258141093623589057e+00 1.152694883478315404e+02
3.270409299032134065e+00 1.144054918434050734e+02
3.282658956310685383e+00 1.143456622239422842e+02
3.294945613747680024e+00 1.136199884740416479e+02
3.307241173435417902e+00 1.136233826298309566e+02
3.319493443427470769e+00 1.127629047094283266e+02
3.331761315320282080e+00 1.123975668962432337e+02
3.344046336304555389e+00 1.118973897701426239e+02
3.356319113613614569e+00 1.117906322783160959e+02
3.368590716671962415e+00 1.110062401528523139e+02
3.380849450070406714e+00 1.105369179984593018e+02
3.393137422498175848e+00 1.103314471749016832e+02
3.405402934717694841e+00 1.101260738463838464e+02
3.417648452689458605e+00 1.095924407556199895e+02
3.429928278694132526e+00 1.094497789383891444e+02
3.442208234484876339e+00 1.090221333774412216e+02
3.454479646404396309e+00 1.089815628179739235e+02
3.466751461693565073e+00 1.080946551496984398e+02
3.479030510950021249e+00 1.083034643899409701e+02
3.491300288292578102e+00 1.076508201440164783e+02
3.503568930270981596e+00 1.078776128051028422e+02
3.515835394026666449e+00 1.066520351463176013e+02
3.528107253724193537e+00 1.067380927354859494e+02
3.540379910692058374e+00 1.066260773571842435e+02
3.552643818818467913e+00 1.062964689959759710e+02
3.564918950993477331e+00 1.059764744556000124e+02
3.577194699610957151e+00 1.059130966317615901e+02
3.589473455040347982e+00 1.054529229910960737e+02
3.601750832267731628e+00 1.056248711443860628e+02
3.614017424810504142e+00 1.050216597489755799e+02
3.626290519411383251e+00 1.048646802733490944e+02
3.638561715014892783e+00 1.048214232073052017e+02
3.650824314792898928e+00 1.046186697015167653e+02
3.663101198384725254e+00 1.043042689298707018e+02
3.675380849737959199e+00 1.041870819041426444e+02
3.687651978784178830e+00 1.040856329121040886e+02
3.699907119171376824e+00 1.038537805691211275e+02
3.712183532912161965e+00 1.037203672714326217e+02
3.724469408649584423e+00 1.035987203592038099e+02
3.736723077848686625e+00 1.037825387046246988e+02
3.748988739168156670e+00 1.032680515942063693e+02
3.761269737787462653e+00 1.032728507226451313e+02
3.773564278030982155e+00 1.029546030422239653e+02
3.785821702171955128e+00 1.028348543316429442e+02
3.798063058839717065e+00 1.032473549907515320e+02
3.810345432426653023e+00 1.029838119462701229e+02
3.822633046352115205e+00 1.031260542922603065e+02
3.834912289206673819e+00 1.028503472762370450e+02
3.847178375199088673e+00 1.029871657686018978e+02
3.859455815422940361e+00 1.029683580223296673e+02
3.871743365947119209e+00 1.029792504206795201e+02
3.884007264268753978e+00 1.032162845618615847e+02
3.896265485719579313e+00 1.034753065375830943e+02
3.908541096375912183e+00 1.036897504146152329e+02
3.920805903296012307e+00 1.032164814488182429e+02
3.933060973867312349e+00 1.034009994008960263e+02
3.945334141377447867e+00 1.038286422086451211e+02
3.957625103185169912e+00 1.038239627768102338e+02
3.969897184135290580e+00 1.041985563960959240e+02
3.982150397986356172e+00 1.040988415721715796e+02
3.994423631856448775e+00 1.045561656724573112e+02
4.006712570823578901e+00 1.047061436274794914e+02
4.018991839910825092e+00 1.051764533426987924e+02
4.031258717586033491e+00 1.050982533305640771e+02
4.043540594161144419e+00 1.058569512266806782e+02
4.055829528370979986e+00 1.058162752702784530e+02
4.068074693491827709e+00 1.062308435916417153e+02
4.080317561286595840e+00 1.061442342325484276e+02
4.092611917535927013e+00 1.068682235661910340e+02
4.104888759059062586e+00 1.072840232416177457e+02
4.117134244855478187e+00 1.073533871694199604e+02
4.129405853040930552e+00 1.075825159948161200e+02
4.141675566112689388e+00 1.077755237753515019e+02
4.153946778890971636e+00 1.085021262189322186e+02
4.166224027424727083e+00 1.088341605540974513e+02
4.178515857873231099e+00 1.094075607890281958e+02
4.190799606613228256e+00 1.095942639646969212e+02
4.203042767234823174e+00 1.099137554725080719e+02
4.215313151307327644e+00 1.105241327652227454e+02
4.227598595547638283e+00 1.110299041225851084e+02
4.239877281811782694e+00 1.117320718710471539e+02
4.252146738145493821e+00 1.114093584503038699e+02
4.264407695833254408e+00 1.117461110811551066e+02
4.276668996993365113e+00 1.128883444024154699e+02
4.288941683277137429e+00 1.128460563342752465e+02
4.301205524745991049e+00 1.138535214503945099e+02
4.313473634470406992e+00 1.135155903205292560e+02
4.325768993449702116e+00 1.141816729157937829e+02
4.338038707702745356e+00 1.146661106730989985e+02
4.350269769516950547e+00 1.142824328949749457e+02
4.362554536396556770e+00 1.151741910491726628e+02
4.374860917389243653e+00 1.148160506169961934e+02
4.387111019975010073e+00 1.158239557177910939e+02
4.399377094147634892e+00 1.147177440717273100e+02
4.411640494160804948e+00 1.148423749932892974e+02
4.423901888041580577e+00 1.153082982846117375e+02
4.436140452039917470e+00 1.140604191861080210e+02
4.448417437929738760e+00 1.140129305336671308e+02
4.460738877778170242e+00 1.136528390095572405e+02
4.472988305179451451e+00 1.130689393657148685e+02
4.485260886754184995e+00 1.133369329412582118e+02
4.497565876017121766e+00 1.135147194200670526e+02
4.509830585659458713e+00 1.129951082008392973e+02
4.522083477522978789e+00 1.130512455494055502e+02
4.534345513780857040e+00 1.134072826339280766e+02
4.546632517184263200e+00 1.135600998540989792e+02
4.558897339832924445e+00 1.132932692090362110e+02
4.571131579514094767e+00 1.123359410224481110e+02
4.583412306021433125e+00 1.141568213566777956e+02
4.595709553904716138e+00 1.136975418872152517e+02
4.607988075096383973e+00 1.139298951311663615e+02
4.620222415998350485e+00 1.142346141003760067e+02
4.632472237721305675e+00 1.140269798499767120e+02
4.644806451563347593e+00 1.150997279868803957e+02
4.657086118333660707e+00 1.156937198226660826e+02
4.669321450065040402e+00 1.160182330204938808e+02
4.681617457784454039e+00 1.157927726269021207e+02
4.693952243022401660e+00 1.168900985455749861e+02
4.706197409480638250e+00 1.171675559464060399e+02
4.718419533955038325e+00 1.174905201676405255e+02
4.730749720240055467e+00 1.177976210410060105e+02
4.743027456159571109e+00 1.187337534175078986e+02
4.755230017144760346e+00 1.190415569443154169e+02
4.767519946440861744e+00 1.210013434696885071e+02
4.779880822789986716e+00 1.203252571080728757e+02
4.792127184484293423e+00 1.222111754571047442e+02
4.804296949500717950e+00 1.236033942288556204e+02
4.816619599423339615e+00 1.231104264753287509e+02
4.828934193925057627e+00 1.233957610110604293e+02
4.841139749393915004e+00 1.256984032926442012e+02
4.853387336482930081e+00 1.261087161255237419e+02
4.865708654518317466e+00 1.255845054238153296e+02
4.878037844254626165e+00 1.289488734031251624e+02
4.890241777749357865e+00 1.299731921106345567e+02
4.902442291720478629e+00 1.314031792345719794e+02
4.914820612025613933e+00 1.310337795231649238e+02
4.927142479080782955e+00 1.313320260711636251e+02
4.939281480424701165e+00 1.341842673538005783e+02
4.951552638627547687e+00 1.341201815861389832e+02
4.963970732601841185e+00 1.354452186128335427e+02
4.976237497734522286e+00 1.383682343116423112e+02
4.988335402796728602e+00 1.420027213555113121e+02
5.000655703041534395e+00 1.397733049970597392e+02
5.013132455992298731e+00 1.411275388554396102e+02
5.025288112119859818e+00 1.451902016174046253e+02
5.037329150989089399e+00 1.463254596637260931e+02
5.049756828363046957e+00 1.509094730622062173e+02
5.062207412201274792e+00 1.507662054390235369e+02
5.074334612269079336e+00 1.538666662316267946e+02
5.086517890415797716e+00 1.560782188893211071e+02
5.098973627952409160e+00 1.594974508158356343e+02
5.111196941764082347e+00 1.620654271966381827e+02
5.123063564491326716e+00 1.637178731263545330e+02
5.135542052633936372e+00 1.661994757248324390e+02
5.148262843179548298e+00 1.679483648578638793e+02
5.160214426255464559e+00 1.726809091767674715e+02
5.171952172248117208e+00 1.750603962084350371e+02
5.184650316981067597e+00 1.743759912631115583e+02
5.197617739406364734e+00 1.787807376016006629e+02
5.209365522380550395e+00 1.805342116268131463e+02
5.220880666025896844e+00 1.844575658595996686e+02
5.233851102432595326e+00 1.885833640088565062e+02
5.247005724654743020e+00 1.914943975646445722e+02
5.258199914980154155e+00 1.990285420281675215e+02
5.269462260182540270e+00 1.988822320891130744e+02
5.282992069080630237e+00 2.022210228037206150e+02
5.296523951462828173e+00 2.058461865797074779e+02
5.306831842552564460e+00 2.140465633906354128e+02
5.317942278514448340e+00 2.209850217690752459e+02
5.331929388416754456e+00 2.281329159583357011e+02
5.345830640245087473e+00 2.333812783661303172e+02
5.356422273259193290e+00 2.629893561038938969e+02
5.366940074945232730e+00 2.539805388112279445e+02
5.380943629579887144e+00 2.873499489011431365e+02
5.394920594475422604e+00 2.501644616339200411e+02
5.406040601928535416e+00 2.681559571803639415e+02
5.415687465758339592e+00 3.089562579379075373e+02
5.429015257267928440e+00 2.354521181038008706e+02
5.441398092702653067e+00 1.084896039951677267e+02
