8.899641366532215839e-03 2.165870070457458496e+00
1.507912288335236557e-02 2.606507886539806140e+00
2.144790238028840279e-02 2.551874390131310566e+00
2.783660839001337803e-02 2.272648713527581688e+00
3.435099897224728333e-02 1.934253726354459468e+00
4.047886852888350762e-02 1.657393619862008505e+00
4.676716823161133213e-02 1.449062971564812452e+00
5.308225183095997834e-02 1.306482345347591778e+00
5.945362628270418198e-02 1.206853555410336121e+00
6.576224888327897311e-02 1.123645920114418884e+00
7.196633099849814030e-02 1.037854877345236515e+00
7.827861083643085360e-02 9.393938381054679487e-01
8.470399068733039383e-02 8.326126746675873713e-01
9.096854837087310630e-02 7.329701238771983984e-01
9.720789911631415314e-02 6.484143803394221139e-01
1.034763067582125246e-01 5.830703639508159064e-01
1.097576477722859295e-01 5.372455085168004185e-01
1.160543097296395099e-01 5.056424642553424276e-01
1.223669711375355018e-01 4.814194554715446883e-01
1.286817294313966353e-01 4.580256486979562558e-01
1.349500825432468076e-01 4.313819572189677154e-01
1.411949598984825194e-01 4.004867105462943111e-01
1.475133603331979515e-01 3.668754110742166175e-01
1.537865113128315253e-01 3.345357302166875324e-01
1.600657585574513098e-01 3.062066546579798043e-01
1.663991183124232387e-01 2.835780990867274864e-01
1.727195676550437875e-01 2.667476849379181170e-01
1.789765243151531793e-01 2.543854643423529849e-01
1.852353737358977681e-01 2.444514108481661008e-01
1.914806840710078228e-01 2.349033259441785926e-01
1.977889912499052050e-01 2.241376519039821602e-01
2.040937762760341168e-01 2.121244631804310998e-01
2.103939340553785675e-01 1.991017544269561845e-01
2.166909768415070381e-01 1.861604127877347914e-01
2.229700342773534294e-01 1.744380820735674520e-01
2.292620082907971812e-01 1.642465792943314518e-01
2.355141554174260132e-01 1.561805948232993235e-01
2.417910667859329010e-01 1.495369315534609278e-01
2.480856600621526575e-01 1.440043508591611621e-01
2.543492296933776986e-01 1.388435670171094261e-01
2.606334330713551140e-01 1.335906018461559264e-01
2.669257423685943431e-01 1.279509546255476748e-01
2.732423402688111680e-01 1.220358576540391815e-01
2.795529764247268734e-01 1.161084074857182541e-01
2.858366371208178047e-01 1.104721843557747440e-01
2.920876345653135586e-01 1.053222466475569608e-01
2.983449910233763047e-01 1.008969320968392813e-01
3.046382692007175153e-01 9.697974734031100663e-02
3.109279206077096291e-01 9.354085616627429156e-02
3.172168249548444341e-01 9.039196069991724258e-02
3.235187638557397438e-01 8.732650898362979974e-02
3.298168281540781455e-01 8.425737215006794123e-02
3.361176499784954697e-01 8.114371075836410152e-02
3.423700432242688940e-01 7.806214094820143612e-02
3.486478282721584554e-01 7.500933544319249302e-02
3.549411678217364030e-01 7.218915473474171729e-02
3.611917028618862324e-01 6.958436151106235645e-02
3.674767166795864792e-01 6.715636869840439782e-02
3.737647869486350194e-01 6.493650709045513392e-02
3.800654123961629827e-01 6.292689564652501066e-02
3.863539965316843960e-01 6.098276456528281542e-02
3.926140268183350712e-01 5.910288429215034001e-02
3.989264585714052402e-01 5.724469843748829223e-02
4.052073321741767042e-01 5.542407189032467346e-02
4.114916561031216058e-01 5.363724041746339294e-02
4.177814351677177074e-01 5.192080570999624972e-02
4.240400734774502078e-01 5.029371963241752175e-02
4.303425767158289839e-01 4.876819548309906799e-02
4.366358654408017403e-01 4.731551102214703874e-02
4.428996297022272377e-01 4.593700746756528008e-02
4.491634546846772214e-01 4.466587877397708989e-02
4.554414216830138806e-01 4.343005792551384719e-02
4.617634586244367401e-01 4.220977106088547037e-02
4.680644339618229011e-01 4.102157229198733629e-02
4.743485343043289393e-01 3.988267046003194510e-02
4.806356229933411717e-01 3.878412585798189649e-02
4.869019348941476255e-01 3.772863710013838606e-02
4.931697216584374210e-01 3.670058034115586398e-02
4.994506893203705666e-01 3.571473462229336066e-02
5.057159170899795386e-01 3.478939779739533694e-02
5.119924112995831722e-01 3.390752760056216231e-02
5.183126200344251311e-01 3.304651240887849367e-02
5.246089766776097507e-01 3.220507341283807695e-02
5.308757393302815375e-01 3.140413594077229309e-02
5.371573631137898097e-01 3.062139570341215408e-02
5.434579693678205370e-01 2.987187407884934337e-02
5.497430800183124022e-01 2.913932777803141666e-02
5.559937532006536953e-01 2.842856022759091342e-02
5.622854803132901758e-01 2.774501107659411644e-02
5.686011663807025718e-01 2.708612071879289845e-02
5.748804726504169738e-01 2.645768522572524567e-02
5.811550348899043872e-01 2.584678775449758895e-02
5.874394618980551819e-01 2.525251974723246098e-02
5.937176309436124066e-01 2.466923689910025669e-02
5.999972067258815267e-01 2.411573491896485191e-02
6.062679241142834297e-01 2.358046118565921070e-02
6.125469718145756248e-01 2.306088855648605676e-02
6.188477867230408602e-01 2.255109759181575177e-02
6.251310732428440042e-01 2.205419411479162678e-02
6.314027615222762568e-01 2.156973215019374404e-02
6.377003718199972804e-01 2.110154303338547185e-02
6.439857930550499931e-01 2.066531347043314842e-02
6.502685530156656624e-01 2.023385142867606748e-02
6.565586246988928121e-01 1.981502693396886353e-02
6.628369424596141091e-01 1.940014453369213673e-02
6.691185559465481214e-01 1.900219950661339099e-02
6.754070310799917820e-01 1.860789895238073102e-02
6.816835621456999172e-01 1.823520805500592618e-02
6.879592682977492268e-01 1.787461699964430079e-02
6.942344479254694001e-01 1.751938807226881972e-02
7.005175563849601605e-01 1.717426514495048670e-02
7.068125114371639484e-01 1.683101114098706913e-02
7.131019140896182051e-01 1.650623601004776175e-02
7.193918372712783116e-01 1.618536029370837986e-02
7.256833943957551325e-01 1.587625582270228014e-02
7.319652850879165840e-01 1.557954018655802186e-02
7.382508135613710110e-01 1.528438788306893566e-02
7.445266028199800656e-01 1.499963271140831306e-02
7.507871253111656484e-01 1.471715640305475831e-02
7.570758611164480900e-01 1.444398366725656822e-02
7.633641360200108528e-01 1.418298770181003650e-02
7.696463136717470732e-01 1.392338094947746970e-02
7.759395055689795040e-01 1.367556737891730857e-02
7.822329304664709104e-01 1.343106230601494831e-02
7.885315090900385515e-01 1.318926438314085847e-02
7.947896741918292207e-01 1.295681127814097069e-02
8.010491271689893500e-01 1.272474942450562037e-02
8.073364249441802309e-01 1.250251228740254655e-02
8.136229646920474234e-01 1.229102521008538541e-02
8.199153172706454829e-01 1.207965783572708535e-02
8.261952811458017631e-01 1.187644620060168688e-02
8.324897258535074451e-01 1.167609216535447740e-02
8.387959526007869870e-01 1.147620975237284568e-02
8.450634854070663282e-01 1.128485963896061137e-02
8.513283072836113075e-01 1.109530999493255586e-02
8.576198447667759961e-01 1.090741338949973924e-02
8.639058656535316683e-01 1.073346444217993662e-02
8.701838914466027974e-01 1.056187807473648460e-02
8.764641314096036639e-01 1.039142922604490218e-02
8.827504037439891649e-01 1.022646890512687000e-02
8.890332963462141969e-01 1.006231431888322120e-02
8.953084452997464027e-01 9.899815401047583341e-03
9.015956726019704881e-01 9.744331286103422377e-03
9.078833512098413161e-01 9.589841736852849560e-03
9.141744272906558999e-01 9.436760431713864944e-03
9.204630999074844278e-01 9.293902148692415738e-03
9.267434610459841515e-01 9.153179676114914926e-03
9.330324406249552727e-01 9.012586135754003039e-03
9.393266003063709402e-01 8.876462557571879186e-03
9.455975031471062220e-01 8.742313847104717789e-03
9.518660226057367169e-01 8.608264276447789159e-03
9.581413475697029281e-01 8.479678138581662680e-03
9.644351135439162004e-01 8.354595821751195986e-03
9.707355840191599361e-01 8.229380258060718309e-03
9.770081029620610868e-01 8.107900820573138434e-03
9.832823530967786940e-01 7.992623109750711038e-03
9.895569905468067917e-01 7.877504066242154573e-03
9.958456514499454126e-01 7.762682217826336745e-03
1.002136232779608838e+00 7.651840177002300000e-03
1.008404851598815100e+00 7.542179766201651155e-03
1.014694174576919794e+00 7.432160829630915337e-03
1.020992581151014100e+00 7.326767591170753498e-03
1.027274002250675000e+00 7.225981824849660173e-03
1.033559203584765163e+00 7.125135395636822237e-03
1.039847580169829699e+00 7.025131734318740793e-03
1.046126998403850594e+00 6.930164650709022198e-03
1.052403458101502931e+00 6.835985977322943212e-03
1.058680726296697738e+00 6.741795188599989004e-03
1.064964357561877906e+00 6.649486661025354704e-03
1.071256798566221358e+00 6.559545303281487556e-03
1.077544071354557431e+00 6.469685550319708399e-03
1.083824845094000233e+00 6.380266617758538657e-03
1.090108045700157291e+00 6.296947484025236345e-03
1.096389688798609985e+00 6.215879397012709709e-03
1.102681157973254944e+00 6.134684544708428160e-03
1.108963073020351908e+00 6.054232233393183789e-03
1.115225453612966655e+00 5.977117799888482380e-03
1.121502150378710372e+00 5.900249870212545891e-03
1.127792598432213689e+00 5.823213532757199294e-03
1.134089574740247297e+00 5.747116389765364111e-03
1.140364073342102547e+00 5.673965737830051828e-03
1.146639207245351288e+00 5.600948502146632993e-03
1.152942436437851992e+00 5.527604352463302666e-03
1.159228931282626940e+00 5.456997022811353390e-03
1.165508749916801978e+00 5.391210516484800687e-03
1.171793104463751956e+00 5.325482436436899079e-03
1.178087463769067478e+00 5.259649720896143049e-03
1.184367680775410436e+00 5.195037002534525113e-03
1.190634666438431077e+00 5.132451712590749109e-03
1.196912235146298853e+00 5.069794906314652530e-03
1.203201604007285042e+00 5.007020328107880322e-03
1.209486869999778058e+00 4.945471177147947248e-03
1.215763929540806032e+00 4.886691057398137757e-03
1.222049780172183464e+00 4.827930295186094560e-03
1.228340637371898136e+00 4.769122699004826882e-03
1.234633015923105148e+00 4.711256405275829860e-03
1.240902278141391646e+00 4.657308127342641400e-03
1.247174864338172373e+00 4.603705076653483511e-03
1.253465485011332481e+00 4.549947917457123660e-03
1.259749980798759106e+00 4.496410527968475526e-03
1.266032170905827758e+00 4.444741519747338367e-03
1.272316320759243613e+00 4.393568922879297761e-03
1.278604180880545282e+00 4.342366006784875027e-03
1.284886614385056358e+00 4.291208470862488238e-03
1.291175450242393996e+00 4.242044038817767079e-03
1.297465753684127421e+00 4.194732011605022126e-03
1.303741854869400862e+00 4.147526797786352942e-03
1.310017351600176516e+00 4.100326130169744399e-03
1.316301474270663796e+00 4.053684745470604624e-03
1.322586786137195158e+00 4.009715326655658753e-03
1.328865520948248502e+00 3.966098189624976678e-03
1.335144831823233069e+00 3.922477060200160563e-03
1.341440542598177910e+00 3.878745649180886847e-03
1.347730895708934895e+00 3.836201477487784142e-03
1.354001621712590531e+00 3.794705323224012872e-03
1.360282639593320075e+00 3.753141051389653586e-03
1.366565714589564218e+00 3.711563185552187085e-03
1.372851534424878173e+00 3.670298143215205110e-03
1.379135407129832958e+00 3.631726072106552551e-03
1.385409599148118120e+00 3.593802043788264355e-03
1.391698675215097714e+00 3.555788035963762615e-03
1.397984478543130127e+00 3.517793817794610638e-03
1.404267912261491391e+00 3.480405141718599313e-03
1.410554812563175942e+00 3.444711842155083557e-03
1.416837860492211609e+00 3.409150268960444308e-03
1.423118207853388384e+00 3.373603998610162635e-03
1.429397832052551998e+00 3.338061821583393571e-03
1.435686950784322180e+00 3.303109393254644380e-03
1.441977152768831871e+00 3.269202980830507223e-03
1.448253698195793193e+00 3.235384840110859354e-03
1.454532379242246209e+00 3.201555182353123079e-03
1.460819348021602515e+00 3.167680877568360837e-03
1.467110398447264430e+00 3.135247903205604786e-03
1.473392938716745260e+00 3.104749567679760801e-03
1.479669997165725226e+00 3.074285170744707821e-03
1.485956181246867347e+00 3.043776479086514591e-03
1.492233645368827855e+00 3.013310121034425051e-03
1.498502502070437004e+00 2.983508454707919488e-03
1.504785781106828813e+00 2.954589695225122350e-03
1.511076018870604054e+00 2.925648826187908762e-03
1.517361672018678886e+00 2.896729045499269080e-03
1.523648603665754386e+00 2.867803385369607251e-03
1.529938073783499997e+00 2.839289633086969182e-03
1.536230209894147603e+00 2.811843519144115351e-03
1.542510753688646874e+00 2.784501547968525146e-03
1.548783993959166105e+00 2.757191378734678150e-03
1.555073106620426415e+00 2.729812105916206658e-03
1.561357360437646280e+00 2.702761899505578668e-03
1.567629155977046107e+00 2.677819268053880861e-03
1.573913727838968546e+00 2.653203427543379851e-03
1.580203583051146721e+00 2.628566878907401434e-03
1.586485424495109431e+00 2.603961725187503486e-03
1.592760048351496094e+00 2.579390200142965984e-03
1.599046473644109678e+00 2.555454187007537899e-03
1.605342170892531284e+00 2.531958700132078566e-03
1.611619901400826782e+00 2.508530266755452064e-03
1.617897637173894232e+00 2.485101810483030492e-03
1.624183273274892869e+00 2.461643875283513975e-03
1.630464632448940909e+00 2.438486363934685465e-03
1.636749016518817434e+00 2.416476470744942026e-03
1.643030957649984414e+00 2.394598709675726123e-03
1.649309215673383511e+00 2.372733774186837601e-03
1.655593672372293934e+00 2.350847264964086355e-03
1.661879609228423593e+00 2.328955589824478496e-03
1.668169397756880334e+00 2.307974677300223681e-03
1.674450194602470354e+00 2.287981548239024186e-03
1.680722754511547734e+00 2.268014707480863878e-03
1.687013924332251280e+00 2.247988632104368657e-03
1.693309023567647342e+00 2.227950046504289811e-03
1.699582184529626838e+00 2.208012430326817665e-03
1.705863782629779113e+00 2.188710327962420203e-03
1.712154468807867591e+00 2.169645071512504245e-03
1.718438413236833551e+00 2.150600252965173022e-03
1.724721302022623304e+00 2.131558624611807999e-03
1.730997481727017506e+00 2.112537334389025852e-03
1.737287110698811921e+00 2.093596356090412017e-03
1.743568019711331685e+00 2.075799073596219964e-03
1.749840724610719489e+00 2.058297530161172072e-03
1.756128585426761868e+00 2.040753694949945865e-03
1.762413576290274841e+00 2.023217872635413913e-03
1.768696225545751233e+00 2.005688584848074312e-03
1.774979392258164257e+00 1.988271267555937697e-03
1.781265588076748063e+00 1.971832483802385492e-03
1.787549469556652282e+00 1.955627878728456899e-03
1.793834152714548491e+00 1.939421206034512568e-03
1.800115088640694028e+00 1.923224190679164152e-03
1.806393949240306718e+00 1.907032526938110678e-03
1.812674134744620469e+00 1.890872057159307925e-03
1.818956961763506408e+00 1.875260677694316367e-03
1.825244201089838203e+00 1.859830588270486827e-03
1.831527291831864357e+00 1.844410681327485852e-03
1.837811334526000762e+00 1.828988437107059674e-03
1.844100755274497239e+00 1.813552996624204997e-03
1.850384858444586333e+00 1.798132477693305080e-03
1.856666102272343855e+00 1.783483800324592826e-03
1.862947772291545290e+00 1.769455440288132198e-03
1.869229368732079566e+00 1.755427245367538512e-03
1.875517658880313743e+00 1.741384097287181033e-03
1.881800808623774079e+00 1.727352432622380335e-03
1.888078904859593399e+00 1.713332053975253223e-03
1.894354016602919799e+00 1.699519197430881569e-03
1.900642754540889712e+00 1.686322541625033099e-03
1.906933539732843963e+00 1.673170099522947908e-03
1.913207609481020421e+00 1.660052603692986845e-03
1.919490932642516468e+00 1.646915759504990031e-03
1.925776897892065298e+00 1.633773398531702470e-03
1.932064493267848349e+00 1.620635189231450432e-03
1.938342653881060640e+00 1.607922835455875398e-03
1.944618386308852642e+00 1.595447960102041977e-03
1.950906299252908260e+00 1.582948869124827483e-03
1.957194595870784370e+00 1.570449018745354898e-03
1.963479659683463385e+00 1.557955590855689436e-03
1.969760406545119746e+00 1.545470750524501665e-03
1.976048408206027229e+00 1.533125232861466420e-03
1.982338029498461829e+00 1.521728332720954490e-03
1.988617535379774592e+00 1.510513919092172164e-03
1.994896368707261614e+00 1.499300705284505129e-03
2.001179636839495402e+00 1.488079569357231725e-03
2.007459803210732918e+00 1.476863975759469235e-03
2.013737463117888815e+00 1.465652860231857983e-03
2.020017269399334570e+00 1.454574685134200820e-03
2.026310292142863734e+00 1.443891750421128547e-03
2.032600589499427457e+00 1.433242438987948576e-03
2.038873908624716513e+00 1.422621868986618122e-03
2.045154131583326151e+00 1.411989611847782504e-03
2.051444750083316837e+00 1.401339754754439646e-03
2.057730477518978418e+00 1.390698182706591934e-03
2.064013981613451065e+00 1.380223664549423386e-03
2.070299933408402904e+00 1.370166238893872051e-03
2.076589765890210160e+00 1.360123907438624651e-03
2.082865529781856129e+00 1.350104040611283191e-03
2.089134541001091083e+00 1.340094951709778701e-03
2.095424255017540816e+00 1.330052810010853284e-03
2.101707164431554808e+00 1.320021534805707964e-03
2.107986518825044175e+00 1.310193276438941694e-03
2.114271853468083773e+00 1.301082437248190843e-03
2.120552760513600532e+00 1.292045900550581067e-03
2.126836977385017757e+00 1.283004598418457714e-03
2.133122092119955848e+00 1.273962010048527342e-03
2.139411756043959834e+00 1.264912874533836822e-03
2.145697120571732786e+00 1.255869923434241352e-03
2.151973595051769994e+00 1.246870381471854288e-03
2.158259954480660436e+00 1.238178810829060079e-03
2.164545449823881640e+00 1.229573940296720992e-03
2.170830747891504764e+00 1.220969342249415791e-03
2.177114189543003508e+00 1.212367287049711693e-03
2.183387692501795208e+00 1.203778833567988689e-03
2.189670320506250434e+00 1.195177889398388663e-03
2.195960199497599685e+00 1.186567020664338864e-03
2.202242604819257377e+00 1.178245909307562480e-03
2.208521704064293267e+00 1.170253153241149592e-03
2.214804678516886227e+00 1.162255838345172855e-03
2.221092631939611373e+00 1.154252189668356901e-03
2.227372944257140830e+00 1.146258267885387526e-03
2.233657210814539607e+00 1.138259312655862977e-03
2.239943529128351152e+00 1.130257743284482103e-03
2.246224227644831206e+00 1.122314963556622852e-03
2.252506429437830970e+00 1.114874398839011804e-03
2.258783468156008389e+00 1.107568108935891521e-03
2.265069132598043211e+00 1.100251772883177387e-03
2.271350422959666826e+00 1.092940535999069275e-03
2.277634048433214708e+00 1.085626571713277973e-03
2.283922467648721533e+00 1.078307029499084736e-03
2.290202920535420184e+00 1.070996764716569205e-03
2.296490831598927862e+00 1.063753321389925488e-03
2.302771826763311935e+00 1.056776294044234213e-03
2.309051414366779742e+00 1.049822684158988962e-03
2.315338554641302338e+00 1.042860711962140556e-03
2.321627389952595433e+00 1.035896865622028826e-03
2.327911925020047512e+00 1.028937778034075701e-03
2.334186289560127303e+00 1.021989949709013745e-03
2.340468027992998135e+00 1.015033964222946533e-03
2.346756988659871812e+00 1.008229062409039334e-03
2.353044496806751873e+00 1.001820661400842352e-03
2.359327707923070339e+00 9.954351991035591870e-04
2.365603101336412717e+00 9.890576832280904233e-04
2.371885967127894013e+00 9.826725692858044505e-04
2.378173348421294353e+00 9.762828697832264284e-04
2.384454069732529380e+00 9.698999376460506246e-04
2.390736502803425090e+00 9.635152655827923778e-04
2.397014190536873812e+00 9.572412933662048694e-04
2.403295543543093604e+00 9.513060383568124794e-04
2.409585096780960001e+00 9.453890455813300899e-04
2.415871762874253648e+00 9.394747689010592888e-04
2.422160705283573190e+00 9.335583495356478438e-04
2.428440218767722314e+00 9.276508046917082565e-04
2.434717525377141811e+00 9.217453299583465258e-04
2.441002511295388810e+00 9.158326335977980300e-04
2.447290035663344909e+00 9.099431452787800799e-04
2.453571889273430617e+00 9.042745555564256745e-04
2.459852758822840268e+00 8.986559575745929097e-04
2.466139282850015046e+00 8.930323016570376575e-04
2.472422017268737005e+00 8.874120365130557832e-04
2.478698567770654115e+00 8.817973018126156175e-04
2.484980892560527010e+00 8.761774024182949865e-04
2.491269378498083054e+00 8.705519905808985649e-04
2.497548563126016141e+00 8.649348998211005887e-04
2.503831717117992017e+00 8.595729796969233749e-04
2.510117988996658056e+00 8.544791235170918478e-04
2.516400792721253499e+00 8.493881032665686562e-04
2.522688289015427188e+00 8.442932804171957321e-04
2.528971755404220367e+00 8.392017224144739758e-04
2.535252098348438121e+00 8.341126966246987075e-04
2.541537567337918357e+00 8.290195152693153463e-04
2.547823062981965592e+00 8.239263135398117339e-04
2.554100722003804336e+00 8.188623093417096450e-04
2.560376844179065525e+00 8.140364421301168841e-04
2.566667577722153926e+00 8.092618983459656801e-04
2.572955111598495659e+00 8.044897856299529403e-04
2.579233828959529351e+00 7.997243603986793539e-04
2.585520219328450331e+00 7.949531139362352736e-04
2.591805190434158135e+00 7.901829449862810169e-04
2.598084128067277732e+00 7.854173550846090196e-04
2.604360463213065913e+00 7.806537393476130479e-04
2.610647242103097287e+00 7.759222554725175598e-04
2.616931922960255008e+00 7.713695841052682156e-04
2.623206163747393127e+00 7.668456337389652168e-04
2.629491680348758020e+00 7.623135543648409560e-04
2.635778568352333817e+00 7.577804855313334531e-04
2.642061088527428936e+00 7.532505665679858995e-04
2.648343898035611765e+00 7.487204379668639751e-04
2.654631896353765175e+00 7.441865683962280674e-04
2.660919063847193122e+00 7.396532979513316310e-04
2.667198583931860600e+00 7.352077420160511249e-04
2.673484364536813818e+00 7.311077792521358462e-04
2.679773443507671438e+00 7.270450474510196243e-04
2.686058274112265387e+00 7.229850605138115087e-04
2.692338799749068201e+00 7.189278519010203856e-04
2.698618084087729407e+00 7.148714456745656727e-04
2.704895510636926126e+00 7.108162411633351437e-04
2.711175740452461014e+00 7.067592246376475139e-04
2.717459894448289059e+00 7.026996737375057695e-04
2.723745791186213960e+00 6.986564524596332098e-04
2.730038477978619760e+00 6.947645751008235757e-04
2.736318047316759650e+00 6.909174883005084113e-04
2.742591921096126928e+00 6.870738906477494128e-04
2.748879812449644522e+00 6.832217052040681247e-04
2.755163468419708828e+00 6.793721148964057847e-04
2.761447012931416811e+00 6.755225907053956369e-04
2.767732147456675396e+00 6.716720933853323472e-04
2.774015514492576440e+00 6.678226805052167288e-04
2.780298689845027926e+00 6.639734666755318709e-04
2.786577539972491024e+00 6.602480247486545127e-04
2.792858038411352606e+00 6.566308277280844853e-04
2.799143850794739485e+00 6.530105693797321484e-04
2.805430119179285420e+00 6.493900494980248345e-04
2.811715118473283592e+00 6.457702612131355864e-04
2.817989334345457397e+00 6.421566832977921094e-04
2.824269232441467103e+00 6.385398336082289197e-04
2.830563075103315729e+00 6.349149507248418294e-04
2.836848813429708294e+00 6.312947359108264352e-04
2.843130086469376039e+00 6.277118652239945364e-04
2.849413958227453136e+00 6.243930815259684814e-04
2.855697532180278664e+00 6.211297504862973431e-04
2.861978850248864337e+00 6.178675890343249223e-04
2.868262533068496989e+00 6.146042010795293694e-04
2.874547416099068275e+00 6.113401890465316145e-04
2.880831174591305999e+00 6.080767614842498255e-04
2.887113279437215851e+00 6.048141918455906966e-04
2.893394569048360232e+00 6.015520462649497600e-04
2.899673726387354655e+00 5.982910077941344055e-04
2.905954021090237038e+00 5.950631944334766480e-04
2.912241182269578843e+00 5.919488920525720196e-04
2.918526058974273418e+00 5.888456198444359281e-04
2.924809097082689213e+00 5.857432559013881932e-04
2.931095983635962909e+00 5.826389908210289703e-04
2.937378245530036125e+00 5.795370094183701411e-04
2.943660031210097561e+00 5.764352632690253201e-04
2.949946518919881466e+00 5.733311959218532344e-04
2.956227718241893676e+00 5.702297395046516384e-04
2.962510546714387516e+00 5.671274783397963273e-04
2.968796596523099129e+00 5.640709123265182177e-04
2.975077721900432515e+00 5.611815121081662090e-04
2.981359927244304320e+00 5.583056851658827315e-04
2.987646820670367465e+00 5.554277127503715744e-04
2.993929101123868453e+00 5.525518542727947315e-04
3.000206276886535406e+00 5.496783298637495470e-04
3.006486239034605212e+00 5.468035309873924043e-04
3.012769879570174059e+00 5.439270478356845627e-04
3.019053210639523588e+00 5.410507064296769678e-04
3.025337452591450926e+00 5.381739478841662035e-04
3.031623803940588058e+00 5.353183627218547356e-04
3.037909031772950019e+00 5.326456922311378558e-04
3.044195133629906014e+00 5.300130223005264114e-04
3.050475616239108234e+00 5.273827053595556624e-04
3.056755022708220526e+00 5.247528392488713190e-04
3.063040606532740462e+00 5.221203862748550334e-04
3.069323763138021466e+00 5.194889498915047791e-04
3.075610766610869629e+00 5.168559027446894237e-04
3.081893869363402594e+00 5.142244873306585492e-04
3.088174616923589078e+00 5.115940604690730892e-04
3.094458703431333557e+00 5.089622343215566887e-04
3.100744051441370885e+00 5.063929718153525146e-04
3.107028178643414407e+00 5.038911447324532535e-04
3.113309368712601000e+00 5.013904997591955024e-04
3.119590738250844986e+00 4.988897840138019867e-04
3.125874073938257336e+00 4.963882843408172268e-04
3.132159317663777198e+00 4.938860265449084366e-04
3.138439243763281095e+00 4.913858870262441218e-04
3.144723936107064688e+00 4.888838459529812374e-04
3.151004019145131618e+00 4.863836426995861049e-04
3.157283728541840251e+00 4.838835877044712994e-04
3.163569387492706220e+00 4.813919722526154520e-04
3.169851727185959867e+00 4.790562515343556294e-04
3.176137773236122452e+00 4.767695983771523408e-04
3.182420991719721481e+00 4.744839735617345294e-04
3.188702878528683282e+00 4.721988335895402301e-04
3.194990591398839452e+00 4.699115741220369065e-04
3.201275397142142154e+00 4.676253721363239223e-04
3.207551426058801614e+00 4.653423628262932520e-04
3.213835290608375583e+00 4.630565031620973750e-04
3.220122659549960797e+00 4.607693688412749927e-04
3.226406675952127490e+00 4.584834538701104212e-04
3.232687460435077043e+00 4.562135598928642398e-04
3.238969195791635336e+00 4.540691906893954050e-04
3.245254825133692123e+00 4.519520596563544402e-04
3.251534573123429972e+00 4.498369093717099402e-04
3.257817851411628052e+00 4.477205697883245169e-04
3.264102234052802309e+00 4.456038589678520154e-04
3.270384225724334293e+00 4.434879529257034110e-04
3.276669499326964718e+00 4.413709413311267191e-04
3.282954752750840477e+00 4.392539365108197574e-04
3.289237273234296488e+00 4.371378529873938112e-04
3.295519659671243495e+00 4.350218142846654199e-04
3.301806051325187230e+00 4.329087031001069134e-04
3.308087551007878879e+00 4.308708843820286283e-04
3.314367702286607820e+00 4.288602517912884320e-04
3.320651986802412026e+00 4.268482956207031724e-04
3.326931331011555582e+00 4.248379211131539162e-04
3.333216582116051985e+00 4.228256557003516451e-04
3.339504563254580116e+00 4.208125160088845560e-04
3.345786878402482234e+00 4.188011905417721972e-04
3.352071204110386837e+00 4.167892212622069988e-04
3.358351562050541528e+00 4.147785225333753796e-04
3.364630664049137465e+00 4.127682258907284748e-04
3.370916377215508852e+00 4.107558114851174989e-04
3.377198019423806041e+00 4.088224827299520776e-04
3.383483134935254100e+00 4.069975580989632904e-04
3.389770069235765071e+00 4.051728641760015130e-04
3.396051402631821148e+00 4.033497951410953313e-04
3.402330949743374688e+00 4.015272443986185233e-04
3.408610564023454970e+00 3.997046743757350713e-04
3.414897913719748601e+00 3.978798589224439284e-04
3.421180560573972684e+00 3.960564082305594816e-04
3.427461717876774561e+00 3.942333909912434692e-04
3.433749221444127642e+00 3.924085307131115470e-04
3.440032725237310629e+00 3.905848314660048518e-04
3.446313435787095703e+00 3.887668246680666068e-04
3.452600209277873144e+00 3.870299476295821690e-04
3.458883234334997780e+00 3.853238094827715816e-04
3.465163908585624952e+00 3.836183104036857859e-04
3.471449409538831077e+00 3.819115004392928934e-04
3.477734558902792816e+00 3.802047860641404086e-04
3.484019732800024194e+00 3.784980649615778451e-04
3.490297093195795952e+00 3.767934650080345693e-04
3.496582568157567739e+00 3.750866622271570696e-04
3.502868124768254265e+00 3.733798371273215817e-04
3.509144729869455137e+00 3.716754426324318686e-04
3.515428160557299897e+00 3.699691950100047208e-04
3.521711103644579399e+00 3.682707882472592087e-04
3.527991930131667342e+00 3.666390478062270600e-04
3.534275628615698217e+00 3.650217380339128336e-04
3.540562709032847533e+00 3.634035578760061230e-04
3.546844490780254322e+00 3.617867422795042012e-04
3.553131459255512326e+00 3.601685910500896878e-04
3.559419277272040549e+00 3.585502215903254761e-04
3.565698045323902221e+00 3.569341812164837082e-04
3.571979636940257219e+00 3.553174137929493545e-04
3.578265856202910822e+00 3.536994558786854038e-04
3.584548389685198178e+00 3.520824462634191028e-04
3.590826918788358135e+00 3.504664663778143670e-04
3.597107384123927609e+00 3.488571347242574094e-04
3.603392906757683090e+00 3.473691237526839773e-04
3.609673278013860287e+00 3.459266529583777776e-04
3.615955497548865694e+00 3.444837578562604690e-04
3.622241685855007720e+00 3.430399514921738486e-04
3.628520337773378124e+00 3.415978763744189598e-04
3.634804908029098058e+00 3.401544407927091463e-04
3.641095066780325240e+00 3.387097228692663702e-04
3.647383589592156472e+00 3.372653800234270646e-04
3.653663363355682758e+00 3.358230468961230660e-04
3.659943585313811809e+00 3.343806109645236632e-04
3.666232076387771155e+00 3.329362753499265468e-04
3.672514294174621607e+00 3.314933800685566294e-04
3.678794215660500466e+00 3.300796836298315585e-04
3.685078703402661748e+00 3.287073847009289044e-04
3.691359289184096060e+00 3.273363253170002919e-04
3.697642447741356087e+00 3.259647053389670137e-04
3.703925876122268868e+00 3.245930264646157372e-04
3.710208320765752799e+00 3.232215621466263955e-04
3.716494678923849104e+00 3.218492439368309953e-04
3.722775477756179008e+00 3.204781384022069215e-04
3.729058477406683281e+00 3.191065533580650349e-04
3.735339830687196105e+00 3.177353273527752913e-04
3.741620852581755585e+00 3.163641733132080457e-04
3.747904870670434541e+00 3.149923652176529905e-04
3.754190718660823212e+00 3.136224626776832215e-04
3.760478291516252014e+00 3.123088146130968863e-04
3.766755625836993637e+00 3.110216259165817778e-04
3.773032172608520085e+00 3.097345986201699127e-04
3.779322637200517754e+00 3.084447168975877379e-04
3.785609191270439933e+00 3.071556380077293123e-04
3.791889908372106710e+00 3.058677545648327942e-04
3.798174908545576933e+00 3.045789938995697521e-04
3.804458743068050541e+00 3.032904719371640493e-04
3.810738508793908519e+00 3.020027845191406769e-04
3.817018931318514774e+00 3.007149623996280296e-04
3.823305398818475531e+00 2.994259003546757706e-04
3.829591379403528340e+00 2.981369386448167727e-04
3.835872377751082585e+00 2.968547894487313086e-04
3.842156367772530778e+00 2.956624925638883612e-04
3.848441590979326588e+00 2.945010164636699098e-04
3.854723418958979853e+00 2.933401681266935637e-04
3.861004814730874646e+00 2.921793995051300366e-04
3.867284421932330130e+00 2.910189615065574627e-04
3.873567453523145243e+00 2.898578896678337879e-04
3.879850742363159188e+00 2.886967715195576747e-04
3.886137136154565130e+00 2.875350791520486890e-04
3.892419547995056739e+00 2.863741222732612245e-04
3.898703827337286043e+00 2.852128213151661250e-04
3.904991540314635579e+00 2.840508848112704684e-04
3.911270928384259271e+00 2.828904869179826019e-04
3.917549891296904008e+00 2.817303876528463478e-04
3.923836091928490255e+00 2.806024895540103073e-04
3.930121535224382345e+00 2.794988401634098036e-04
3.936398258227914670e+00 2.783967218498432277e-04
3.942683132644478672e+00 2.772931722792287140e-04
3.948974846371190228e+00 2.761884220919938633e-04
3.955259319793072770e+00 2.750849429584356024e-04
3.961537240485519806e+00 2.739826145646529995e-04
3.967820302996744264e+00 2.728793834087462266e-04
3.974105646295223782e+00 2.717757511010107934e-04
3.980384813418809120e+00 2.706732046715032446e-04
3.986664679062536187e+00 2.695705341209765149e-04
3.992949706018539047e+00 2.684669578324667440e-04
3.999235165830971273e+00 2.673633053771690897e-04
4.005515802454102214e+00 2.662748226447986819e-04
4.011798521218285174e+00 2.652474969190982937e-04
4.018083807704341481e+00 2.642267938135343833e-04
4.024365793481046616e+00 2.632066285955489719e-04
4.030644065078311300e+00 2.621870661192046096e-04
4.036928811060406908e+00 2.611664519212896288e-04
4.043218249940123243e+00 2.601450755961796902e-04
4.049503101288984830e+00 2.591244448080750923e-04
4.055781989214767513e+00 2.581047814353793976e-04
4.062060885789925635e+00 2.570851167331002869e-04
4.068347953582918564e+00 2.560641255616939293e-04
4.074631116437788414e+00 2.550437687844064600e-04
4.080910925175017745e+00 2.540239562333381483e-04
4.087201297317372806e+00 2.530024284271246158e-04
4.093486908724822015e+00 2.520096686720243052e-04
4.099764475306043821e+00 2.510765503776432334e-04
4.106049260260110856e+00 2.501441709384094191e-04
4.112334650449762208e+00 2.492117006979452463e-04
4.118619025001350131e+00 2.482793823854489469e-04
4.124899034221699345e+00 2.473477112986064157e-04
4.131175516167399309e+00 2.464165637516506206e-04
4.137461641864694784e+00 2.454839851185111328e-04
4.143746094624931153e+00 2.445516545841514467e-04
4.150029896157096054e+00 2.436194209597654045e-04
4.156313486414863867e+00 2.426872186728829450e-04
4.162596194758251045e+00 2.417551467610764280e-04
4.168881932339283836e+00 2.408226258420335171e-04
4.175162211040557736e+00 2.398909150838345896e-04
4.181448658708247557e+00 2.389698806806987588e-04
4.187738865557892431e+00 2.380811691560166267e-04
4.194017527463310913e+00 2.371960866622729901e-04
4.200293672070674056e+00 2.363113591909388818e-04
4.206580286643241351e+00 2.354251553993958151e-04
4.212860732137709618e+00 2.345398214907340787e-04
4.219138242000741279e+00 2.336549012663729163e-04
4.225426256330373498e+00 2.327685004397915536e-04
4.231713594793224509e+00 2.318821946753683687e-04
4.237990145167419342e+00 2.309974099297817539e-04
4.244267889064019528e+00 2.301124567417882252e-04
4.250560742620503873e+00 2.292253736420583486e-04
4.256847831038297336e+00 2.283391032081516167e-04
4.263127197458295825e+00 2.274539214316143238e-04
4.269406956962644273e+00 2.265723347332089499e-04
4.275691767631675688e+00 2.257443762928990744e-04
4.281972507835453357e+00 2.249350190837071085e-04
4.288253587406130052e+00 2.241256183002434288e-04
4.294540616257792820e+00 2.233154507612801075e-04
4.300825834817549875e+00 2.225055163722941922e-04
4.307109929223758016e+00 2.216957271334844977e-04
4.313391023727070284e+00 2.208863242544140896e-04
4.319668059552740580e+00 2.200774445764111130e-04
4.325952695187824659e+00 2.192675855635946693e-04
4.332241742982725796e+00 2.184571576165141862e-04
4.338524541828297387e+00 2.176475351937122221e-04
4.344809443003521565e+00 2.168376420327512884e-04
4.351090796288051621e+00 2.160282057884424652e-04
4.357369806619146857e+00 2.152190715762253076e-04
4.363659444337224080e+00 2.144195990998102696e-04
4.369947521314614391e+00 2.136649589046406338e-04
4.376226670426777154e+00 2.129160836682796401e-04
4.382499437002064901e+00 2.121679693947794857e-04
4.388785072967544387e+00 2.114183204808480778e-04
4.395068797637702751e+00 2.106688994322076776e-04
4.401348059724783823e+00 2.099200103664970447e-04
4.407628499486594187e+00 2.091709812355397387e-04
4.413915958291638297e+00 2.084211148715697781e-04
4.420203258084495879e+00 2.076712674204723606e-04
4.426480408906838804e+00 2.069226303271985668e-04
4.432766067635296459e+00 2.061729786174975481e-04
4.439053478785182527e+00 2.054231177193273567e-04
4.445336239213607321e+00 2.046738117607938348e-04
4.451617336308181017e+00 2.039247040482727738e-04
4.457901597323044030e+00 2.031816243914886589e-04
4.464189601100590821e+00 2.024665743687241546e-04
4.470470297550757977e+00 2.017557352317409360e-04
4.476748147552018331e+00 2.010452181931674832e-04
4.483036093653451459e+00 2.003335583987109994e-04
4.489323436225054031e+00 1.996219670522259005e-04
4.495599208567716332e+00 1.989116852948681819e-04
4.501871024222612760e+00 1.982018510343722952e-04
4.508155258257580122e+00 1.974906112535601999e-04
4.514446553144868979e+00 1.967785724265101559e-04
4.520723992570796490e+00 1.960681021452401901e-04
4.527003880048791729e+00 1.953573542386844808e-04
4.533293187926666690e+00 1.946455404975626314e-04
4.539579091683765277e+00 1.939341120515325121e-04
4.545857261407188155e+00 1.932235585737375732e-04
4.552139053630363641e+00 1.925144162004259506e-04
4.558432143533583947e+00 1.918512837502601759e-04
4.564713561986951440e+00 1.912101470377995866e-04
4.570987371157080759e+00 1.905697871213568064e-04
4.577274932043441602e+00 1.899280234193620866e-04
4.583563365344077489e+00 1.892861707926317904e-04
4.589845014582365934e+00 1.886450104280567816e-04
4.596126366784364592e+00 1.880038806361211093e-04
4.602409186352318216e+00 1.873626010065732842e-04
4.608696743677375807e+00 1.867208377946756495e-04
4.614977745812646859e+00 1.860797434934870914e-04
4.621259052967917391e+00 1.854386184778666132e-04
4.627548106016508456e+00 1.847967024331645424e-04
4.633830255234717477e+00 1.841554911782646204e-04
4.640104114657515488e+00 1.835151259017280424e-04
4.646382166019323634e+00 1.828743329880593244e-04
4.652674317154032124e+00 1.822380305537584563e-04
4.658958392751851640e+00 1.816322575209064667e-04
4.665233716407736431e+00 1.810314102134221316e-04
4.671520780351804625e+00 1.804294385431770770e-04
4.677814476633864516e+00 1.798268317009886063e-04
4.684093802399320161e+00 1.792256008574584123e-04
4.690368766817625712e+00 1.786247877868583737e-04
4.696663374566093729e+00 1.780220937407936486e-04
4.702945564618904228e+00 1.774205887109808896e-04
4.709209273734614953e+00 1.768208533038442278e-04
4.715491734502745835e+00 1.762193222569613245e-04
4.721784416829167164e+00 1.756168127250772807e-04
4.728063166499570258e+00 1.750156369474649767e-04
4.734337529831484481e+00 1.744148812901408132e-04
4.740627134158955869e+00 1.738126664022790848e-04
4.746915096786128885e+00 1.732106086999417999e-04
4.753194841644143409e+00 1.726136070992569159e-04
4.759478995894977693e+00 1.720394958906425924e-04
4.765762504099836150e+00 1.714689671195843731e-04
4.772049586059578630e+00 1.708981136170675255e-04
4.778335191995487286e+00 1.703273943786729047e-04
4.784610933244836772e+00 1.697575706628907293e-04
4.790907418558775888e+00 1.691858635342951504e-04
4.797204152890414797e+00 1.686141337120158608e-04
4.803470936102990585e+00 1.680451234216189481e-04
4.809748955706103501e+00 1.674750928376227534e-04
4.816045419260253091e+00 1.669033876803997297e-04
4.822329345431965564e+00 1.663328208210840004e-04
4.828596861054059275e+00 1.657637440451674698e-04
4.834890441349042334e+00 1.651923006703933544e-04
4.841191757781738048e+00 1.646201547940836715e-04
4.847460507432550081e+00 1.640509661112181286e-04
4.853732228724860320e+00 1.634822972490883037e-04
4.860029243508222407e+00 1.629512291818237387e-04
4.866314707312743515e+00 1.624434065337906430e-04
4.872587128049142180e+00 1.619366414038207107e-04
4.878874326956354146e+00 1.614286801774134159e-04
4.885171188009513443e+00 1.609199386763987441e-04
4.891450737747754296e+00 1.604125956770184212e-04
4.897716594540455937e+00 1.599063588852791846e-04
4.904002941474658428e+00 1.593984668423133633e-04
4.910295966100624021e+00 1.588900349807872471e-04
4.916575298044137732e+00 1.583827100410294066e-04
4.922848053858452033e+00 1.578759158581921845e-04
4.929131776944625010e+00 1.573682357045594284e-04
4.935434571647188129e+00 1.568590151772691877e-04
4.941718625825196831e+00 1.563513078213191285e-04
4.947978739830145578e+00 1.558455352249172253e-04
4.954275108964766083e+00 1.553368333495664690e-04
4.960571197478241601e+00 1.548305578280580305e-04
4.966823313903375059e+00 1.543463300795578459e-04
4.973097524094185928e+00 1.538643272314394849e-04
4.979415242711310086e+00 1.533789817961706155e-04
4.985702187153823850e+00 1.528960005754604094e-04
4.991950097980281775e+00 1.524160181614746560e-04
4.998241686031001052e+00 1.519326802889088589e-04
5.004556744061525286e+00 1.514475393158883911e-04
5.010828766819174440e+00 1.509657042730154237e-04
5.017077336493987794e+00 1.504856714622011956e-04
5.023374516910553922e+00 1.500019036429464431e-04
5.029688983391423562e+00 1.495168082250037788e-04
5.035958535576644302e+00 1.490351631344388988e-04
5.042232804303016458e+00 1.485531559986311124e-04
5.048528868437844430e+00 1.480694742292324026e-04
5.054821232966662414e+00 1.475860766024735568e-04
5.061069622023802062e+00 1.471060572992214494e-04
5.067347928844015748e+00 1.466256516762153505e-04
5.073675162852234521e+00 1.461640949272766023e-04
5.079946044229918911e+00 1.457131335297993382e-04
5.086193103476380983e+00 1.452638854833402380e-04
5.092484238993219670e+00 1.448114672210603499e-04
5.098803036455424653e+00 1.443570601833138315e-04
5.105078329449206365e+00 1.439057814790932141e-04
5.111325182727484595e+00 1.434565479857881516e-04
5.117628473002398870e+00 1.430032561056580561e-04
5.123936051798930080e+00 1.425496555229219210e-04
5.130199279683701263e+00 1.420992445762633177e-04
5.136470091038016328e+00 1.416482881995325945e-04
5.142797899868732259e+00 1.411932327964144035e-04
5.149090444947241885e+00 1.407407135210705809e-04
5.155289989860997402e+00 1.402948822645705190e-04
5.161564632225048577e+00 1.398436501002279998e-04
5.167916786878048896e+00 1.393868441067672278e-04
5.174206095400966987e+00 1.389345574515416415e-04
5.180434933025724220e+00 1.385045412363727099e-04
5.186729220071984336e+00 1.380965894911023218e-04
5.193058594332464750e+00 1.376866021423831649e-04
5.199319630949158721e+00 1.372810414488526533e-04
5.205574411885977248e+00 1.368758858886977195e-04
5.211895097344913630e+00 1.364664613375187146e-04
5.218201833674561030e+00 1.360579405323312184e-04
5.224412029571379179e+00 1.356556731531924364e-04
5.230677745800258016e+00 1.352498092928661395e-04
5.237056849688715765e+00 1.348366008209149329e-04
5.243336904137740007e+00 1.344298082572668710e-04
5.249493589695021889e+00 1.340310065928402108e-04
5.255787136340986265e+00 1.336233403893379230e-04
5.262205442072271033e+00 1.332075927252395094e-04
5.268477871728276085e+00 1.328012940155818644e-04
5.274632320563703125e+00 1.324026377889315554e-04
5.280950659936194391e+00 1.319933649739251410e-04
5.287327771171685953e+00 1.315803325743053183e-04
5.293582475185393932e+00 1.311866531303555316e-04
5.299790119127522736e+00 1.308044572025288913e-04
5.306111588975332971e+00 1.304152532520619985e-04
5.312452821898628663e+00 1.300248325125443491e-04
5.318650240714352329e+00 1.296432663961706447e-04
5.324923156657511925e+00 1.292570516652890168e-04
5.331330346168491552e+00 1.288625697524545667e-04
5.337586845560734261e+00 1.284773658680376856e-04
5.343685300881913847e+00 1.281018924343285703e-04
5.350070777697543356e+00 1.277087477483215719e-04
5.356556894460550389e+00 1.273094062875269612e-04
5.362691988963137923e+00 1.269316775002380076e-04
5.368769325876749043e+00 1.265575040897895379e-04
5.375270276283401927e+00 1.261572498490843523e-04
5.381770102055553728e+00 1.257570645915051814e-04
5.387701152023469220e+00 1.253918980461518802e-04
5.393786789272030369e+00 1.250172139397562636e-04
5.400446265505990162e+00 1.246071994872269707e-04
5.406957191469386359e+00 1.242181594072661640e-04
5.412655778542788454e+00 1.238936006384556401e-04
5.418821393273443476e+00 1.235426488612499174e-04
5.425690710886486912e+00 1.231516426162933221e-04
5.432217608295069944e+00 1.227801270455066427e-04
5.437649911197263819e+00 1.224709161272300242e-04
5.443914556247288594e+00 1.221143280938015744e-04
5.450953602018894451e+00 1.217136603702444680e-04
5.457483816918709429e+00 1.213419558841039150e-04
5.462715352400568491e+00 1.210441730587915557e-04
5.469033703152983428e+00 1.206845274846206107e-04
5.476177862822859232e+00 1.202778773925297786e-04
5.482709039226882020e+00 1.199061173695870313e-04
5.487722528514577647e+00 1.196207458633580245e-04
5.494194401005689343e+00 1.192523623201842745e-04
5.501391618270573325e+00 1.188426912141419384e-04
5.507128300933619158e+00 1.185161553969983579e-04
5.512278141646549834e+00 1.182230227913215064e-04
5.519395664404918911e+00 1.178179304092715320e-04
5.526598790648636239e+00 1.174334418951759131e-04
5.532162848814033751e+00 1.171440221865109583e-04
5.537397295564085553e+00 1.168717450867176789e-04
5.544582837506344397e+00 1.164979816837187233e-04
5.551739473496714261e+00 1.161257206413504302e-04
5.557493426583030249e+00 1.158264230153608027e-04
5.562281983239310001e+00 1.155773409534179187e-04
5.569272756576538086e+00 1.152137065218994394e-04
