1.738211176698623711e-02 2.587040607745831000e+00 1.300000000000000000e+01
2.945141047864370532e-02 2.187573259527033187e+00 3.300000000000000000e+01
4.189043332923508833e-02 1.613102897813048608e+00 7.900000000000000000e+01
5.436837454080618165e-02 1.286562821803948875e+00 1.170000000000000000e+02
6.709179269147286240e-02 1.104825862442574858e+00 2.050000000000000000e+02
7.906028830909658800e-02 9.258511355582703661e-01 2.350000000000000000e+02
9.134212272608749350e-02 7.289288654559995528e-01 3.690000000000000000e+02
1.036762715188662420e-01 5.828949813204054031e-01 4.330000000000000000e+02
1.161203601746208930e-01 5.060773180081293843e-01 5.850000000000000000e+02
1.284418909099373229e-01 4.585589821805658994e-01 6.790000000000000000e+02
1.405592364589596799e-01 4.033549380698327469e-01 8.130000000000000000e+02
1.528879085095380397e-01 3.391009822412190955e-01 9.850000000000000000e+02
1.654374794108308400e-01 2.870590397592127085e-01 1.183000000000000000e+03
1.776729418071751887e-01 2.568545305559821190e-01 1.269000000000000000e+03
1.898591753287150741e-01 2.372661974613125280e-01 1.537000000000000000e+03
2.021021560467512468e-01 2.158765572980181624e-01 1.653000000000000000e+03
2.143703992684685700e-01 1.907951383644138910e-01 1.963000000000000000e+03
2.266685712461119495e-01 1.682366018922527851e-01 2.121000000000000000e+03
2.389979817456025779e-01 1.523346644415185525e-01 2.413000000000000000e+03
2.513314966973230202e-01 1.412682082610066947e-01 2.635000000000000000e+03
2.635743753250157639e-01 1.309238841933925701e-01 2.877000000000000000e+03
2.757713982113569329e-01 1.195711882596288272e-01 3.169000000000000000e+03
2.881120265131774105e-01 1.084806765943536200e-01 3.507000000000000000e+03
3.003642723148961524e-01 9.951338965339609488e-02 3.685000000000000000e+03
3.126284265724824651e-01 9.264049682260847018e-02 4.165000000000000000e+03
3.249982751341953802e-01 8.656544952747183275e-02 4.377000000000000000e+03
3.373428995657114515e-01 8.048868504814213343e-02 4.855000000000000000e+03
3.495635182377118122e-01 7.456658188791008557e-02 4.929000000000000000e+03
3.617878302046586003e-01 6.928114813435912178e-02 5.581000000000000000e+03
3.739857006525697525e-01 6.484580038403683910e-02 5.679000000000000000e+03
3.863066149710030484e-01 6.096218566037568676e-02 6.385000000000000000e+03
3.986206514546336566e-01 5.730222098503188338e-02 6.553000000000000000e+03
4.109256450409854988e-01 5.375892816562401894e-02 7.125000000000000000e+03
4.232245526996682439e-01 5.046307763085519649e-02 7.447000000000000000e+03
4.354883361750296888e-01 4.753656091250978155e-02 7.929000000000000000e+03
4.477773490403011425e-01 4.491570276037298859e-02 8.353000000000000000e+03
4.599885758528930446e-01 4.251718735975078267e-02 8.775000000000000000e+03
4.722481609019255622e-01 4.024135097493281021e-02 9.313000000000000000e+03
4.845422928593006162e-01 3.808379185998019695e-02 9.841000000000000000e+03
4.967758314204989145e-01 3.610745522316708561e-02 1.019100000000000000e+04
5.090496585712509514e-01 3.429010817780236281e-02 1.089700000000000000e+04
5.213393302533125828e-01 3.261304524400077814e-02 1.130100000000000000e+04
5.336764342072569667e-01 3.103106217362033153e-02 1.202500000000000000e+04
5.460018906414875195e-01 2.954400381879857332e-02 1.242300000000000000e+04
5.582746664676744297e-01 2.815768974217005421e-02 1.302100000000000000e+04
5.704836467567014902e-01 2.687375284717492818e-02 1.340500000000000000e+04
5.827050477421528152e-01 2.567357279142220769e-02 1.424700000000000000e+04
5.949966092592182676e-01 2.454259701291932119e-02 1.471300000000000000e+04
6.072810794928119593e-01 2.347550600977824087e-02 1.548900000000000000e+04
6.195640960192183577e-01 2.247134604420067405e-02 1.591300000000000000e+04
6.318725718641450273e-01 2.152355212941823095e-02 1.687900000000000000e+04
6.441734799903116038e-01 2.063496458818516940e-02 1.719300000000000000e+04
6.564797713783508959e-01 1.979883799986255008e-02 1.815700000000000000e+04
6.686914796307175113e-01 1.901221442093157729e-02 1.833900000000000000e+04
6.809527720051307131e-01 1.826579253919792187e-02 1.957300000000000000e+04
6.932444559397105133e-01 1.755658024508683843e-02 1.994100000000000000e+04
7.054525264494219128e-01 1.689063115036850554e-02 2.062900000000000000e+04
7.177279471803852395e-01 1.625679865285076242e-02 2.165500000000000000e+04
7.300093350151545257e-01 1.565554872126887279e-02 2.211300000000000000e+04
7.423152405224867634e-01 1.508306661391370027e-02 2.318500000000000000e+04
7.545976291523092128e-01 1.454069550279119515e-02 2.366700000000000000e+04
7.668242541727441353e-01 1.402718832585345653e-02 2.438500000000000000e+04
7.791532227191277915e-01 1.353500497557911207e-02 2.574900000000000000e+04
7.914205555814117776e-01 1.306820594296657402e-02 2.567500000000000000e+04
8.036946245254837917e-01 1.262398758664819154e-02 2.740900000000000000e+04
8.159793500227521257e-01 1.220017815927338170e-02 2.740500000000000000e+04
8.282032517041271191e-01 1.179851098294521471e-02 2.871700000000000000e+04
8.405128301308969485e-01 1.141235889112638194e-02 2.959500000000000000e+04
8.528044062999269315e-01 1.104452146971419621e-02 3.030100000000000000e+04
8.650383170353053153e-01 1.069431761498002009e-02 3.110100000000000000e+04
8.772723473691131924e-01 1.035929390557950927e-02 3.202300000000000000e+04
8.895340129403773721e-01 1.003808517992504576e-02 3.297700000000000000e+04
9.018817324806753799e-01 9.727790021622812963e-03 3.444900000000000000e+04
9.141883285202558884e-01 9.431947397669327576e-03 3.454900000000000000e+04
9.264619614774151080e-01 9.149361685905046254e-03 3.611100000000000000e+04
9.387414329717578276e-01 8.878525313919615955e-03 3.654100000000000000e+04
9.509803239040424128e-01 8.619580239740631811e-03 3.771700000000000000e+04
9.632220897656164071e-01 8.370386274596739937e-03 3.861900000000000000e+04
9.754895990516671000e-01 8.130871929035377726e-03 3.966100000000000000e+04
9.877263772139494025e-01 7.901444833048991423e-03 4.054500000000000000e+04
9.999851555211123344e-01 7.680683621797503025e-03 4.181500000000000000e+04
1.012329315970391885e+00 7.467148250924504106e-03 4.312500000000000000e+04
1.024626882427558394e+00 7.262121352712780711e-03 4.368100000000000000e+04
1.036866661813151680e+00 7.065826978058834321e-03 4.462900000000000000e+04
1.049135454677095014e+00 6.876529629100316260e-03 4.622700000000000000e+04
1.061441321051521669e+00 6.693506144972642506e-03 4.690900000000000000e+04
1.073716924295355035e+00 6.517775195747311547e-03 4.823700000000000000e+04
1.085925278808941075e+00 6.349461921337850451e-03 4.858300000000000000e+04
1.098213804025323759e+00 6.186239250870801190e-03 5.099700000000000000e+04
1.110549128364700433e+00 6.028349599706507231e-03 5.139700000000000000e+04
1.122813396371499683e+00 5.876764028104186979e-03 5.248900000000000000e+04
1.135068400457140525e+00 5.729947234978962495e-03 5.378700000000000000e+04
1.147342675129095380e+00 5.588053286150826068e-03 5.491300000000000000e+04
1.159604730526738070e+00 5.451262281002015181e-03 5.597700000000000000e+04
1.171869522420641019e+00 5.319184133698471803e-03 5.741500000000000000e+04
1.184117014672710466e+00 5.191803539256604691e-03 5.810500000000000000e+04
1.196380776649323074e+00 5.068549297608140707e-03 6.003300000000000000e+04
1.208687057234670847e+00 4.948726862316137412e-03 6.094900000000000000e+04
1.220959095202714728e+00 4.833160318137041424e-03 6.223500000000000000e+04
1.233208486402970872e+00 4.721605928010861111e-03 6.322900000000000000e+04
1.245508508346104382e+00 4.612968884444334887e-03 6.513300000000000000e+04
1.257784723303624341e+00 4.507871150007429321e-03 6.570700000000000000e+04
1.270055745540256131e+00 4.406201322379032538e-03 6.756100000000000000e+04
1.282341038613093342e+00 4.307626498439346384e-03 6.850500000000000000e+04
1.294603375460791739e+00 4.212267252687302947e-03 6.994300000000000000e+04
1.306872157219178376e+00 4.119835408262446930e-03 7.109700000000000000e+04
1.319154335659298072e+00 4.030170928842917097e-03 7.302100000000000000e+04
1.331413186443985319e+00 3.943304378329576775e-03 7.331700000000000000e+04
1.343670416769862985e+00 3.859036028092541464e-03 7.579900000000000000e+04
1.355926624421783355e+00 3.777310283162871058e-03 7.602100000000000000e+04
1.368198320788034605e+00 3.697903022679666953e-03 7.875300000000000000e+04
1.380493155587640075e+00 3.620514010786914354e-03 7.929100000000000000e+04
1.392777150327133118e+00 3.545446652116359450e-03 8.112900000000000000e+04
1.405062158431919173e+00 3.472567968074754662e-03 8.244100000000000000e+04
1.417350353046506362e+00 3.401716336150908265e-03 8.394900000000000000e+04
1.429619664591669892e+00 3.332828282062564196e-03 8.512300000000000000e+04
1.441896091891586407e+00 3.265859894390840332e-03 8.692900000000000000e+04
1.454153484788269113e+00 3.200885760696704080e-03 8.778900000000000000e+04
1.466381074598185785e+00 3.137853770813356629e-03 8.962300000000000000e+04
1.478663762757040256e+00 3.076236337114321255e-03 9.134100000000000000e+04
1.490945553437686755e+00 3.016326253944024392e-03 9.284500000000000000e+04
1.503215421848099087e+00 2.958115621385470732e-03 9.408700000000000000e+04
1.515506809604572958e+00 2.901323447551251624e-03 9.633300000000000000e+04
1.527798660544841036e+00 2.845914301828425270e-03 9.724900000000000000e+04
1.540100573539109341e+00 2.791947380109157176e-03 9.950100000000000000e+04
1.552323548238187856e+00 2.739750781905275333e-03 9.928300000000000000e+04
1.564549042303194248e+00 2.688912499216499202e-03 1.025370000000000000e+05
1.576828918306125260e+00 2.639146540446353235e-03 1.034770000000000000e+05
1.589107321948020513e+00 2.590680306909036532e-03 1.057510000000000000e+05
1.601397070109577214e+00 2.543422693664949309e-03 1.068690000000000000e+05
1.613662624295466586e+00 2.497465437800648960e-03 1.086970000000000000e+05
1.625956459000079013e+00 2.452518435021705176e-03 1.105770000000000000e+05
1.638273302580230073e+00 2.408608584734059799e-03 1.125550000000000000e+05
1.650514578067000970e+00 2.366062589240115407e-03 1.125930000000000000e+05
1.662750560070829442e+00 2.324594344693503047e-03 1.155730000000000000e+05
1.675038723418361242e+00 2.283919369130880082e-03 1.172830000000000000e+05
1.687316108801252934e+00 2.244169012567221854e-03 1.185810000000000000e+05
1.699577879978046324e+00 2.205437578067878483e-03 1.206250000000000000e+05
1.711843964077200742e+00 2.167632372333576796e-03 1.219350000000000000e+05
1.724121850273385714e+00 2.130703424333535607e-03 1.244410000000000000e+05
1.736393118826927484e+00 2.094659872009877084e-03 1.255170000000000000e+05
1.748649267014282582e+00 2.059508587758415114e-03 1.273570000000000000e+05
1.760929008138104601e+00 2.025121719534080707e-03 1.298950000000000000e+05
1.773209634393521306e+00 1.991538791261745090e-03 1.307010000000000000e+05
1.785496895765598335e+00 1.958714887820289796e-03 1.339210000000000000e+05
1.797779456585471447e+00 1.926603858860663401e-03 1.341870000000000000e+05
1.810045784231388843e+00 1.895262331427597161e-03 1.371250000000000000e+05
1.822328944795884365e+00 1.864595025621776760e-03 1.384570000000000000e+05
1.834622223744897918e+00 1.834601015826686473e-03 1.409370000000000000e+05
1.846870080155897709e+00 1.805382388242099834e-03 1.413670000000000000e+05
1.859113284872103700e+00 1.776776116381874283e-03 1.443810000000000000e+05
1.871369776471062174e+00 1.748767003218156674e-03 1.455490000000000000e+05
1.883662293966622325e+00 1.721299205683998398e-03 1.491390000000000000e+05
1.895967897181298545e+00 1.694407995136211920e-03 1.496410000000000000e+05
1.908218900087896186e+00 1.668217904437422358e-03 1.518250000000000000e+05
1.920473305735041603e+00 1.642543779097924194e-03 1.534530000000000000e+05
1.932728455462241035e+00 1.617411993423963773e-03 1.558870000000000000e+05
1.945010996468966136e+00 1.592765495121960468e-03 1.581210000000000000e+05
1.957297286609057219e+00 1.568638771044234123e-03 1.598410000000000000e+05
1.969540674482686216e+00 1.545106202384336587e-03 1.611750000000000000e+05
1.981824511398913025e+00 1.521963324387045745e-03 1.646770000000000000e+05
1.994126084838471202e+00 1.499254327561392068e-03 1.660570000000000000e+05
2.006394493041785854e+00 1.477080035283523905e-03 1.677030000000000000e+05
2.018670277140658609e+00 1.455353211841220939e-03 1.702690000000000000e+05
2.030952260532412179e+00 1.434064061096120002e-03 1.722570000000000000e+05
2.043216747936142497e+00 1.413230153246403109e-03 1.736530000000000000e+05
2.055475462521540120e+00 1.392795971841118705e-03 1.766190000000000000e+05
2.067735751272673284e+00 1.372770654710051951e-03 1.775650000000000000e+05
2.080008463019119347e+00 1.353129998877471629e-03 1.812850000000000000e+05
2.092298393439131488e+00 1.333856241547329681e-03 1.825470000000000000e+05
2.104578220314605286e+00 1.314983040318485567e-03 1.849930000000000000e+05
2.116845351929772523e+00 1.296480335281139035e-03 1.867770000000000000e+05
2.129117234263313563e+00 1.278316007854770047e-03 1.890730000000000000e+05
2.141386066321568471e+00 1.260512762965423136e-03 1.914910000000000000e+05
2.153674086052424830e+00 1.243029963876972691e-03 1.938450000000000000e+05
2.165943452333749963e+00 1.225912706031668901e-03 1.951810000000000000e+05
2.178174664968279828e+00 1.209177593953479147e-03 1.973190000000000000e+05
2.190433842997593139e+00 1.192721804771316747e-03 2.002330000000000000e+05
2.202719870751546960e+00 1.176543054503713338e-03 2.030370000000000000e+05
2.215018657555435588e+00 1.160655472074372235e-03 2.048710000000000000e+05
2.227273534473448890e+00 1.145123736249807709e-03 2.062210000000000000e+05
2.239529649064412986e+00 1.129882051478511579e-03 2.095290000000000000e+05
2.251840650374316244e+00 1.114857328720396086e-03 2.125450000000000000e+05
2.264118958498200662e+00 1.100110102197775913e-03 2.132070000000000000e+05
2.276384222436070193e+00 1.085630315137829432e-03 2.165770000000000000e+05
2.288658352062910684e+00 1.071407051207040476e-03 2.181930000000000000e+05
2.300952024159490072e+00 1.057422905462547091e-03 2.221510000000000000e+05
2.313218074710013283e+00 1.043724493033224053e-03 2.216410000000000000e+05
2.325458285740755304e+00 1.030303125372712203e-03 2.261730000000000000e+05
2.337719157879688758e+00 1.017098135611670248e-03 2.269810000000000000e+05
2.350003080769816677e+00 1.004102821304389071e-03 2.319030000000000000e+05
2.362278993050206388e+00 9.913478088262692601e-04 2.314930000000000000e+05
2.374538871239863180e+00 9.788363022354307653e-04 2.360410000000000000e+05
2.386815928068645842e+00 9.665285760836831710e-04 2.372310000000000000e+05
2.399102766838841827e+00 9.544282201166817215e-04 2.409250000000000000e+05
2.411392551908071891e+00 9.425313688386503016e-04 2.427690000000000000e+05
2.423637201517297779e+00 9.308519233952073117e-04 2.437570000000000000e+05
2.435888357704467655e+00 9.193639091164741315e-04 2.479830000000000000e+05
2.448174726432504222e+00 9.080419691706555696e-04 2.502730000000000000e+05
2.460449124789410913e+00 8.969258214987232362e-04 2.523730000000000000e+05
2.472719029545417779e+00 8.860040742604346304e-04 2.554470000000000000e+05
2.484992750921887428e+00 8.752650060877958113e-04 2.570890000000000000e+05
2.497273740348870064e+00 8.647002490585172299e-04 2.612370000000000000e+05
2.509544119010925556e+00 8.543194899229411684e-04 2.616670000000000000e+05
2.521826992317544924e+00 8.441029660849776444e-04 2.668890000000000000e+05
2.534112746823773854e+00 8.340547607442483921e-04 2.670490000000000000e+05
2.546370755882703563e+00 8.241962265212450338e-04 2.705770000000000000e+05
2.558627583833518848e+00 8.145015843877343028e-04 2.726430000000000000e+05
2.570901264966575450e+00 8.049535391625940901e-04 2.762050000000000000e+05
2.583177266334576228e+00 7.955511035190337586e-04 2.781690000000000000e+05
2.595440414947020713e+00 7.863014467581335180e-04 2.808190000000000000e+05
2.607704697176866038e+00 7.772013264733517585e-04 2.836290000000000000e+05
2.620001008344286841e+00 7.682253307639282753e-04 2.877370000000000000e+05
2.632286852377137443e+00 7.594016198081810593e-04 2.882290000000000000e+05
2.644534355458745267e+00 7.507466324317953535e-04 2.915190000000000000e+05
2.656801971284723507e+00 7.422157050660830539e-04 2.946970000000000000e+05
2.669073606362495354e+00 7.338100101667158811e-04 2.968170000000000000e+05
2.681350582973501151e+00 7.255204010313123309e-04 3.007390000000000000e+05
2.693623775252737662e+00 7.173637871428143039e-04 3.019210000000000000e+05
2.705878060838002419e+00 7.093476844807639894e-04 3.054570000000000000e+05
2.718161408631444065e+00 7.014382013074545131e-04 3.088390000000000000e+05
2.730438381717716467e+00 6.936559403526892150e-04 3.106410000000000000e+05
2.742710709783558354e+00 6.859972930019002336e-04 3.144850000000000000e+05
2.754989803681385130e+00 6.784516854739860037e-04 3.161130000000000000e+05
2.767261393647393319e+00 6.710205548246981570e-04 3.202750000000000000e+05
2.779527689818626968e+00 6.637051185444398918e-04 3.211090000000000000e+05
2.791792580398906320e+00 6.565020574958335036e-04 3.261210000000000000e+05
2.804076019185131052e+00 6.493974963846039020e-04 3.277270000000000000e+05
2.816361565955662893e+00 6.423992484565629272e-04 3.318210000000000000e+05
2.828620445026039487e+00 6.355211474289434049e-04 3.324970000000000000e+05
2.840883494086274386e+00 6.287437713080629587e-04 3.373530000000000000e+05
2.853162732718515393e+00 6.220518322913275297e-04 3.395590000000000000e+05
2.865449930472707685e+00 6.154444095958149863e-04 3.433090000000000000e+05
2.877720525290941467e+00 6.089435293106838527e-04 3.447570000000000000e+05
2.889980400866404064e+00 6.025441453231239735e-04 3.487030000000000000e+05
2.902258094927428811e+00 5.962295479842123552e-04 3.512610000000000000e+05
2.914518771021708865e+00 5.900159444535191299e-04 3.540610000000000000e+05
2.926762637460898375e+00 5.839010852686860520e-04 3.561150000000000000e+05
2.939034671974965818e+00 5.778610334496807853e-04 3.616690000000000000e+05
2.951320296669093679e+00 5.719021025611431726e-04 3.628930000000000000e+05
2.963596943330394584e+00 5.660337928352070658e-04 3.671010000000000000e+05
2.975876115174083125e+00 5.602483712975590575e-04 3.694390000000000000e+05
2.988160226007601672e+00 5.545432767747102533e-04 3.732570000000000000e+05
3.000449564284945136e+00 5.489169394704324252e-04 3.759490000000000000e+05
3.012716247615992771e+00 5.433804773697098337e-04 3.780430000000000000e+05
3.024968677896445524e+00 5.379283327102999746e-04 3.811170000000000000e+05
3.037252089413381206e+00 5.325391297875982626e-04 3.864490000000000000e+05
3.049526025248503469e+00 5.272200256063973300e-04 3.863970000000000000e+05
3.061775627056916083e+00 5.219709302341195159e-04 3.913150000000000000e+05
3.074050190242934466e+00 5.167840627518908731e-04 3.943050000000000000e+05
3.086335049279050669e+00 5.116648508663883049e-04 3.980770000000000000e+05
3.098604284051831748e+00 5.066227345526168411e-04 3.999190000000000000e+05
3.110859402857432787e+00 5.016556348165307705e-04 4.031130000000000000e+05
3.123137571083341335e+00 4.967473507056887391e-04 4.082290000000000000e+05
3.135433860620076008e+00 4.918989368902793860e-04 4.103130000000000000e+05
3.147695040858610405e+00 4.871308705403911907e-04 4.126870000000000000e+05
3.159956244300143879e+00 4.768151992870702524e-04 4.165890000000000000e+05
3.172232881799067705e+00 4.667308437423916536e-04 4.199410000000000000e+05
3.184501169007643906e+00 4.568373534176512949e-04 4.229950000000000000e+05
3.196775362788355945e+00 4.470570674650951415e-04 4.264410000000000000e+05
3.209044772849387162e+00 4.376937278264364474e-04 4.296730000000000000e+05
3.221306985641626763e+00 4.282762894148595405e-04 4.319670000000000000e+05
3.233581316289749541e+00 4.193101250605305572e-04 4.375090000000000000e+05
3.245858537900559337e+00 4.102329546372487663e-04 4.387050000000000000e+05
3.258143284541348272e+00 4.016830922074286596e-04 4.445530000000000000e+05
3.270410452207983099e+00 3.929369193956344197e-04 4.443910000000000000e+05
3.282661560504875009e+00 3.845665792257849883e-04 4.497330000000000000e+05
3.294949006525297541e+00 3.763664301375438501e-04 4.541290000000000000e+05
3.307244111148282872e+00 3.683210707914540919e-04 4.569030000000000000e+05
3.319496381696187992e+00 3.603518893109152387e-04 4.575370000000000000e+05
3.331765130967058397e+00 3.526880767272096910e-04 4.652170000000000000e+05
3.344051629460721653e+00 3.449481130449786291e-04 4.655250000000000000e+05
3.356324964022264101e+00 3.378189464136277347e-04 4.712350000000000000e+05
3.368596219656374569e+00 3.302708588232825307e-04 4.721250000000000000e+05
3.380854377493985208e+00 3.233457343870617439e-04 4.769410000000000000e+05
3.393138815484900928e+00 3.163035784033897831e-04 4.815630000000000000e+05
3.405406234137748456e+00 3.091431482636475118e-04 4.820410000000000000e+05
3.417657578539513796e+00 3.025410336286701364e-04 4.876690000000000000e+05
3.429938572445236034e+00 2.960528103902804794e-04 4.911990000000000000e+05
3.442213936181234946e+00 2.897318622737639956e-04 4.940890000000000000e+05
3.454484741542898085e+00 2.831482860457702343e-04 4.983090000000000000e+05
3.466756561287216876e+00 2.770612557585436795e-04 5.007370000000000000e+05
3.479034288235220540e+00 2.709053010818722115e-04 5.063670000000000000e+05
3.491307476230946172e+00 2.647829085547125571e-04 5.070610000000000000e+05
3.503582265647720462e+00 2.590918042375062115e-04 5.140570000000000000e+05
3.515849710063451372e+00 2.533004010575637096e-04 5.135430000000000000e+05
3.528113095419004530e+00 2.480936645094135979e-04 5.205010000000000000e+05
3.540379081381022086e+00 2.421560365673777781e-04 5.215290000000000000e+05
3.552650234588581757e+00 2.365944102962087836e-04 5.276890000000000000e+05
3.564930008043383225e+00 2.316491664693992505e-04 5.300710000000000000e+05
3.577201673129291049e+00 2.262925479110282963e-04 5.339130000000000000e+05
3.589475185421321157e+00 2.213831106234427431e-04 5.375170000000000000e+05
3.601759213693743522e+00 2.158296657288773354e-04 5.425110000000000000e+05
3.614032845297826313e+00 2.113979021126612600e-04 5.438890000000000000e+05
3.626300897920319954e+00 2.065753376472289900e-04 5.492610000000000000e+05
3.638569782569557987e+00 2.017145815857344601e-04 5.513410000000000000e+05
3.650838524349331760e+00 1.969741569374254726e-04 5.569630000000000000e+05
3.663120345318307880e+00 1.926288244700946801e-04 5.600370000000000000e+05
3.675392127019131205e+00 1.883058350389206536e-04 5.631370000000000000e+05
3.687654030110239400e+00 1.839212438248645986e-04 5.669070000000000000e+05
3.699910107777807600e+00 1.792881700424038723e-04 5.701810000000000000e+05
3.712192804988637462e+00 1.753226510256898456e-04 5.770050000000000000e+05
3.724479481931025404e+00 1.710135129074964744e-04 5.780110000000000000e+05
3.736733532571433258e+00 1.671514524770293818e-04 5.814730000000000000e+05
3.749005634242537077e+00 1.630323882006986581e-04 5.877810000000000000e+05
3.761282921258348289e+00 1.593189353354986773e-04 5.891770000000000000e+05
3.773563384691363432e+00 1.556964418448503207e-04 5.961390000000000000e+05
3.785825410215798215e+00 1.511763633617925224e-04 5.949130000000000000e+05
3.798082698326972650e+00 1.480296029207206889e-04 6.033930000000000000e+05
3.810363789459987771e+00 1.443390914414981467e-04 6.053710000000000000e+05
3.822645618386320887e+00 1.408402455269718956e-04 6.107410000000000000e+05
3.834921122185569242e+00 1.374669325226603156e-04 6.131130000000000000e+05
3.847188206118976606e+00 1.336935685402694648e-04 6.172810000000000000e+05
3.859469466864462017e+00 1.306533801700049033e-04 6.227790000000000000e+05
3.871753887143852157e+00 1.272107337664745254e-04 6.253570000000000000e+05
3.884018533710083432e+00 1.239702324243573963e-04 6.286690000000000000e+05
3.896281876299207081e+00 1.208909383890215469e-04 6.334350000000000000e+05
3.908553898872709542e+00 1.177254460863244026e-04 6.370090000000000000e+05
3.920819837741210456e+00 1.147238702038449017e-04 6.414090000000000000e+05
3.933080855037441204e+00 1.115721458585776116e-04 6.441310000000000000e+05
3.945346161479486469e+00 1.090367326154812784e-04 6.499650000000000000e+05
3.957637209013813884e+00 1.056629408716665665e-04 6.549250000000000000e+05
3.969922935445351797e+00 1.029093736679693560e-04 6.576010000000000000e+05
3.982175514047068710e+00 1.005194637319194460e-04 6.596430000000000000e+05
3.994441577776709718e+00 9.740226157682747279e-05 6.668650000000000000e+05
4.006727938504470288e+00 9.505771116047369838e-05 6.701370000000000000e+05
4.019004746641884118e+00 9.207224306066299547e-05 6.742630000000000000e+05
4.031277227451610656e+00 8.968537298623988172e-05 6.776970000000000000e+05
4.043554474959882405e+00 8.723790840638150762e-05 6.831370000000000000e+05
4.055839296806413863e+00 8.448890492133711791e-05 6.865810000000000000e+05
4.068096648036075180e+00 8.223660974508661904e-05 6.886950000000000000e+05
4.080340810272203633e+00 7.972101641791598157e-05 6.934330000000000000e+05
4.092625412812637364e+00 7.765400381595511910e-05 7.011570000000000000e+05
4.104896712235945877e+00 7.505814436470722604e-05 7.007830000000000000e+05
4.117161081901492103e+00 7.270156812828528230e-05 7.084530000000000000e+05
4.129437122155980688e+00 7.081466174001322593e-05 7.110370000000000000e+05
4.141704525954867044e+00 6.828826323703311740e-05 7.153330000000000000e+05
4.153978385170237431e+00 6.651942900732218456e-05 7.203510000000000000e+05
4.166253993732757621e+00 6.406399823760025971e-05 7.245250000000000000e+05
4.178538499825864783e+00 6.231536736189211565e-05 7.293210000000000000e+05
4.190814603076742806e+00 6.007971594438407133e-05 7.327030000000000000e+05
4.203073337122014586e+00 5.799618095199409617e-05 7.352410000000000000e+05
4.215351393663523183e+00 5.623645255605616214e-05 7.440810000000000000e+05
4.227627727927940171e+00 5.426556847084194261e-05 7.435750000000000000e+05
4.239903711675261810e+00 5.232738419410759421e-05 7.523850000000000000e+05
4.252176052439746279e+00 5.060122719971420061e-05 7.523290000000000000e+05
4.264428999173489387e+00 4.860253862320716576e-05 7.580970000000000000e+05
4.276699753296243856e+00 4.699085571535181738e-05 7.639510000000000000e+05
4.288984663933998576e+00 4.495380236458493078e-05 7.680850000000000000e+05
4.301254992808039468e+00 4.358227052920711270e-05 7.710450000000000000e+05
4.313518859337963640e+00 4.164980918741694279e-05 7.761550000000000000e+05
4.325790306799478735e+00 4.025548106078056599e-05 7.806930000000000000e+05
4.338071451854346172e+00 3.829912297482245069e-05 7.865170000000000000e+05
4.350337682795837324e+00 3.671345018161468896e-05 7.874610000000000000e+05
4.362611642859859806e+00 3.552773944698115182e-05 7.964230000000000000e+05
4.374889619911012772e+00 3.362131918980146376e-05 7.970410000000000000e+05
4.387156592313711911e+00 3.227663656235484383e-05 8.037690000000000000e+05
4.399426520354007053e+00 3.070084864020750559e-05 8.067310000000000000e+05
4.411686361434122183e+00 2.928254970001660680e-05 8.110050000000000000e+05
4.423963041741128421e+00 2.779597950497319819e-05 8.182210000000000000e+05
4.436231205164318681e+00 2.635936461918161834e-05 8.191390000000000000e+05
4.448503896768269072e+00 2.513257591197674769e-05 8.274210000000000000e+05
4.460785975742031617e+00 2.380327286152895020e-05 8.300170000000000000e+05
4.473052489047368852e+00 2.250799623392963359e-05 8.339010000000000000e+05
4.485333554630674513e+00 2.158866746146941305e-05 8.418790000000000000e+05
4.497601113152791541e+00 2.055448647710066845e-05 8.406570000000000000e+05
4.509865945633409368e+00 1.947764803914465794e-05 8.509570000000000000e+05
4.522145512771656328e+00 1.862438705812006543e-05 8.519350000000000000e+05
4.534428391609130138e+00 1.773414944036780537e-05 8.603850000000000000e+05
4.546702887299255202e+00 1.699059826075833128e-05 8.607130000000000000e+05
4.558957497227143385e+00 1.614708064185615499e-05 8.661090000000000000e+05
4.571226507544313478e+00 1.532362401751555286e-05 8.726590000000000000e+05
4.583509650333473573e+00 1.477193003211394845e-05 8.772330000000000000e+05
4.595789930773827692e+00 1.395821084743393635e-05 8.815930000000000000e+05
4.608061822879042424e+00 1.339874853864420988e-05 8.857990000000000000e+05
4.620318454667698305e+00 1.265335596434490650e-05 8.882130000000000000e+05
4.632589671362627115e+00 1.216128482181804645e-05 8.980330000000000000e+05
4.644869733582068783e+00 1.161547611881093493e-05 8.985150000000000000e+05
4.657136751053478463e+00 1.096364529064767624e-05 9.058810000000000000e+05
4.669407123720282549e+00 1.046414670670232343e-05 9.086130000000000000e+05
4.681668230269437458e+00 1.002931479172866584e-05 9.134650000000000000e+05
4.693936504051409386e+00 9.529385665133593790e-06 9.200110000000000000e+05
4.706220800141615257e+00 8.940365412377864241e-06 9.251730000000000000e+05
4.718499420244769205e+00 8.604873992732570923e-06 9.287890000000000000e+05
4.730782524158375857e+00 8.198677379400455320e-06 9.355710000000000000e+05
4.743047201606930940e+00 7.734544336182945688e-06 9.355210000000000000e+05
4.755307563249784764e+00 7.322354246929003524e-06 9.450490000000000000e+05
4.767582922269617107e+00 7.046057638624678367e-06 9.470250000000000000e+05
4.779863242782285582e+00 6.637945107770539781e-06 9.557350000000000000e+05
4.792132509236800786e+00 6.245720514282407413e-06 9.555210000000000000e+05
4.804399814675896607e+00 5.913914201270740940e-06 9.646210000000000000e+05
4.816678189892614981e+00 5.715434977329463293e-06 9.677190000000000000e+05
4.828949147307209699e+00 5.303866368744619173e-06 9.724810000000000000e+05
4.841208045262156645e+00 5.047802499589833129e-06 9.765370000000000000e+05
4.853478205860069394e+00 4.774065955794951450e-06 9.838530000000000000e+05
4.865760389471367020e+00 4.525448120075291036e-06 9.882910000000000000e+05
4.878024424099666412e+00 4.266031325431533985e-06 9.911130000000000000e+05
4.890296224946505177e+00 3.963157463040996377e-06 9.990610000000000000e+05
4.902574098288927651e+00 3.790311310750946057e-06 1.003023000000000000e+06
4.914845182971244952e+00 3.606431423923354489e-06 1.007017000000000000e+06
4.927125443033921748e+00 3.318446258573621880e-06 1.015189000000000000e+06
4.939397843462237425e+00 3.112672190698542131e-06 1.015659000000000000e+06
4.951664139468105574e+00 2.976596252854700682e-06 1.024297000000000000e+06
4.963940457310106247e+00 2.787278418867795671e-06 1.027545000000000000e+06
4.976216814155414170e+00 2.571056636110440889e-06 1.034173000000000000e+06
4.988477864415409968e+00 2.390208937960853127e-06 1.035639000000000000e+06
5.000735915789408459e+00 2.312886288996771579e-06 1.043377000000000000e+06
5.013022503127924523e+00 2.112922841555236323e-06 1.051105000000000000e+06
5.025302855931816914e+00 1.915774814448779497e-06 1.052487000000000000e+06
5.037565960542966792e+00 1.820085055174660361e-06 1.058257000000000000e+06
5.049844070900289417e+00 1.735687365867136398e-06 1.065633000000000000e+06
5.062119395180531001e+00 1.573221506150712902e-06 1.067869000000000000e+06
5.074382958383321984e+00 1.423923392090685442e-06 1.074235000000000000e+06
5.086641414448522802e+00 1.352393037316237641e-06 1.077393000000000000e+06
5.098920283477419879e+00 1.245991809650549520e-06 1.087621000000000000e+06
5.111195046990768098e+00 1.114237203268481091e-06 1.087923000000000000e+06
5.123449429513799558e+00 1.009871934981833692e-06 1.093945000000000000e+06
5.135725833092325665e+00 1.005990348881194754e-06 1.102629000000000000e+06
5.148004898403597984e+00 8.578055060887260989e-07 1.104619000000000000e+06
5.160275467432149377e+00 7.552506709011602435e-07 1.111669000000000000e+06
5.172546563924425023e+00 6.995910688542943913e-07 1.116021000000000000e+06
5.184827810497764311e+00 6.899427142688448636e-07 1.122973000000000000e+06
5.197107424309186818e+00 5.743979586138245135e-07 1.127175000000000000e+06
5.209372119394659606e+00 4.743293306207430044e-07 1.130377000000000000e+06
5.221649037183656361e+00 4.611856271558867605e-07 1.140669000000000000e+06
5.233932398542673781e+00 4.412001577616738312e-07 1.142023000000000000e+06
5.246207456313063844e+00 3.600729432697447386e-07 1.149277000000000000e+06
5.258474098046987955e+00 2.554117700436994328e-07 1.152213000000000000e+06
5.270738325951615622e+00 2.900760319676298086e-07 1.158781000000000000e+06
5.282998927164604730e+00 2.568258488864926959e-07 1.162875000000000000e+06
5.295264990085316370e+00 2.003917593828518624e-07 1.169989000000000000e+06
5.307538736263589740e+00 1.129581017676049014e-07 1.175577000000000000e+06
5.319815882732508605e+00 1.582168404823904467e-07 1.181755000000000000e+06
5.332106279005067506e+00 1.251082494681112108e-07 1.188433000000000000e+06
5.344371073829666585e+00 9.290220054264395949e-08 1.188297000000000000e+06
5.356624723728983462e+00 4.249467779712693460e-08 1.196761000000000000e+06
5.368905759786676057e+00 6.046542426483994729e-08 1.204935000000000000e+06
5.381178523097380761e+00 4.167164056393211166e-08 1.206061000000000000e+06
5.393451085206741880e+00 2.628481416994296683e-08 1.215613000000000000e+06
5.405726736201903471e+00 8.561053603133562233e-09 1.218267000000000000e+06
5.417998930511218170e+00 1.008431005182931810e-08 1.225501000000000000e+06
5.430270772852717975e+00 3.595081555422846413e-09 1.229565000000000000e+06
5.442534130395002556e+00 3.954804849031885934e-10 1.235035000000000000e+06
5.454800748457352633e+00 0.000000000000000000e+00 1.240689000000000000e+06
5.467077716641037810e+00 0.000000000000000000e+00 1.249249000000000000e+06
5.479355582811181513e+00 0.000000000000000000e+00 1.251241000000000000e+06
5.491630973065976917e+00 0.000000000000000000e+00 1.260723000000000000e+06
5.503885297849166136e+00 0.000000000000000000e+00 1.257637000000000000e+06
5.516150725772924979e+00 0.000000000000000000e+00 1.274037000000000000e+06
5.528443391487898317e+00 0.000000000000000000e+00 1.275475000000000000e+06
5.540720216702386125e+00 0.000000000000000000e+00 1.281105000000000000e+06
5.552988335676034559e+00 0.000000000000000000e+00 1.285969000000000000e+06
5.565261517407040337e+00 0.000000000000000000e+00 1.292461000000000000e+06
5.577534110395362177e+00 0.000000000000000000e+00 1.298067000000000000e+06
5.589802343380241290e+00 0.000000000000000000e+00 1.302997000000000000e+06
5.602075135577400999e+00 0.000000000000000000e+00 1.309605000000000000e+06
5.614350310950690037e+00 0.000000000000000000e+00 1.315999000000000000e+06
5.626623264592821805e+00 0.000000000000000000e+00 1.319869000000000000e+06
5.638893001899184299e+00 0.000000000000000000e+00 1.327641000000000000e+06
5.651161142041371654e+00 0.000000000000000000e+00 1.330255000000000000e+06
5.663425121361393089e+00 0.000000000000000000e+00 1.338453000000000000e+06
5.675691325365977313e+00 0.000000000000000000e+00 1.342849000000000000e+06
5.687970933799141982e+00 0.000000000000000000e+00 1.352361000000000000e+06
5.700246086653653954e+00 0.000000000000000000e+00 1.354147000000000000e+06
5.712517647315798364e+00 0.000000000000000000e+00 1.362613000000000000e+06
5.724796711511103808e+00 0.000000000000000000e+00 1.368069000000000000e+06
5.737066762903856088e+00 0.000000000000000000e+00 1.372087000000000000e+06
5.749335898934315736e+00 0.000000000000000000e+00 1.379481000000000000e+06
5.761614168757597909e+00 0.000000000000000000e+00 1.386229000000000000e+06
5.773882136137113541e+00 0.000000000000000000e+00 1.388517000000000000e+06
5.786153279038012798e+00 0.000000000000000000e+00 1.399267000000000000e+06
5.798430732772348328e+00 0.000000000000000000e+00 1.401733000000000000e+06
5.810698549564207838e+00 0.000000000000000000e+00 1.408377000000000000e+06
5.822968489764107858e+00 0.000000000000000000e+00 1.414855000000000000e+06
5.835247581202454015e+00 0.000000000000000000e+00 1.421757000000000000e+06
5.847517653067185961e+00 0.000000000000000000e+00 1.425493000000000000e+06
5.859777763361255332e+00 0.000000000000000000e+00 1.430859000000000000e+06
5.872043305473467534e+00 0.000000000000000000e+00 1.438525000000000000e+06
5.884316039475769422e+00 0.000000000000000000e+00 1.445293000000000000e+06
5.896588172512050363e+00 0.000000000000000000e+00 1.449561000000000000e+06
5.908862119422366277e+00 0.000000000000000000e+00 1.458919000000000000e+06
5.921140107029507327e+00 0.000000000000000000e+00 1.461273000000000000e+06
5.933415941515375991e+00 0.000000000000000000e+00 1.471645000000000000e+06
5.945693490519592395e+00 0.000000000000000000e+00 1.473643000000000000e+06
5.957960045863613274e+00 0.000000000000000000e+00 1.480653000000000000e+06
5.970224520582573469e+00 0.000000000000000000e+00 1.485901000000000000e+06
5.982501053823231274e+00 0.000000000000000000e+00 1.495089000000000000e+06
5.994772850496791428e+00 0.000000000000000000e+00 1.498099000000000000e+06
6.007052134068161742e+00 0.000000000000000000e+00 1.508373000000000000e+06
6.019323824238122178e+00 0.000000000000000000e+00 1.508617000000000000e+06
6.031590917086010251e+00 0.000000000000000000e+00 1.519927000000000000e+06
6.043864522720445720e+00 0.000000000000000000e+00 1.522125000000000000e+06
6.056140591663200290e+00 0.000000000000000000e+00 1.533337000000000000e+06
6.068414280758688051e+00 0.000000000000000000e+00 1.533597000000000000e+06
6.080682225889637138e+00 0.000000000000000000e+00 1.544503000000000000e+06
6.092950513412580982e+00 0.000000000000000000e+00 1.546305000000000000e+06
6.105222669570649963e+00 0.000000000000000000e+00 1.557601000000000000e+06
6.117498537411333537e+00 0.000000000000000000e+00 1.559959000000000000e+06
6.129764009308477313e+00 0.000000000000000000e+00 1.567305000000000000e+06
6.142038804140286246e+00 0.000000000000000000e+00 1.575241000000000000e+06
6.154304592301876653e+00 0.000000000000000000e+00 1.577367000000000000e+06
6.166569656506958985e+00 0.000000000000000000e+00 1.587385000000000000e+06
6.178846322624687026e+00 0.000000000000000000e+00 1.593597000000000000e+06
6.191116526792562524e+00 0.000000000000000000e+00 1.597477000000000000e+06
6.203393953742370570e+00 0.000000000000000000e+00 1.609027000000000000e+06
6.215665868805944072e+00 0.000000000000000000e+00 1.608405000000000000e+06
6.227935179444486380e+00 0.000000000000000000e+00 1.621081000000000000e+06
6.240215859392558073e+00 0.000000000000000000e+00 1.624239000000000000e+06
6.252490868470671259e+00 0.000000000000000000e+00 1.631845000000000000e+06
6.264748734726292234e+00 0.000000000000000000e+00 1.633729000000000000e+06
6.277021907689533720e+00 0.000000000000000000e+00 1.647165000000000000e+06
6.289301913709186564e+00 0.000000000000000000e+00 1.644751000000000000e+06
6.301575403552062582e+00 0.000000000000000000e+00 1.643340000000000000e+06
6.313842558761026069e+00 0.000000000000000000e+00 1.636708000000000000e+06
6.326111565000890558e+00 0.000000000000000000e+00 1.637478000000000000e+06
6.338388186618338693e+00 0.000000000000000000e+00 1.631182000000000000e+06
6.350653318429953842e+00 0.000000000000000000e+00 1.629010000000000000e+06
6.362925353107523385e+00 0.000000000000000000e+00 1.625526000000000000e+06
6.375199539363470613e+00 0.000000000000000000e+00 1.623166000000000000e+06
6.387469047145446943e+00 0.000000000000000000e+00 1.617270000000000000e+06
6.399744975540756720e+00 0.000000000000000000e+00 1.617742000000000000e+06
6.412020876688491633e+00 0.000000000000000000e+00 1.611330000000000000e+06
6.424291406904193202e+00 0.000000000000000000e+00 1.608274000000000000e+06
6.436561693531712258e+00 0.000000000000000000e+00 1.604740000000000000e+06
6.448839799472561474e+00 0.000000000000000000e+00 1.603290000000000000e+06
6.461108371528202277e+00 0.000000000000000000e+00 1.595068000000000000e+06
6.473374277801224430e+00 0.000000000000000000e+00 1.595556000000000000e+06
6.485648261195692044e+00 0.000000000000000000e+00 1.589470000000000000e+06
6.497912617923548240e+00 0.000000000000000000e+00 1.586370000000000000e+06
6.510188500873471895e+00 0.000000000000000000e+00 1.585024000000000000e+06
6.522469705898394032e+00 0.000000000000000000e+00 1.579984000000000000e+06
6.534739853144390764e+00 0.000000000000000000e+00 1.575540000000000000e+06
6.547013925813042867e+00 0.000000000000000000e+00 1.572502000000000000e+06
6.559280266219190025e+00 0.000000000000000000e+00 1.566954000000000000e+06
6.571544123190218301e+00 0.000000000000000000e+00 1.563766000000000000e+06
6.583820908623135182e+00 0.000000000000000000e+00 1.562734000000000000e+06
6.596089750057448242e+00 0.000000000000000000e+00 1.554546000000000000e+06
6.608365359019697571e+00 0.000000000000000000e+00 1.555762000000000000e+06
6.620644516454042616e+00 0.000000000000000000e+00 1.548906000000000000e+06
6.632912755636684032e+00 0.000000000000000000e+00 1.543888000000000000e+06
6.645177498319265297e+00 0.000000000000000000e+00 1.541424000000000000e+06
6.657442360062594489e+00 0.000000000000000000e+00 1.535002000000000000e+06
6.669722339251252130e+00 0.000000000000000000e+00 1.537504000000000000e+06
6.681993132914268330e+00 0.000000000000000000e+00 1.525410000000000000e+06
6.694261014948919453e+00 0.000000000000000000e+00 1.527532000000000000e+06
6.706541327428630517e+00 0.000000000000000000e+00 1.521270000000000000e+06
6.718813763001558748e+00 0.000000000000000000e+00 1.516912000000000000e+06
6.731080793033955345e+00 0.000000000000000000e+00 1.512240000000000000e+06
6.743359639422138230e+00 0.000000000000000000e+00 1.511140000000000000e+06
6.755631157842590717e+00 0.000000000000000000e+00 1.501846000000000000e+06
6.767898114069756943e+00 0.000000000000000000e+00 1.502364000000000000e+06
6.780174472238728711e+00 0.000000000000000000e+00 1.495330000000000000e+06
6.792450149910261636e+00 0.000000000000000000e+00 1.493730000000000000e+06
6.804725883725046387e+00 0.000000000000000000e+00 1.486852000000000000e+06
6.816986365956470451e+00 0.000000000000000000e+00 1.481290000000000000e+06
6.829262668914804379e+00 0.000000000000000000e+00 1.482678000000000000e+06
6.841539156341532646e+00 0.000000000000000000e+00 1.471900000000000000e+06
6.853798143643459184e+00 0.000000000000000000e+00 1.470168000000000000e+06
6.866070472662335611e+00 0.000000000000000000e+00 1.466200000000000000e+06
6.878341858641983109e+00 0.000000000000000000e+00 1.461120000000000000e+06
6.890609083895967935e+00 0.000000000000000000e+00 1.456756000000000000e+06
6.902881925247460693e+00 0.000000000000000000e+00 1.452556000000000000e+06
6.915161390665570451e+00 0.000000000000000000e+00 1.450452000000000000e+06
6.927430489760197041e+00 0.000000000000000000e+00 1.440316000000000000e+06
6.939709739753434192e+00 0.000000000000000000e+00 1.444164000000000000e+06
6.951990631273369026e+00 0.000000000000000000e+00 1.431532000000000000e+06
6.964253850737460283e+00 0.000000000000000000e+00 1.430340000000000000e+06
6.976522576435152168e+00 0.000000000000000000e+00 1.424632000000000000e+06
6.988800341007487482e+00 0.000000000000000000e+00 1.421998000000000000e+06
7.001070917518267933e+00 0.000000000000000000e+00 1.414698000000000000e+06
7.013333679531310594e+00 0.000000000000000000e+00 1.409980000000000000e+06
7.025600208486784126e+00 0.000000000000000000e+00 1.406532000000000000e+06
7.037876624594197494e+00 0.000000000000000000e+00 1.402948000000000000e+06
7.050142987934711059e+00 0.000000000000000000e+00 1.394214000000000000e+06
7.062412914322297119e+00 0.000000000000000000e+00 1.394872000000000000e+06
7.074690640180437917e+00 0.000000000000000000e+00 1.385464000000000000e+06
7.086953618626321116e+00 0.000000000000000000e+00 1.382634000000000000e+06
7.099228178846583859e+00 0.000000000000000000e+00 1.378150000000000000e+06
7.111513636306372454e+00 0.000000000000000000e+00 1.374948000000000000e+06
7.123795927594998467e+00 0.000000000000000000e+00 1.368208000000000000e+06
7.136061101421339536e+00 0.000000000000000000e+00 1.360624000000000000e+06
7.148327156390927861e+00 0.000000000000000000e+00 1.358970000000000000e+06
7.160609375549098488e+00 0.000000000000000000e+00 1.354042000000000000e+06
7.172879319684213328e+00 0.000000000000000000e+00 1.345926000000000000e+06
7.185144833371175821e+00 0.000000000000000000e+00 1.343698000000000000e+06
7.197419183324042180e+00 0.000000000000000000e+00 1.336938000000000000e+06
7.209685957222612629e+00 0.000000000000000000e+00 1.332418000000000000e+06
7.221957750339435655e+00 0.000000000000000000e+00 1.327732000000000000e+06
7.234230071748588564e+00 0.000000000000000000e+00 1.321878000000000000e+06
7.246500469462226590e+00 0.000000000000000000e+00 1.317706000000000000e+06
7.258778502192162030e+00 0.000000000000000000e+00 1.312086000000000000e+06
7.271045677069522206e+00 0.000000000000000000e+00 1.306132000000000000e+06
7.283317173600549310e+00 0.000000000000000000e+00 1.301652000000000000e+06
7.295585445724233509e+00 0.000000000000000000e+00 1.295260000000000000e+06
7.307853078892518006e+00 0.000000000000000000e+00 1.291120000000000000e+06
7.320126553552271709e+00 0.000000000000000000e+00 1.285230000000000000e+06
7.332403580627381068e+00 0.000000000000000000e+00 1.282204000000000000e+06
7.344684000036938443e+00 0.000000000000000000e+00 1.273920000000000000e+06
7.356944411276296947e+00 0.000000000000000000e+00 1.268410000000000000e+06
7.369203301045217813e+00 0.000000000000000000e+00 1.262274000000000000e+06
7.381489361353313683e+00 0.000000000000000000e+00 1.262920000000000000e+06
7.393767792443961540e+00 0.000000000000000000e+00 1.250194000000000000e+06
7.406034816281826139e+00 0.000000000000000000e+00 1.249224000000000000e+06
7.418310200590694237e+00 0.000000000000000000e+00 1.241506000000000000e+06
7.430583317877912819e+00 0.000000000000000000e+00 1.236786000000000000e+06
7.442848511905709508e+00 0.000000000000000000e+00 1.229380000000000000e+06
7.455114941964349207e+00 0.000000000000000000e+00 1.225756000000000000e+06
7.467393191815288489e+00 0.000000000000000000e+00 1.220370000000000000e+06
7.479670498433187653e+00 0.000000000000000000e+00 1.214428000000000000e+06
7.491938078263377321e+00 0.000000000000000000e+00 1.206828000000000000e+06
7.504211483575987884e+00 0.000000000000000000e+00 1.204744000000000000e+06
7.516487326365844268e+00 0.000000000000000000e+00 1.195512000000000000e+06
7.528756512454854999e+00 0.000000000000000000e+00 1.191598000000000000e+06
7.541024884189051924e+00 0.000000000000000000e+00 1.184566000000000000e+06
7.553289720020821107e+00 0.000000000000000000e+00 1.178694000000000000e+06
7.565561264997616497e+00 0.000000000000000000e+00 1.174768000000000000e+06
7.577833325840669154e+00 0.000000000000000000e+00 1.166658000000000000e+06
7.590111451558873235e+00 0.000000000000000000e+00 1.164202000000000000e+06
7.602381763767824374e+00 0.000000000000000000e+00 1.154202000000000000e+06
7.614655742829341101e+00 0.000000000000000000e+00 1.151548000000000000e+06
7.626936442945662087e+00 0.000000000000000000e+00 1.145062000000000000e+06
7.639200863715046808e+00 0.000000000000000000e+00 1.135518000000000000e+06
7.651464465780415836e+00 0.000000000000000000e+00 1.133722000000000000e+06
7.663742199615411366e+00 0.000000000000000000e+00 1.125570000000000000e+06
7.676018461909904111e+00 0.000000000000000000e+00 1.121032000000000000e+06
7.688277681363731020e+00 0.000000000000000000e+00 1.111578000000000000e+06
7.700552813331956514e+00 0.000000000000000000e+00 1.110370000000000000e+06
7.712841327547615755e+00 0.000000000000000000e+00 1.102594000000000000e+06
7.725115679677861280e+00 0.000000000000000000e+00 1.095120000000000000e+06
7.737377294768349678e+00 0.000000000000000000e+00 1.088182000000000000e+06
7.749648862533475402e+00 0.000000000000000000e+00 1.084686000000000000e+06
7.761924921547985967e+00 0.000000000000000000e+00 1.075606000000000000e+06
7.774188921740621261e+00 0.000000000000000000e+00 1.071370000000000000e+06
7.786454278984081157e+00 0.000000000000000000e+00 1.062492000000000000e+06
7.798729724903661342e+00 0.000000000000000000e+00 1.060702000000000000e+06
7.811006007363213932e+00 0.000000000000000000e+00 1.050174000000000000e+06
7.823272881866079942e+00 0.000000000000000000e+00 1.045918000000000000e+06
7.835543817082966100e+00 0.000000000000000000e+00 1.039026000000000000e+06
7.847819758291274539e+00 0.000000000000000000e+00 1.032862000000000000e+06
7.860089257915242378e+00 0.000000000000000000e+00 1.025860000000000000e+06
7.872351486015352506e+00 0.000000000000000000e+00 1.018710000000000000e+06
7.884626384621514106e+00 0.000000000000000000e+00 1.014568000000000000e+06
7.896910463695346216e+00 0.000000000000000000e+00 1.007796000000000000e+06
7.909185584936841984e+00 0.000000000000000000e+00 9.993400000000000000e+05
7.921449021407247493e+00 0.000000000000000000e+00 9.937800000000000000e+05
7.933712491448440929e+00 0.000000000000000000e+00 9.853000000000000000e+05
7.945991924520928507e+00 0.000000000000000000e+00 9.834640000000000000e+05
7.958263724947784112e+00 0.000000000000000000e+00 9.712140000000000000e+05
7.970528979543122894e+00 0.000000000000000000e+00 9.683560000000000000e+05
7.982814850276255036e+00 0.000000000000000000e+00 9.620400000000000000e+05
7.995091442562386241e+00 0.000000000000000000e+00 9.524620000000000000e+05
8.007352319016611375e+00 0.000000000000000000e+00 9.471100000000000000e+05
8.019627279175121970e+00 0.000000000000000000e+00 9.408420000000000000e+05
8.031903435627652854e+00 0.000000000000000000e+00 9.330760000000000000e+05
8.044177589960026964e+00 0.000000000000000000e+00 9.280620000000000000e+05
8.056443246154517013e+00 0.000000000000000000e+00 9.171520000000000000e+05
8.068702016722001602e+00 0.000000000000000000e+00 9.141240000000000000e+05
8.080979616769809581e+00 0.000000000000000000e+00 9.056920000000000000e+05
8.093253918379238243e+00 0.000000000000000000e+00 8.998600000000000000e+05
8.105526954068290379e+00 0.000000000000000000e+00 8.922480000000000000e+05
8.117799591180954621e+00 0.000000000000000000e+00 8.849020000000000000e+05
8.130070519226100245e+00 0.000000000000000000e+00 8.790780000000000000e+05
8.142347349886266628e+00 0.000000000000000000e+00 8.708860000000000000e+05
8.154613498189881682e+00 0.000000000000000000e+00 8.642460000000000000e+05
8.166891744956171095e+00 0.000000000000000000e+00 8.580640000000000000e+05
8.179177309500333948e+00 0.000000000000000000e+00 8.508160000000000000e+05
8.191440306992516796e+00 0.000000000000000000e+00 8.416440000000000000e+05
8.203698384183137904e+00 0.000000000000000000e+00 8.349700000000000000e+05
8.215976944299894669e+00 0.000000000000000000e+00 8.307180000000000000e+05
8.228243446586366971e+00 0.000000000000000000e+00 8.187820000000000000e+05
8.240504205918190550e+00 0.000000000000000000e+00 8.154840000000000000e+05
8.252785472848209736e+00 0.000000000000000000e+00 8.074600000000000000e+05
8.265065442812074892e+00 0.000000000000000000e+00 7.999360000000000000e+05
8.277324329252326862e+00 0.000000000000000000e+00 7.911960000000000000e+05
8.289585514935046362e+00 0.000000000000000000e+00 7.851280000000000000e+05
8.301876289419068300e+00 0.000000000000000000e+00 7.801680000000000000e+05
8.314155732114585362e+00 0.000000000000000000e+00 7.694320000000000000e+05
8.326420118621983946e+00 0.000000000000000000e+00 7.628980000000000000e+05
8.338685274282241267e+00 0.000000000000000000e+00 7.556700000000000000e+05
8.350960295863657734e+00 0.000000000000000000e+00 7.480840000000000000e+05
8.363227371463903381e+00 0.000000000000000000e+00 7.408020000000000000e+05
8.375495150013193779e+00 0.000000000000000000e+00 7.328140000000000000e+05
8.387774453438462174e+00 0.000000000000000000e+00 7.269300000000000000e+05
8.400050279144005927e+00 0.000000000000000000e+00 7.179880000000000000e+05
8.412323897445121546e+00 0.000000000000000000e+00 7.106380000000000000e+05
8.424591653278149295e+00 0.000000000000000000e+00 7.032900000000000000e+05
8.436851522422974980e+00 0.000000000000000000e+00 6.936700000000000000e+05
8.449126168249581070e+00 0.000000000000000000e+00 6.897900000000000000e+05
8.461409466866058438e+00 0.000000000000000000e+00 6.799720000000000000e+05
8.473680557849798234e+00 0.000000000000000000e+00 6.721320000000000000e+05
8.485955758068611132e+00 0.000000000000000000e+00 6.659740000000000000e+05
8.498224021861652488e+00 0.000000000000000000e+00 6.549880000000000000e+05
8.510487716422499460e+00 0.000000000000000000e+00 6.507840000000000000e+05
8.522772165951511880e+00 0.000000000000000000e+00 6.413980000000000000e+05
8.535053551330060273e+00 0.000000000000000000e+00 6.342960000000000000e+05
8.547317518097319322e+00 0.000000000000000000e+00 6.247360000000000000e+05
8.559569055920173142e+00 0.000000000000000000e+00 6.167760000000000000e+05
8.571845654644560497e+00 0.000000000000000000e+00 6.119020000000000000e+05
8.584118547479452133e+00 0.000000000000000000e+00 6.003820000000000000e+05
8.596382739027404796e+00 0.000000000000000000e+00 5.949300000000000000e+05
8.608649228704134515e+00 0.000000000000000000e+00 5.857120000000000000e+05
8.620929418330351979e+00 0.000000000000000000e+00 5.787780000000000000e+05
8.633209303777858779e+00 0.000000000000000000e+00 5.710660000000000000e+05
8.645469357428481771e+00 0.000000000000000000e+00 5.599180000000000000e+05
8.657746042272750131e+00 0.000000000000000000e+00 5.570520000000000000e+05
8.670026156296621878e+00 0.000000000000000000e+00 5.439400000000000000e+05
8.682297151046071804e+00 0.000000000000000000e+00 5.393460000000000000e+05
8.694564924638441994e+00 0.000000000000000000e+00 5.287960000000000000e+05
8.706838868613887783e+00 0.000000000000000000e+00 5.220780000000000000e+05
8.719120119322299800e+00 0.000000000000000000e+00 5.141980000000000000e+05
8.731387104587362558e+00 0.000000000000000000e+00 5.037100000000000000e+05
8.743648523961962127e+00 0.000000000000000000e+00 4.976520000000000000e+05
8.755929668290336920e+00 0.000000000000000000e+00 4.889080000000000000e+05
8.768209632129938313e+00 0.000000000000000000e+00 4.802880000000000000e+05
8.780467014976435891e+00 0.000000000000000000e+00 4.715380000000000000e+05
8.792716646247644263e+00 0.000000000000000000e+00 4.623600000000000000e+05
8.804990552495517875e+00 0.000000000000000000e+00 4.569760000000000000e+05
8.817278224909140150e+00 0.000000000000000000e+00 4.463980000000000000e+05
8.829538855554407206e+00 0.000000000000000000e+00 4.383120000000000000e+05
8.841804262617491972e+00 0.000000000000000000e+00 4.301560000000000000e+05
8.854088059785766518e+00 0.000000000000000000e+00 4.220880000000000000e+05
8.866365214578202369e+00 0.000000000000000000e+00 4.131460000000000000e+05
8.878627275129836960e+00 0.000000000000000000e+00 4.040560000000000000e+05
8.890896397550831054e+00 0.000000000000000000e+00 3.966450000000000000e+05
8.903187591580362437e+00 0.000000000000000000e+00 3.892900000000000000e+05
8.915455983161111320e+00 0.000000000000000000e+00 3.802770000000000000e+05
8.927709519791491743e+00 0.000000000000000000e+00 3.740800000000000000e+05
8.939989879201259981e+00 0.000000000000000000e+00 3.678570000000000000e+05
8.952271999783864231e+00 0.000000000000000000e+00 3.605980000000000000e+05
8.964540853524345820e+00 0.000000000000000000e+00 3.541540000000000000e+05
8.976809101527353008e+00 0.000000000000000000e+00 3.478350000000000000e+05
8.989080225777927424e+00 0.000000000000000000e+00 3.415870000000000000e+05
9.001360614975869368e+00 0.000000000000000000e+00 3.362760000000000000e+05
9.013628215818087597e+00 0.000000000000000000e+00 3.289840000000000000e+05
9.025896392635795351e+00 0.000000000000000000e+00 3.245970000000000000e+05
9.038179675739989705e+00 0.000000000000000000e+00 3.181960000000000000e+05
9.050449517051912807e+00 0.000000000000000000e+00 3.126610000000000000e+05
9.062703135483113570e+00 0.000000000000000000e+00 3.065010000000000000e+05
9.074964961692879584e+00 0.000000000000000000e+00 3.021610000000000000e+05
9.087254323695255209e+00 0.000000000000000000e+00 2.970210000000000000e+05
9.099527913664491763e+00 0.000000000000000000e+00 2.910610000000000000e+05
9.111784404433924678e+00 0.000000000000000000e+00 2.861100000000000000e+05
9.124063819746693227e+00 0.000000000000000000e+00 2.816890000000000000e+05
9.136356155726907957e+00 0.000000000000000000e+00 2.767660000000000000e+05
9.148620507313745875e+00 0.000000000000000000e+00 2.707740000000000000e+05
9.160876291938610194e+00 0.000000000000000000e+00 2.667940000000000000e+05
9.173170450676668253e+00 0.000000000000000000e+00 2.626620000000000000e+05
9.185440350095079864e+00 0.000000000000000000e+00 2.565220000000000000e+05
9.197674161800641457e+00 0.000000000000000000e+00 2.521060000000000000e+05
9.209944599127076970e+00 0.000000000000000000e+00 2.489100000000000000e+05
9.222234992744009929e+00 0.000000000000000000e+00 2.437780000000000000e+05
9.234498168615418834e+00 0.000000000000000000e+00 2.392110000000000000e+05
9.246752780042326592e+00 0.000000000000000000e+00 2.348620000000000000e+05
9.259037156434654747e+00 0.000000000000000000e+00 2.316150000000000000e+05
9.271318350907318262e+00 0.000000000000000000e+00 2.263180000000000000e+05
9.283583476701339876e+00 0.000000000000000000e+00 2.227630000000000000e+05
9.295857210673403870e+00 0.000000000000000000e+00 2.185860000000000000e+05
9.308129681401091204e+00 0.000000000000000000e+00 2.143990000000000000e+05
9.320409143058975943e+00 0.000000000000000000e+00 2.109150000000000000e+05
9.332685724653499548e+00 0.000000000000000000e+00 2.065420000000000000e+05
9.344943030082799140e+00 0.000000000000000000e+00 2.026110000000000000e+05
9.357240832438430189e+00 0.000000000000000000e+00 1.999990000000000000e+05
9.369539155676596565e+00 0.000000000000000000e+00 1.951330000000000000e+05
9.381778960346688123e+00 0.000000000000000000e+00 1.908990000000000000e+05
9.394040723783835034e+00 0.000000000000000000e+00 1.884550000000000000e+05
9.406338508958207001e+00 0.000000000000000000e+00 1.845510000000000000e+05
9.418611798190426043e+00 0.000000000000000000e+00 1.807750000000000000e+05
9.430853043411074665e+00 0.000000000000000000e+00 1.767510000000000000e+05
9.443145181565174795e+00 0.000000000000000000e+00 1.750390000000000000e+05
9.455452451282019055e+00 0.000000000000000000e+00 1.703350000000000000e+05
9.467696108335937666e+00 0.000000000000000000e+00 1.666830000000000000e+05
9.479945563518231921e+00 0.000000000000000000e+00 1.639390000000000000e+05
9.492244411686275640e+00 0.000000000000000000e+00 1.611630000000000000e+05
9.504520706507847194e+00 0.000000000000000000e+00 1.569790000000000000e+05
9.516771535682037708e+00 0.000000000000000000e+00 1.542790000000000000e+05
9.529051214352033838e+00 0.000000000000000000e+00 1.513560000000000000e+05
9.541349761989566858e+00 0.000000000000000000e+00 1.483510000000000000e+05
9.553614511585660551e+00 0.000000000000000000e+00 1.445190000000000000e+05
9.565852505371527315e+00 0.000000000000000000e+00 1.418110000000000000e+05
9.578130536320831112e+00 0.000000000000000000e+00 1.394040000000000000e+05
9.590421598058176400e+00 0.000000000000000000e+00 1.361050000000000000e+05
9.602685914288876745e+00 0.000000000000000000e+00 1.331320000000000000e+05
9.614937394916179159e+00 0.000000000000000000e+00 1.302510000000000000e+05
9.627210288002249428e+00 0.000000000000000000e+00 1.277710000000000000e+05
9.639520429969216764e+00 0.000000000000000000e+00 1.254000000000000000e+05
9.651793971295985486e+00 0.000000000000000000e+00 1.216630000000000000e+05
9.664020751487894856e+00 0.000000000000000000e+00 1.192080000000000000e+05
9.676318357831698691e+00 0.000000000000000000e+00 1.174270000000000000e+05
9.688615419394409400e+00 0.000000000000000000e+00 1.139920000000000000e+05
9.700826577396394867e+00 0.000000000000000000e+00 1.108470000000000000e+05
9.713080895293627393e+00 0.000000000000000000e+00 1.096600000000000000e+05
9.725420175656996236e+00 0.000000000000000000e+00 1.070790000000000000e+05
9.737699379551500556e+00 0.000000000000000000e+00 1.037440000000000000e+05
9.749902316070345520e+00 0.000000000000000000e+00 1.011150000000000000e+05
9.762190598275241271e+00 0.000000000000000000e+00 1.001380000000000000e+05
9.774524678918144360e+00 0.000000000000000000e+00 9.700300000000000000e+04
9.786774718166423526e+00 0.000000000000000000e+00 9.429600000000000000e+04
9.798978964262767377e+00 0.000000000000000000e+00 9.179200000000000000e+04
9.811278153824439130e+00 0.000000000000000000e+00 9.093900000000000000e+04
9.823611081190524175e+00 0.000000000000000000e+00 8.782000000000000000e+04
9.835856276531492526e+00 0.000000000000000000e+00 8.539600000000000000e+04
9.848110679020482650e+00 0.000000000000000000e+00 8.367900000000000000e+04
9.860407726310109311e+00 0.000000000000000000e+00 8.142400000000000000e+04
9.872697502788055246e+00 0.000000000000000000e+00 7.946400000000000000e+04
9.884901386356604647e+00 0.000000000000000000e+00 7.632700000000000000e+04
9.897163696785352016e+00 0.000000000000000000e+00 7.603200000000000000e+04
9.909521583262559830e+00 0.000000000000000000e+00 7.331800000000000000e+04
9.921769391384721359e+00 0.000000000000000000e+00 7.085200000000000000e+04
9.933970688566546414e+00 0.000000000000000000e+00 6.908700000000000000e+04
9.946258064394848830e+00 0.000000000000000000e+00 6.776800000000000000e+04
9.958599462316573891e+00 0.000000000000000000e+00 6.583200000000000000e+04
9.970855893410924153e+00 0.000000000000000000e+00 6.328000000000000000e+04
9.983056790183725937e+00 0.000000000000000000e+00 6.172800000000000000e+04
9.995367888381297306e+00 0.000000000000000000e+00 6.055900000000000000e+04
1.000768738160844862e+01 0.000000000000000000e+00 5.830000000000000000e+04
1.001992026626095900e+01 0.000000000000000000e+00 5.640000000000000000e+04
1.003216794116962340e+01 0.000000000000000000e+00 5.504800000000000000e+04
1.004452693104755490e+01 0.000000000000000000e+00 5.377200000000000000e+04
1.005681714461683995e+01 0.000000000000000000e+00 5.126200000000000000e+04
1.006892554656264416e+01 0.000000000000000000e+00 4.921600000000000000e+04
1.008118070553574341e+01 0.000000000000000000e+00 4.914300000000000000e+04
1.009358725292190506e+01 0.000000000000000000e+00 4.714000000000000000e+04
1.010587104414638482e+01 0.000000000000000000e+00 4.522800000000000000e+04
1.011803675936291569e+01 0.000000000000000000e+00 4.344400000000000000e+04
1.013033026673756787e+01 0.000000000000000000e+00 4.296000000000000000e+04
1.014269234577691492e+01 0.000000000000000000e+00 4.097200000000000000e+04
1.015492092078972242e+01 0.000000000000000000e+00 3.934000000000000000e+04
1.016713729606320626e+01 0.000000000000000000e+00 3.819600000000000000e+04
1.017948237709778603e+01 0.000000000000000000e+00 3.715000000000000000e+04
1.019180021159561988e+01 0.000000000000000000e+00 3.541200000000000000e+04
1.020392951519547431e+01 0.000000000000000000e+00 3.359200000000000000e+04
1.021616725130168390e+01 0.000000000000000000e+00 3.342000000000000000e+04
1.022862642492139962e+01 0.000000000000000000e+00 3.200800000000000000e+04
1.024089215827277499e+01 0.000000000000000000e+00 3.006400000000000000e+04
1.025291694566059597e+01 0.000000000000000000e+00 2.863200000000000000e+04
1.026520901902015304e+01 0.000000000000000000e+00 2.878000000000000000e+04
1.027774478013064297e+01 0.000000000000000000e+00 2.730000000000000000e+04
1.028999562177447658e+01 0.000000000000000000e+00 2.534200000000000000e+04
1.030201604229439916e+01 0.000000000000000000e+00 2.437200000000000000e+04
1.031435652991144458e+01 0.000000000000000000e+00 2.419600000000000000e+04
1.032681180668896559e+01 0.000000000000000000e+00 2.267200000000000000e+04
1.033902804527374286e+01 0.000000000000000000e+00 2.136000000000000000e+04
1.035115232939432417e+01 0.000000000000000000e+00 2.046400000000000000e+04
1.036349894605856825e+01 0.000000000000000000e+00 1.990800000000000000e+04
1.037588421463306432e+01 0.000000000000000000e+00 1.872400000000000000e+04
1.038798852119735550e+01 0.000000000000000000e+00 1.733200000000000000e+04
1.040024031861292819e+01 0.000000000000000000e+00 1.728600000000000000e+04
1.041275436944961896e+01 0.000000000000000000e+00 1.613200000000000000e+04
1.042497407594987990e+01 0.000000000000000000e+00 1.490400000000000000e+04
1.043688514148603197e+01 0.000000000000000000e+00 1.390000000000000000e+04
1.044935675725634461e+01 0.000000000000000000e+00 1.434000000000000000e+04
1.046202492686499674e+01 0.000000000000000000e+00 1.269700000000000000e+04
1.047400755602441436e+01 0.000000000000000000e+00 1.157200000000000000e+04
1.048587736115725910e+01 0.000000000000000000e+00 1.116000000000000000e+04
1.049857448827671291e+01 0.000000000000000000e+00 1.133200000000000000e+04
1.051126949813551903e+01 0.000000000000000000e+00 9.726000000000000000e+03
1.052285357494718276e+01 0.000000000000000000e+00 8.536000000000000000e+03
1.053473958593998283e+01 0.000000000000000000e+00 8.904000000000000000e+03
1.054774640839725741e+01 0.000000000000000000e+00 8.596000000000000000e+03
1.056046301500879103e+01 0.000000000000000000e+00 7.261000000000000000e+03
1.057159311026059711e+01 0.000000000000000000e+00 5.988000000000000000e+03
1.058363531105575461e+01 0.000000000000000000e+00 6.928000000000000000e+03
1.059705194212168777e+01 0.000000000000000000e+00 6.276000000000000000e+03
1.060979978027766535e+01 0.000000000000000000e+00 5.122000000000000000e+03
1.062040978823683268e+01 0.000000000000000000e+00 4.020000000000000000e+03
1.063264532034351184e+01 0.000000000000000000e+00 5.029000000000000000e+03
1.064639355798109399e+01 0.000000000000000000e+00 4.324000000000000000e+03
1.065914783282394751e+01 0.000000000000000000e+00 3.336000000000000000e+03
1.066936572292022767e+01 0.000000000000000000e+00 2.620000000000000000e+03
1.068170620224867839e+01 0.000000000000000000e+00 3.252000000000000000e+03
1.069565962972710516e+01 0.000000000000000000e+00 2.773000000000000000e+03
1.070841589004406558e+01 0.000000000000000000e+00 1.894000000000000000e+03
1.071820782228195412e+01 0.000000000000000000e+00 1.608000000000000000e+03
1.073084821288305868e+01 0.000000000000000000e+00 1.852000000000000000e+03
1.074490521681495281e+01 0.000000000000000000e+00 1.524000000000000000e+03
1.075610977084585684e+01 0.000000000000000000e+00 6.970000000000000000e+02
1.076616800791103223e+01 0.000000000000000000e+00 1.044000000000000000e+03
1.078006945972073360e+01 0.000000000000000000e+00 8.440000000000000000e+02
1.079413804415958822e+01 0.000000000000000000e+00 6.280000000000000000e+02
1.080500523918458633e+01 0.000000000000000000e+00 2.430000000000000000e+02
1.081522875784597382e+01 0.000000000000000000e+00 3.640000000000000000e+02
1.082926319626019129e+01 0.000000000000000000e+00 2.280000000000000000e+02
1.084324087403835257e+01 0.000000000000000000e+00 1.240000000000000000e+02
1.085447911459942816e+01 0.000000000000000000e+00 3.300000000000000000e+01
1.086383146309143832e+01 0.000000000000000000e+00 2.800000000000000000e+01
1.087748578188118032e+01 0.000000000000000000e+00 4.000000000000000000e+00
