5.4459000000e-06	8.7847239412e-01
5.6305000000e-06	8.7847239371e-01
5.8214000000e-06	8.7847239325e-01
6.0187000000e-06	8.7847239279e-01
6.2227000000e-06	8.7847239232e-01
6.4336000000e-06	8.7847239180e-01
6.6517000000e-06	8.7847239127e-01
6.8771000000e-06	8.7847239065e-01
7.1102000000e-06	8.7847239004e-01
7.3512000000e-06	8.7847238940e-01
7.6004000000e-06	8.7847238868e-01
7.8580000000e-06	8.7847238788e-01
8.1244000000e-06	8.7847238706e-01
8.3998000000e-06	8.7847238578e-01
8.6845000000e-06	8.7847238481e-01
8.9788000000e-06	8.7847238418e-01
9.2832000000e-06	8.7847238229e-01
9.5978000000e-06	8.7847242814e-01
9.9231000000e-06	8.7847242649e-01
1.0259000000e-05	8.7847242519e-01
1.0607000000e-05	8.7847242376e-01
1.0967000000e-05	8.7847242051e-01
1.1338000000e-05	8.7847241898e-01
1.1723000000e-05	8.7847241730e-01
1.2120000000e-05	8.7847241505e-01
1.2531000000e-05	8.7847236994e-01
1.2956000000e-05	8.7847236779e-01
1.3395000000e-05	8.7847236559e-01
1.3849000000e-05	8.7847236279e-01
1.4318000000e-05	8.7847235983e-01
1.4804000000e-05	8.7847235749e-01
1.5305000000e-05	8.7847235407e-01
1.5824000000e-05	8.7847239798e-01
1.6360000000e-05	8.7847239246e-01
1.6915000000e-05	8.7847238858e-01
1.7488000000e-05	8.7847234120e-01
1.8081000000e-05	8.7847233706e-01
1.8694000000e-05	8.7847233279e-01
1.9328000000e-05	8.7847232807e-01
1.9983000000e-05	8.7847232222e-01
2.0660000000e-05	8.7847236137e-01
2.1360000000e-05	8.7847231175e-01
2.2084000000e-05	8.7847230485e-01
2.2833000000e-05	8.7847229958e-01
2.3607000000e-05	8.7847169714e-01
2.4407000000e-05	8.7847169071e-01
2.5234000000e-05	8.7847168232e-01
2.6090000000e-05	8.7847231167e-01
2.6974000000e-05	8.7847234662e-01
2.7888000000e-05	8.7847229339e-01
2.8833000000e-05	8.7847224988e-01
2.9811000000e-05	8.7847223898e-01
3.0821000000e-05	8.7847222672e-01
3.1866000000e-05	8.7847224883e-01
3.2946000000e-05	8.7847223619e-01
3.4063000000e-05	8.7847222160e-01
3.5217000000e-05	8.7847220710e-01
3.6411000000e-05	8.7847214437e-01
3.7645000000e-05	8.7847217294e-01
3.8921000000e-05	8.7847278874e-01
4.0240000000e-05	8.7847272421e-01
4.1604000000e-05	8.7847274664e-01
4.3014000000e-05	8.7847204406e-01
4.4472000000e-05	8.7847201979e-01
4.5980000000e-05	8.7847194815e-01
4.7538000000e-05	8.7847192082e-01
4.9150000000e-05	8.7847189120e-01
5.0816000000e-05	8.7847190548e-01
5.2538000000e-05	8.7847186988e-01
5.4319000000e-05	8.7847119424e-01
5.6160000000e-05	8.7847115352e-01
5.8063000000e-05	8.7847108248e-01
6.0032000000e-05	8.7847167236e-01
6.2066000000e-05	8.7847166098e-01
6.4170000000e-05	8.7847219830e-01
6.6345000000e-05	8.7847214318e-01
6.8594000000e-05	8.7847140738e-01
7.0919000000e-05	8.7847134509e-01
7.3323000000e-05	8.7847073061e-01
7.5808000000e-05	8.7847057963e-01
7.8377000000e-05	8.7847114177e-01
8.1034000000e-05	8.7847172861e-01
8.3781000000e-05	8.7847164204e-01
8.6621000000e-05	8.7847023125e-01
8.9557000000e-05	8.7847009899e-01
9.2592000000e-05	8.7846999139e-01
9.5730000000e-05	8.7847115217e-01
9.8975000000e-05	8.7847046784e-01
1.0233000000e-04	8.7846958570e-01
1.0580000000e-04	8.7847008056e-01
1.0938000000e-04	8.7846997395e-01
1.1309000000e-04	8.7846977379e-01
1.1693000000e-04	8.7846956249e-01
1.2089000000e-04	8.7846942159e-01
1.2499000000e-04	8.7846918525e-01
1.2922000000e-04	8.7846829773e-01
1.3360000000e-04	8.7846875962e-01
1.3813000000e-04	8.7846784293e-01
1.4281000000e-04	8.7846814781e-01
1.4765000000e-04	8.7846724244e-01
1.5266000000e-04	8.7846762066e-01
1.5783000000e-04	8.7846655682e-01
1.6318000000e-04	8.7846690800e-01
1.6871000000e-04	8.7846651114e-01
1.7443000000e-04	8.7846613603e-01
1.8034000000e-04	8.7846568579e-01
1.8646000000e-04	8.7846520975e-01
1.9278000000e-04	8.7846475331e-01
1.9931000000e-04	8.7846413934e-01
2.0607000000e-04	8.7846358419e-01
2.1305000000e-04	8.7846301796e-01
2.2027000000e-04	8.7846173297e-01
2.2774000000e-04	8.7846161016e-01
2.3546000000e-04	8.7846092332e-01
2.4344000000e-04	8.7846007372e-01
2.5169000000e-04	8.7845988884e-01
2.6022000000e-04	8.7845772472e-01
2.6904000000e-04	8.7845739277e-01
2.7816000000e-04	8.7845636126e-01
2.8759000000e-04	8.7845530222e-01
2.9734000000e-04	8.7845408214e-01
3.0742000000e-04	8.7845284421e-01
3.1784000000e-04	8.7845215324e-01
3.2861000000e-04	8.7844943312e-01
3.3975000000e-04	8.7844916231e-01
3.5126000000e-04	8.7844697150e-01
3.6317000000e-04	8.7844518950e-01
3.7548000000e-04	8.7844266453e-01
3.8821000000e-04	8.7844066352e-01
4.0136000000e-04	8.7843917132e-01
4.1497000000e-04	8.7843750355e-01
4.2903000000e-04	8.7843446026e-01
4.4358000000e-04	8.7843189936e-01
4.5861000000e-04	8.7842909721e-01
4.7416000000e-04	8.7842616598e-01
4.9023000000e-04	8.7842241465e-01
5.0684000000e-04	8.7841906826e-01
5.2402000000e-04	8.7841607420e-01
5.4179000000e-04	8.7841225271e-01
5.6015000000e-04	8.7840752615e-01
5.7914000000e-04	8.7840326300e-01
5.9877000000e-04	8.7839925417e-01
6.1906000000e-04	8.7839428782e-01
6.4004000000e-04	8.7838964485e-01
6.6174000000e-04	8.7838345938e-01
6.8417000000e-04	8.7837681417e-01
7.0736000000e-04	8.7837049144e-01
7.3133000000e-04	8.7836370327e-01
7.5612000000e-04	8.7835706571e-01
7.8175000000e-04	8.7834873436e-01
8.0825000000e-04	8.7834125464e-01
8.3564000000e-04	8.7833194929e-01
8.6397000000e-04	8.7832261286e-01
8.9325000000e-04	8.7831286347e-01
9.2353000000e-04	8.7830242631e-01
9.5483000000e-04	8.7829131431e-01
9.8720000000e-04	8.7827957996e-01
1.0207000000e-03	8.7826705271e-01
1.0553000000e-03	8.7825384756e-01
1.0910000000e-03	8.7824038095e-01
1.1280000000e-03	8.7822498768e-01
1.1662000000e-03	8.7820916327e-01
1.2058000000e-03	8.7819249711e-01
1.2466000000e-03	8.7817493672e-01
1.2889000000e-03	8.7815634937e-01
1.3326000000e-03	8.7813667964e-01
1.3777000000e-03	8.7811606051e-01
1.4244000000e-03	8.7809421748e-01
1.4727000000e-03	8.7807122616e-01
1.5226000000e-03	8.7804712923e-01
1.5743000000e-03	8.7802110430e-01
1.6276000000e-03	8.7799514792e-01
1.6828000000e-03	8.7796663340e-01
1.7398000000e-03	8.7793751664e-01
1.7988000000e-03	8.7790703676e-01
1.8598000000e-03	8.7787530033e-01
1.9228000000e-03	8.7784222488e-01
1.9880000000e-03	8.7780782803e-01
2.0554000000e-03	8.7777151666e-01
2.1250000000e-03	8.7773460711e-01
2.1970000000e-03	8.7769653683e-01
2.2715000000e-03	8.7765712008e-01
2.3485000000e-03	8.7761666446e-01
2.4281000000e-03	8.7757457111e-01
2.5104000000e-03	8.7753213132e-01
2.5955000000e-03	8.7748816466e-01
2.6835000000e-03	8.7744470299e-01
2.7744000000e-03	8.7739947044e-01
2.8685000000e-03	8.7735427489e-01
2.9657000000e-03	8.7730809455e-01
3.0662000000e-03	8.7726173167e-01
3.1702000000e-03	8.7721650180e-01
3.2776000000e-03	8.7717011459e-01
3.3887000000e-03	8.7712395872e-01
3.5036000000e-03	8.7707870917e-01
3.6223000000e-03	8.7703392816e-01
3.7451000000e-03	8.7698894162e-01
3.8720000000e-03	8.7694515700e-01
4.0033000000e-03	8.7690119959e-01
4.1390000000e-03	8.7685834930e-01
4.2793000000e-03	8.7681515546e-01
4.4243000000e-03	8.7677216799e-01
4.5743000000e-03	8.7672907336e-01
4.7293000000e-03	8.7668492426e-01
4.8896000000e-03	8.7664206671e-01
5.0554000000e-03	8.7659672871e-01
5.2267000000e-03	8.7654992139e-01
5.4039000000e-03	8.7650046187e-01
5.5870000000e-03	8.7644931149e-01
5.7764000000e-03	8.7639476954e-01
5.9722000000e-03	8.7633790921e-01
6.1746000000e-03	8.7627783576e-01
6.3839000000e-03	8.7621384955e-01
6.6003000000e-03	8.7614799790e-01
6.8240000000e-03	8.7607716753e-01
7.0553000000e-03	8.7600441764e-01
7.2945000000e-03	8.7593092535e-01
7.5417000000e-03	8.7585449461e-01
7.7973000000e-03	8.7577630902e-01
8.0616000000e-03	8.7569909836e-01
8.3349000000e-03	8.7562106494e-01
8.6174000000e-03	8.7554183978e-01
8.9095000000e-03	8.7546425475e-01
9.2115000000e-03	8.7538633850e-01
9.5237000000e-03	8.7530926757e-01
9.8465000000e-03	8.7523123477e-01
1.0180000000e-02	8.7515307982e-01
1.0525000000e-02	8.7507378825e-01
1.0882000000e-02	8.7499496145e-01
1.1251000000e-02	8.7491609634e-01
1.1632000000e-02	8.7483674746e-01
1.2027000000e-02	8.7475827564e-01
1.2434000000e-02	8.7467943001e-01
1.2856000000e-02	8.7459847869e-01
1.3291000000e-02	8.7451928896e-01
1.3742000000e-02	8.7443677406e-01
1.4208000000e-02	8.7435307655e-01
1.4689000000e-02	8.7426581778e-01
1.5187000000e-02	8.7417868240e-01
1.5702000000e-02	8.7409076394e-01
1.6234000000e-02	8.7400114830e-01
1.6784000000e-02	8.7391107368e-01
1.7353000000e-02	8.7382317160e-01
1.7941000000e-02	8.7373453900e-01
1.8550000000e-02	8.7364652485e-01
1.9178000000e-02	8.7355742111e-01
1.9828000000e-02	8.7346673768e-01
2.0500000000e-02	8.7337626577e-01
2.1195000000e-02	8.7328421684e-01
2.1914000000e-02	8.7318927924e-01
2.2657000000e-02	8.7309312449e-01
2.3424000000e-02	8.7299743701e-01
2.4218000000e-02	8.7290143791e-01
2.5039000000e-02	8.7280538849e-01
2.5888000000e-02	8.7271104182e-01
2.6766000000e-02	8.7261479091e-01
2.7673000000e-02	8.7251928465e-01
2.8611000000e-02	8.7242341288e-01
2.9580000000e-02	8.7232759362e-01
3.0583000000e-02	8.7223281784e-01
3.1620000000e-02	8.7214067342e-01
3.2691000000e-02	8.7205204180e-01
3.3800000000e-02	8.7196660503e-01
3.4945000000e-02	8.7188471796e-01
3.6130000000e-02	8.7180709113e-01
3.7354000000e-02	8.7173525206e-01
3.8620000000e-02	8.7167110101e-01
3.9929000000e-02	8.7161572975e-01
4.1283000000e-02	8.7156994507e-01
4.2682000000e-02	8.7153323980e-01
4.4129000000e-02	8.7150793333e-01
4.5625000000e-02	8.7149500755e-01
4.7171000000e-02	8.7149532243e-01
4.8770000000e-02	8.7150790301e-01
5.0423000000e-02	8.7153163957e-01
5.2132000000e-02	8.7156686580e-01
5.3899000000e-02	8.7161220120e-01
5.5726000000e-02	8.7166524305e-01
5.7615000000e-02	8.7172205948e-01
5.9568000000e-02	8.7178142385e-01
6.1587000000e-02	8.7183892128e-01
6.3674000000e-02	8.7189046873e-01
6.5833000000e-02	8.7193268187e-01
6.8064000000e-02	8.7196275186e-01
7.0371000000e-02	8.7197561808e-01
7.2756000000e-02	8.7196924653e-01
7.5222000000e-02	8.7194251874e-01
7.7772000000e-02	8.7189295403e-01
8.0408000000e-02	8.7182271905e-01
8.3134000000e-02	8.7173309582e-01
8.5951000000e-02	8.7162860386e-01
8.8865000000e-02	8.7151574978e-01
9.1877000000e-02	8.7140246018e-01
9.4991000000e-02	8.7130015564e-01
9.8211000000e-02	8.7121979381e-01
1.0154000000e-01	8.7117103715e-01
1.0498000000e-01	8.7116174392e-01
1.0854000000e-01	8.7119664207e-01
1.1222000000e-01	8.7127005385e-01
1.1602000000e-01	8.7137266004e-01
1.1995000000e-01	8.7148866499e-01
1.2402000000e-01	8.7159818215e-01
1.2822000000e-01	8.7168338949e-01
1.3257000000e-01	8.7172746880e-01
1.3706000000e-01	8.7172029630e-01
1.4171000000e-01	8.7166252739e-01
1.4651000000e-01	8.7156022624e-01
1.5148000000e-01	8.7143533813e-01
1.5661000000e-01	8.7131549626e-01
1.6192000000e-01	8.7122971292e-01
1.6741000000e-01	8.7120498819e-01
1.7308000000e-01	8.7124630595e-01
1.7895000000e-01	8.7134249707e-01
1.8502000000e-01	8.7145821936e-01
1.9129000000e-01	8.7155195817e-01
1.9777000000e-01	8.7159339538e-01
2.0448000000e-01	8.7156535523e-01
2.1141000000e-01	8.7148265672e-01
2.1857000000e-01	8.7137955707e-01
2.2598000000e-01	8.7130377511e-01
2.3364000000e-01	8.7128940597e-01
2.4156000000e-01	8.7134164214e-01
2.4975000000e-01	8.7142512985e-01
2.5821000000e-01	8.7148896102e-01
2.6696000000e-01	8.7149661714e-01
2.7601000000e-01	8.7144852624e-01
2.8537000000e-01	8.7138135978e-01
2.9504000000e-01	8.7134436576e-01
3.0504000000e-01	8.7136159146e-01
3.1538000000e-01	8.7141108546e-01
3.2607000000e-01	8.7144599412e-01
3.3712000000e-01	8.7143792364e-01
3.4855000000e-01	8.7140055626e-01
3.6036000000e-01	8.7137507597e-01
3.7258000000e-01	8.7138525130e-01
3.8521000000e-01	8.7141184343e-01
3.9826000000e-01	8.7142072284e-01
4.1176000000e-01	8.7140533748e-01
4.2572000000e-01	8.7138999224e-01
4.4015000000e-01	8.7139384079e-01
4.5507000000e-01	8.7140644783e-01
4.7049000000e-01	8.7140668216e-01
4.8644000000e-01	8.7139739996e-01
5.0293000000e-01	8.7139589315e-01
5.1998000000e-01	8.7140161862e-01
5.3760000000e-01	8.7140202155e-01
5.5582000000e-01	8.7139765440e-01
5.7466000000e-01	8.7139796954e-01
5.9414000000e-01	8.7139986001e-01
6.1428000000e-01	8.7139806938e-01
6.3510000000e-01	8.7139777595e-01
6.5663000000e-01	8.7139878874e-01
6.7888000000e-01	8.7139856034e-01
7.0189000000e-01	8.7139723931e-01
7.2568000000e-01	8.7139760513e-01
7.5028000000e-01	8.7139767819e-01
7.7571000000e-01	8.7139809664e-01
8.0201000000e-01	8.7139788689e-01
8.2919000000e-01	8.7139793326e-01
8.5729000000e-01	8.7139735469e-01
8.8635000000e-01	8.7139723635e-01
9.1640000000e-01	8.7139816508e-01
9.4746000000e-01	8.7139759619e-01
9.7957000000e-01	8.7139728557e-01
1.0128000000e+00	8.7139722425e-01
1.0471000000e+00	8.7139729940e-01
1.0826000000e+00	8.7139719132e-01
1.1193000000e+00	8.7139725636e-01
1.1572000000e+00	8.7139719918e-01
1.1965000000e+00	8.7139726357e-01
1.2370000000e+00	8.7139730600e-01
1.2789000000e+00	8.7139727512e-01
1.3223000000e+00	8.7139710220e-01
1.3671000000e+00	8.7139715629e-01
1.4134000000e+00	8.7139703102e-01
1.4613000000e+00	8.7139705767e-01
1.5109000000e+00	8.7139705018e-01
1.5621000000e+00	8.7139742438e-01
1.6150000000e+00	8.7139691138e-01
1.6698000000e+00	8.7139727690e-01
1.7264000000e+00	8.7139744201e-01
1.7849000000e+00	8.7139702396e-01
1.8454000000e+00	8.7139720157e-01
1.9079000000e+00	8.7139737862e-01
1.9726000000e+00	8.7139720570e-01
2.0395000000e+00	8.7139718158e-01
2.1086000000e+00	8.7139659944e-01
2.1801000000e+00	8.7139710175e-01
2.2540000000e+00	8.7139685113e-01
2.3304000000e+00	8.7139734551e-01
2.4094000000e+00	8.7139753295e-01
2.4910000000e+00	8.7139774868e-01
2.5755000000e+00	8.7139700931e-01
2.6628000000e+00	8.7139748159e-01
2.7530000000e+00	8.7139676358e-01
2.8463000000e+00	8.7139731543e-01
2.9428000000e+00	8.7139706981e-01
3.0425000000e+00	8.7139750187e-01
3.1457000000e+00	8.7139748700e-01
3.2523000000e+00	8.7139712539e-01
3.3625000000e+00	8.7139696511e-01
3.4765000000e+00	8.7139724250e-01
3.5943000000e+00	8.7139654413e-01
3.7162000000e+00	8.7139696654e-01
3.8421000000e+00	8.7139715434e-01
3.9724000000e+00	8.7139703093e-01
4.1070000000e+00	8.7139708749e-01
4.2462000000e+00	8.7139720852e-01
4.3901000000e+00	8.7139715142e-01
4.5389000000e+00	8.7139734995e-01
4.6928000000e+00	8.7139710835e-01
4.8518000000e+00	8.7139706436e-01
5.0163000000e+00	8.7139716060e-01
5.1863000000e+00	8.7139719949e-01
5.3621000000e+00	8.7139712631e-01
5.5439000000e+00	8.7139688325e-01
5.7318000000e+00	8.7139686523e-01
5.9261000000e+00	8.7139710531e-01
6.1269000000e+00	8.7139700623e-01
6.3346000000e+00	8.7139708063e-01
6.5493000000e+00	8.7139698014e-01
6.7713000000e+00	8.7139701497e-01
7.0008000000e+00	8.7139709893e-01
7.2381000000e+00	8.7139689384e-01
7.4834000000e+00	8.7139731350e-01
7.7371000000e+00	8.7139663102e-01
7.9994000000e+00	8.7139738710e-01
8.2705000000e+00	8.7139678396e-01
8.5508000000e+00	8.7139684466e-01
8.8406000000e+00	8.7139713010e-01
9.1403000000e+00	8.7139657597e-01
9.4501000000e+00	8.7139667736e-01
9.7704000000e+00	8.7139695073e-01
1.0102000000e+01	8.7139617298e-01
1.0444000000e+01	8.7139603710e-01
1.0798000000e+01	8.7139647538e-01
1.1164000000e+01	8.7139709646e-01
1.1542000000e+01	8.7139633241e-01
1.1934000000e+01	8.7139603016e-01
1.2338000000e+01	8.7139599821e-01
1.2756000000e+01	8.7139656550e-01
1.3189000000e+01	8.7139516259e-01
1.3636000000e+01	8.7139591871e-01
1.4098000000e+01	8.7139508309e-01
1.4576000000e+01	8.7139532578e-01
1.5070000000e+01	8.7139522114e-01
1.5581000000e+01	8.7139518744e-01
1.6109000000e+01	8.7139488556e-01
1.6655000000e+01	8.7139484679e-01
1.7219000000e+01	8.7139457149e-01
1.7803000000e+01	8.7139415726e-01
1.8406000000e+01	8.7139410490e-01
1.9030000000e+01	8.7139379648e-01
1.9675000000e+01	8.7139361932e-01
2.0342000000e+01	8.7139330313e-01
2.1032000000e+01	8.7139324229e-01
2.1744000000e+01	8.7139296032e-01
2.2482000000e+01	8.7139234039e-01
2.3244000000e+01	8.7139183342e-01
2.4031000000e+01	8.7139147216e-01
2.4846000000e+01	8.7139122509e-01
2.5688000000e+01	8.7139069599e-01
2.6559000000e+01	8.7139014959e-01
2.7459000000e+01	8.7138960885e-01
2.8390000000e+01	8.7138853749e-01
2.9352000000e+01	8.7138901254e-01
3.0347000000e+01	8.7138853917e-01
3.1375000000e+01	8.7138676982e-01
3.2439000000e+01	8.7138622059e-01
3.3538000000e+01	8.7138579726e-01
3.4675000000e+01	8.7138495075e-01
3.5851000000e+01	8.7138488357e-01
3.7066000000e+01	8.7138353433e-01
3.8322000000e+01	8.7138224548e-01
3.9621000000e+01	8.7138083539e-01
4.0964000000e+01	8.7137993814e-01
4.2352000000e+01	8.7137785989e-01
4.3788000000e+01	8.7137654762e-01
4.5272000000e+01	8.7137547250e-01
4.6807000000e+01	8.7137392656e-01
4.8393000000e+01	8.7137184062e-01
5.0034000000e+01	8.7137073933e-01
