5.4459000000e-06	7.6393719843e-01
5.6305000000e-06	7.6393719838e-01
5.8214000000e-06	7.6393719834e-01
6.0187000000e-06	7.6393719829e-01
6.2227000000e-06	7.6393719824e-01
6.4336000000e-06	7.6393719818e-01
6.6517000000e-06	7.6393719812e-01
6.8771000000e-06	7.6393719806e-01
7.1102000000e-06	7.6393719799e-01
7.3512000000e-06	7.6393719792e-01
7.6004000000e-06	7.6393719784e-01
7.8580000000e-06	7.6393719776e-01
8.1244000000e-06	7.6393719767e-01
8.3998000000e-06	7.6393719758e-01
8.6845000000e-06	7.6393719748e-01
8.9788000000e-06	7.6393719737e-01
9.2832000000e-06	7.6393719725e-01
9.5978000000e-06	7.6393719709e-01
9.9231000000e-06	7.6393719695e-01
1.0259000000e-05	7.6393719681e-01
1.0607000000e-05	7.6393719666e-01
1.0967000000e-05	7.6393719651e-01
1.1338000000e-05	7.6393719633e-01
1.1723000000e-05	7.6393719615e-01
1.2120000000e-05	7.6393719595e-01
1.2531000000e-05	7.6393719578e-01
1.2956000000e-05	7.6393719556e-01
1.3395000000e-05	7.6393719532e-01
1.3849000000e-05	7.6393719506e-01
1.4318000000e-05	7.6393719479e-01
1.4804000000e-05	7.6393719449e-01
1.5305000000e-05	7.6393719418e-01
1.5824000000e-05	7.6393719380e-01
1.6360000000e-05	7.6393719345e-01
1.6915000000e-05	7.6393719306e-01
1.7488000000e-05	7.6393719270e-01
1.8081000000e-05	7.6393719226e-01
1.8694000000e-05	7.6393719179e-01
1.9328000000e-05	7.6393719129e-01
1.9983000000e-05	7.6393719076e-01
2.0660000000e-05	7.6393719015e-01
2.1360000000e-05	7.6393718958e-01
2.2084000000e-05	7.6393718892e-01
2.2833000000e-05	7.6393718822e-01
2.3607000000e-05	7.6393718711e-01
2.4407000000e-05	7.6393718631e-01
2.5234000000e-05	7.6393718546e-01
2.6090000000e-05	7.6393718254e-01
2.6974000000e-05	7.6393718153e-01
2.7888000000e-05	7.6393718053e-01
2.8833000000e-05	7.6393717941e-01
2.9811000000e-05	7.6393717823e-01
3.0821000000e-05	7.6393717696e-01
3.1866000000e-05	7.6393717559e-01
3.2946000000e-05	7.6393717414e-01
3.4063000000e-05	7.6393717259e-01
3.5217000000e-05	7.6393717092e-01
3.6411000000e-05	7.6393716920e-01
3.7645000000e-05	7.6393716726e-01
3.8921000000e-05	7.6393716562e-01
4.0240000000e-05	7.6393716350e-01
4.1604000000e-05	7.6393716114e-01
4.3014000000e-05	7.6393716081e-01
4.4472000000e-05	7.6393715816e-01
4.5980000000e-05	7.6393715537e-01
4.7538000000e-05	7.6393715235e-01
4.9150000000e-05	7.6393714912e-01
5.0816000000e-05	7.6393714562e-01
5.2538000000e-05	7.6393714193e-01
5.4319000000e-05	7.6393713765e-01
5.6160000000e-05	7.6393713344e-01
5.8063000000e-05	7.6393712892e-01
6.0032000000e-05	7.6393712209e-01
6.2066000000e-05	7.6393711694e-01
6.4170000000e-05	7.6393711186e-01
6.6345000000e-05	7.6393710598e-01
6.8594000000e-05	7.6393710182e-01
7.0919000000e-05	7.6393709509e-01
7.3323000000e-05	7.6393708748e-01
7.5808000000e-05	7.6393707985e-01
7.8377000000e-05	7.6393706962e-01
8.1034000000e-05	7.6393706123e-01
8.3781000000e-05	7.6393705184e-01
8.6621000000e-05	7.6393704361e-01
8.9557000000e-05	7.6393703289e-01
9.2592000000e-05	7.6393702143e-01
9.5730000000e-05	7.6393700755e-01
9.8975000000e-05	7.6393699408e-01
1.0233000000e-04	7.6393698226e-01
1.0580000000e-04	7.6393696768e-01
1.0938000000e-04	7.6393694933e-01
1.1309000000e-04	7.6393693226e-01
1.1693000000e-04	7.6393691648e-01
1.2089000000e-04	7.6393689458e-01
1.2499000000e-04	7.6393687373e-01
1.2922000000e-04	7.6393685365e-01
1.3360000000e-04	7.6393682774e-01
1.3813000000e-04	7.6393680443e-01
1.4281000000e-04	7.6393677523e-01
1.4765000000e-04	7.6393674826e-01
1.5266000000e-04	7.6393671515e-01
1.5783000000e-04	7.6393668408e-01
1.6318000000e-04	7.6393664652e-01
1.6871000000e-04	7.6393660871e-01
1.7443000000e-04	7.6393656822e-01
1.8034000000e-04	7.6393652492e-01
1.8646000000e-04	7.6393647866e-01
1.9278000000e-04	7.6393642919e-01
1.9931000000e-04	7.6393637646e-01
2.0607000000e-04	7.6393631991e-01
2.1305000000e-04	7.6393625958e-01
2.2027000000e-04	7.6393619475e-01
2.2774000000e-04	7.6393612620e-01
2.3546000000e-04	7.6393605008e-01
2.4344000000e-04	7.6393597384e-01
2.5169000000e-04	7.6393588769e-01
2.6022000000e-04	7.6393579952e-01
2.6904000000e-04	7.6393570138e-01
2.7816000000e-04	7.6393559879e-01
2.8759000000e-04	7.6393548904e-01
2.9734000000e-04	7.6393537186e-01
3.0742000000e-04	7.6393524659e-01
3.1784000000e-04	7.6393511076e-01
3.2861000000e-04	7.6393496952e-01
3.3975000000e-04	7.6393481511e-01
3.5126000000e-04	7.6393465160e-01
3.6317000000e-04	7.6393447728e-01
3.7548000000e-04	7.6393429067e-01
3.8821000000e-04	7.6393409171e-01
4.0136000000e-04	7.6393387731e-01
4.1497000000e-04	7.6393365061e-01
4.2903000000e-04	7.6393340791e-01
4.4358000000e-04	7.6393314883e-01
4.5861000000e-04	7.6393287250e-01
4.7416000000e-04	7.6393257469e-01
4.9023000000e-04	7.6393225894e-01
5.0684000000e-04	7.6393192235e-01
5.2402000000e-04	7.6393156089e-01
5.4179000000e-04	7.6393117694e-01
5.6015000000e-04	7.6393076694e-01
5.7914000000e-04	7.6393032698e-01
5.9877000000e-04	7.6392985814e-01
6.1906000000e-04	7.6392936024e-01
6.4004000000e-04	7.6392882676e-01
6.6174000000e-04	7.6392825901e-01
6.8417000000e-04	7.6392765365e-01
7.0736000000e-04	7.6392700570e-01
7.3133000000e-04	7.6392631510e-01
7.5612000000e-04	7.6392557905e-01
7.8175000000e-04	7.6392479594e-01
8.0825000000e-04	7.6392395679e-01
8.3564000000e-04	7.6392306723e-01
8.6397000000e-04	7.6392211706e-01
8.9325000000e-04	7.6392110478e-01
9.2353000000e-04	7.6392002644e-01
9.5483000000e-04	7.6391887858e-01
9.8720000000e-04	7.6391765333e-01
1.0207000000e-03	7.6391635067e-01
1.0553000000e-03	7.6391496586e-01
1.0910000000e-03	7.6391349381e-01
1.1280000000e-03	7.6391192314e-01
1.1662000000e-03	7.6391025928e-01
1.2058000000e-03	7.6390848290e-01
1.2466000000e-03	7.6390660208e-01
1.2889000000e-03	7.6390459858e-01
1.3326000000e-03	7.6390247330e-01
1.3777000000e-03	7.6390021860e-01
1.4244000000e-03	7.6389782278e-01
1.4727000000e-03	7.6389528360e-01
1.5226000000e-03	7.6389259052e-01
1.5743000000e-03	7.6388972978e-01
1.6276000000e-03	7.6388670626e-01
1.6828000000e-03	7.6388350075e-01
1.7398000000e-03	7.6388011002e-01
1.7988000000e-03	7.6387651810e-01
1.8598000000e-03	7.6387271829e-01
1.9228000000e-03	7.6386870348e-01
1.9880000000e-03	7.6386445611e-01
2.0554000000e-03	7.6385996878e-01
2.1250000000e-03	7.6385523632e-01
2.1970000000e-03	7.6385023401e-01
2.2715000000e-03	7.6384494964e-01
2.3485000000e-03	7.6383937222e-01
2.4281000000e-03	7.6383348729e-01
2.5104000000e-03	7.6382727608e-01
2.5955000000e-03	7.6382072488e-01
2.6835000000e-03	7.6381380752e-01
2.7744000000e-03	7.6380651377e-01
2.8685000000e-03	7.6379880388e-01
2.9657000000e-03	7.6379067226e-01
3.0662000000e-03	7.6378208430e-01
3.1702000000e-03	7.6377299536e-01
3.2776000000e-03	7.6376340199e-01
3.3887000000e-03	7.6375325057e-01
3.5036000000e-03	7.6374250184e-01
3.6223000000e-03	7.6373112974e-01
3.7451000000e-03	7.6371907783e-01
3.8720000000e-03	7.6370631354e-01
4.0033000000e-03	7.6369277241e-01
4.1390000000e-03	7.6367842857e-01
4.2793000000e-03	7.6366322900e-01
4.4243000000e-03	7.6364713677e-01
4.5743000000e-03	7.6363009712e-01
4.7293000000e-03	7.6361209367e-01
4.8896000000e-03	7.6359308532e-01
5.0554000000e-03	7.6357304880e-01
5.2267000000e-03	7.6355200113e-01
5.4039000000e-03	7.6352991930e-01
5.5870000000e-03	7.6350683416e-01
5.7764000000e-03	7.6348275112e-01
5.9722000000e-03	7.6345770918e-01
6.1746000000e-03	7.6343174724e-01
6.3839000000e-03	7.6340488463e-01
6.6003000000e-03	7.6337715557e-01
6.8240000000e-03	7.6334857529e-01
7.0553000000e-03	7.6331913223e-01
7.2945000000e-03	7.6328878444e-01
7.5417000000e-03	7.6325750521e-01
7.7973000000e-03	7.6322519723e-01
8.0616000000e-03	7.6319176470e-01
8.3349000000e-03	7.6315710156e-01
8.6174000000e-03	7.6312113376e-01
8.9095000000e-03	7.6308377442e-01
9.2115000000e-03	7.6304498800e-01
9.5237000000e-03	7.6300477333e-01
9.8465000000e-03	7.6296314310e-01
1.0180000000e-02	7.6292015886e-01
1.0525000000e-02	7.6287578113e-01
1.0882000000e-02	7.6282996739e-01
1.1251000000e-02	7.6278269267e-01
1.1632000000e-02	7.6273391175e-01
1.2027000000e-02	7.6268333156e-01
1.2434000000e-02	7.6263124926e-01
1.2856000000e-02	7.6257746467e-01
1.3291000000e-02	7.6252256293e-01
1.3742000000e-02	7.6246662787e-01
1.4208000000e-02	7.6241022362e-01
1.4689000000e-02	7.6235363669e-01
1.5187000000e-02	7.6229664988e-01
1.5702000000e-02	7.6223900874e-01
1.6234000000e-02	7.6218033436e-01
1.6784000000e-02	7.6212021595e-01
1.7353000000e-02	7.6205849361e-01
1.7941000000e-02	7.6199536954e-01
1.8550000000e-02	7.6193089532e-01
1.9178000000e-02	7.6186549729e-01
1.9828000000e-02	7.6179908519e-01
2.0500000000e-02	7.6173215083e-01
2.1195000000e-02	7.6166542830e-01
2.1914000000e-02	7.6159957749e-01
2.2657000000e-02	7.6153456998e-01
2.3424000000e-02	7.6146941228e-01
2.4218000000e-02	7.6140272198e-01
2.5039000000e-02	7.6133432443e-01
2.5888000000e-02	7.6126506265e-01
2.6766000000e-02	7.6119599385e-01
2.7673000000e-02	7.6112783761e-01
2.8611000000e-02	7.6106109163e-01
2.9580000000e-02	7.6099605434e-01
3.0583000000e-02	7.6093134172e-01
3.1620000000e-02	7.6086502176e-01
3.2691000000e-02	7.6079730717e-01
3.3800000000e-02	7.6073051340e-01
3.4945000000e-02	7.6066637450e-01
3.6130000000e-02	7.6060432602e-01
3.7354000000e-02	7.6054323093e-01
3.8620000000e-02	7.6048088092e-01
3.9929000000e-02	7.6041736223e-01
4.1283000000e-02	7.6035646476e-01
4.2682000000e-02	7.6029927078e-01
4.4129000000e-02	7.6024285062e-01
4.5625000000e-02	7.6018516307e-01
4.7171000000e-02	7.6012722274e-01
4.8770000000e-02	7.6007343097e-01
5.0423000000e-02	7.6002247081e-01
5.2132000000e-02	7.5996991633e-01
5.3899000000e-02	7.5991716101e-01
5.5726000000e-02	7.5986876684e-01
5.7615000000e-02	7.5982271830e-01
5.9568000000e-02	7.5977424671e-01
6.1587000000e-02	7.5972812265e-01
6.3674000000e-02	7.5968656281e-01
6.5833000000e-02	7.5964299305e-01
6.8064000000e-02	7.5960053321e-01
7.0371000000e-02	7.5956296451e-01
7.2756000000e-02	7.5952323607e-01
7.5222000000e-02	7.5948561926e-01
7.7772000000e-02	7.5945170298e-01
8.0408000000e-02	7.5941503636e-01
8.3134000000e-02	7.5938347636e-01
8.5951000000e-02	7.5935096864e-01
8.8865000000e-02	7.5932010867e-01
9.1877000000e-02	7.5929149608e-01
9.4991000000e-02	7.5926204993e-01
9.8211000000e-02	7.5923639834e-01
1.0154000000e-01	7.5920917027e-01
1.0498000000e-01	7.5918571307e-01
1.0854000000e-01	7.5916106232e-01
1.1222000000e-01	7.5913896798e-01
1.1602000000e-01	7.5911751370e-01
1.1995000000e-01	7.5909605550e-01
1.2402000000e-01	7.5907773056e-01
1.2822000000e-01	7.5905784216e-01
1.3257000000e-01	7.5904033475e-01
1.3706000000e-01	7.5902438749e-01
1.4171000000e-01	7.5900726586e-01
1.4651000000e-01	7.5899163124e-01
1.5148000000e-01	7.5897805630e-01
1.5661000000e-01	7.5896447293e-01
1.6192000000e-01	7.5895072870e-01
1.6741000000e-01	7.5893795586e-01
1.7308000000e-01	7.5892620000e-01
1.7895000000e-01	7.5891540214e-01
1.8502000000e-01	7.5890516626e-01
1.9129000000e-01	7.5889532111e-01
1.9777000000e-01	7.5888598209e-01
2.0448000000e-01	7.5887705423e-01
2.1141000000e-01	7.5886851112e-01
2.1857000000e-01	7.5886034226e-01
2.2598000000e-01	7.5885257995e-01
2.3364000000e-01	7.5884547880e-01
2.4156000000e-01	7.5883921376e-01
2.4975000000e-01	7.5883330169e-01
2.5821000000e-01	7.5882695564e-01
2.6696000000e-01	7.5882109606e-01
2.7601000000e-01	7.5881653172e-01
2.8537000000e-01	7.5881096376e-01
2.9504000000e-01	7.5880672207e-01
3.0504000000e-01	7.5880199663e-01
3.1538000000e-01	7.5879826875e-01
3.2607000000e-01	7.5879386439e-01
3.3712000000e-01	7.5879061712e-01
3.4855000000e-01	7.5878731830e-01
3.6036000000e-01	7.5878379660e-01
3.7258000000e-01	7.5878058932e-01
3.8521000000e-01	7.5877776573e-01
3.9826000000e-01	7.5877508525e-01
4.1176000000e-01	7.5877263630e-01
4.2572000000e-01	7.5877026810e-01
4.4015000000e-01	7.5876829534e-01
4.5507000000e-01	7.5876639926e-01
4.7049000000e-01	7.5876415392e-01
4.8644000000e-01	7.5876246333e-01
5.0293000000e-01	7.5876075360e-01
5.1998000000e-01	7.5875922976e-01
5.3760000000e-01	7.5875743847e-01
5.5582000000e-01	7.5875624671e-01
5.7466000000e-01	7.5875508058e-01
5.9414000000e-01	7.5875383857e-01
6.1428000000e-01	7.5875267683e-01
6.3510000000e-01	7.5875146818e-01
6.5663000000e-01	7.5875023554e-01
6.7888000000e-01	7.5874953660e-01
7.0189000000e-01	7.5874851268e-01
7.2568000000e-01	7.5874783333e-01
7.5028000000e-01	7.5874686557e-01
7.7571000000e-01	7.5874607469e-01
8.0201000000e-01	7.5874542439e-01
8.2919000000e-01	7.5874475668e-01
8.5729000000e-01	7.5874430242e-01
8.8635000000e-01	7.5874377146e-01
9.1640000000e-01	7.5874316294e-01
9.4746000000e-01	7.5874258547e-01
9.7957000000e-01	7.5874221477e-01
1.0128000000e+00	7.5874176753e-01
1.0471000000e+00	7.5874128088e-01
1.0826000000e+00	7.5874106163e-01
1.1193000000e+00	7.5874058942e-01
1.1572000000e+00	7.5874037278e-01
1.1965000000e+00	7.5874010278e-01
1.2370000000e+00	7.5873975194e-01
1.2789000000e+00	7.5873938069e-01
1.3223000000e+00	7.5873927831e-01
1.3671000000e+00	7.5873899182e-01
1.4134000000e+00	7.5873875934e-01
1.4613000000e+00	7.5873857569e-01
1.5109000000e+00	7.5873824714e-01
1.5621000000e+00	7.5873811998e-01
1.6150000000e+00	7.5873796002e-01
1.6698000000e+00	7.5873775244e-01
1.7264000000e+00	7.5873770332e-01
1.7849000000e+00	7.5873757451e-01
1.8454000000e+00	7.5873744769e-01
1.9079000000e+00	7.5873720398e-01
1.9726000000e+00	7.5873713154e-01
2.0395000000e+00	7.5873699278e-01
2.1086000000e+00	7.5873695754e-01
2.1801000000e+00	7.5873682824e-01
2.2540000000e+00	7.5873678027e-01
2.3304000000e+00	7.5873663823e-01
2.4094000000e+00	7.5873658096e-01
2.4910000000e+00	7.5873650817e-01
2.5755000000e+00	7.5873642934e-01
2.6628000000e+00	7.5873638028e-01
2.7530000000e+00	7.5873634339e-01
2.8463000000e+00	7.5873627198e-01
2.9428000000e+00	7.5873625018e-01
3.0425000000e+00	7.5873619048e-01
3.1457000000e+00	7.5873610657e-01
3.2523000000e+00	7.5873607780e-01
3.3625000000e+00	7.5873604197e-01
3.4765000000e+00	7.5873599479e-01
3.5943000000e+00	7.5873597156e-01
3.7162000000e+00	7.5873595257e-01
3.8421000000e+00	7.5873592003e-01
3.9724000000e+00	7.5873586598e-01
4.1070000000e+00	7.5873587341e-01
4.2462000000e+00	7.5873586053e-01
4.3901000000e+00	7.5873578536e-01
4.5389000000e+00	7.5873581673e-01
4.6928000000e+00	7.5873576655e-01
4.8518000000e+00	7.5873573743e-01
5.0163000000e+00	7.5873574097e-01
5.1863000000e+00	7.5873573256e-01
5.3621000000e+00	7.5873568497e-01
5.5439000000e+00	7.5873571573e-01
5.7318000000e+00	7.5873566422e-01
5.9261000000e+00	7.5873565345e-01
6.1269000000e+00	7.5873565428e-01
6.3346000000e+00	7.5873561160e-01
6.5493000000e+00	7.5873563937e-01
6.7713000000e+00	7.5873560396e-01
7.0008000000e+00	7.5873561903e-01
7.2381000000e+00	7.5873561536e-01
7.4834000000e+00	7.5873560311e-01
7.7371000000e+00	7.5873558661e-01
7.9994000000e+00	7.5873559506e-01
8.2705000000e+00	7.5873558895e-01
8.5508000000e+00	7.5873556264e-01
8.8406000000e+00	7.5873557420e-01
9.1403000000e+00	7.5873555204e-01
9.4501000000e+00	7.5873555114e-01
9.7704000000e+00	7.5873554317e-01
1.0102000000e+01	7.5873553477e-01
1.0444000000e+01	7.5873553340e-01
1.0798000000e+01	7.5873553776e-01
1.1164000000e+01	7.5873552487e-01
1.1542000000e+01	7.5873552503e-01
1.1934000000e+01	7.5873551828e-01
1.2338000000e+01	7.5873551598e-01
1.2756000000e+01	7.5873551249e-01
1.3189000000e+01	7.5873552257e-01
1.3636000000e+01	7.5873551074e-01
1.4098000000e+01	7.5873550590e-01
1.4576000000e+01	7.5873549766e-01
1.5070000000e+01	7.5873550337e-01
1.5581000000e+01	7.5873549728e-01
1.6109000000e+01	7.5873549954e-01
1.6655000000e+01	7.5873550407e-01
1.7219000000e+01	7.5873550345e-01
1.7803000000e+01	7.5873549634e-01
1.8406000000e+01	7.5873549031e-01
1.9030000000e+01	7.5873549334e-01
1.9675000000e+01	7.5873549248e-01
2.0342000000e+01	7.5873549312e-01
2.1032000000e+01	7.5873548907e-01
2.1744000000e+01	7.5873548980e-01
2.2482000000e+01	7.5873548807e-01
2.3244000000e+01	7.5873547942e-01
2.4031000000e+01	7.5873548346e-01
2.4846000000e+01	7.5873547769e-01
2.5688000000e+01	7.5873548413e-01
2.6559000000e+01	7.5873548251e-01
2.7459000000e+01	7.5873548273e-01
2.8390000000e+01	7.5873549486e-01
2.9352000000e+01	7.5873547638e-01
3.0347000000e+01	7.5873547886e-01
3.1375000000e+01	7.5873548011e-01
3.2439000000e+01	7.5873548205e-01
3.3538000000e+01	7.5873548216e-01
3.4675000000e+01	7.5873547368e-01
3.5851000000e+01	7.5873547113e-01
3.7066000000e+01	7.5873547619e-01
3.8322000000e+01	7.5873547333e-01
3.9621000000e+01	7.5873547916e-01
4.0964000000e+01	7.5873547498e-01
4.2352000000e+01	7.5873547584e-01
4.3788000000e+01	7.5873546974e-01
4.5272000000e+01	7.5873547731e-01
4.6807000000e+01	7.5873547466e-01
4.8393000000e+01	7.5873547067e-01
5.0034000000e+01	7.5873546598e-01
