5.4459000000e-06	9.9410639961e+00
5.6305000000e-06	1.0264747017e+01
5.8214000000e-06	1.0599427199e+01
6.0187000000e-06	1.0944737967e+01
6.2227000000e-06	1.1301045894e+01
6.4336000000e-06	1.1669450698e+01
6.6517000000e-06	1.2049585805e+01
6.8771000000e-06	1.2442184362e+01
7.1102000000e-06	1.2847612937e+01
7.3512000000e-06	1.3266238106e+01
7.6004000000e-06	1.3698426440e+01
7.8580000000e-06	1.4144911084e+01
8.1244000000e-06	1.4605692037e+01
8.3998000000e-06	1.5081502445e+01
8.6845000000e-06	1.5573075452e+01
8.9788000000e-06	1.6080411058e+01
9.2832000000e-06	1.6604608980e+01
9.5978000000e-06	1.7145300697e+01
9.9231000000e-06	1.7703956333e+01
1.0259000000e-05	1.8280940572e+01
1.0607000000e-05	1.8876619989e+01
1.0967000000e-05	1.9491727825e+01
1.1338000000e-05	2.0126630457e+01
1.1723000000e-05	2.0782427702e+01
1.2120000000e-05	2.1459852707e+01
1.2531000000e-05	2.2158907842e+01
1.2956000000e-05	2.2881054734e+01
1.3395000000e-05	2.3626295673e+01
1.3849000000e-05	2.4396096957e+01
1.4318000000e-05	2.5191191731e+01
1.4804000000e-05	2.6011946568e+01
1.5305000000e-05	2.6859461194e+01
1.5824000000e-05	2.7734465591e+01
1.6360000000e-05	2.8638065837e+01
1.6915000000e-05	2.9571358297e+01
1.7488000000e-05	3.0534712978e+01
1.8081000000e-05	3.1529589733e+01
1.8694000000e-05	3.2557091436e+01
1.9328000000e-05	3.3617951262e+01
1.9983000000e-05	3.4713268923e+01
2.0660000000e-05	3.5844140243e+01
2.1360000000e-05	3.7012776282e+01
2.2084000000e-05	3.8218798918e+01
2.2833000000e-05	3.9461478843e+01
2.3607000000e-05	4.0748146825e+01
2.4407000000e-05	4.2075138456e+01
2.5234000000e-05	4.3446118932e+01
2.6090000000e-05	4.4864749669e+01
2.6974000000e-05	4.6323702571e+01
2.7888000000e-05	4.7833985706e+01
2.8833000000e-05	4.9391918411e+01
2.9811000000e-05	5.1001171364e+01
3.0821000000e-05	5.2665410437e+01
3.1866000000e-05	5.4380969577e+01
3.2946000000e-05	5.6151515007e+01
3.4063000000e-05	5.7980712379e+01
3.5217000000e-05	5.9868561523e+01
3.6411000000e-05	6.1822401078e+01
3.7645000000e-05	6.3834878619e+01
3.8921000000e-05	6.5913347791e+01
4.0240000000e-05	6.8061472371e+01
4.1604000000e-05	7.0279231573e+01
4.3014000000e-05	7.2570320449e+01
4.4472000000e-05	7.4934717394e+01
4.5980000000e-05	7.7376104046e+01
4.7538000000e-05	7.9894463245e+01
4.9150000000e-05	8.2500800744e+01
5.0816000000e-05	8.5187775563e+01
5.2538000000e-05	8.7962738252e+01
5.4319000000e-05	9.0829353429e+01
5.6160000000e-05	9.3787605744e+01
5.8063000000e-05	9.6841167215e+01
6.0032000000e-05	9.9997362511e+01
6.2066000000e-05	1.0325620743e+02
6.4170000000e-05	1.0661770985e+02
6.6345000000e-05	1.1009283845e+02
6.8594000000e-05	1.1367795288e+02
7.0919000000e-05	1.1738036230e+02
7.3323000000e-05	1.2120739366e+02
7.5808000000e-05	1.2515542677e+02
7.8377000000e-05	1.2923173847e+02
8.1034000000e-05	1.3344003410e+02
8.3781000000e-05	1.3778763031e+02
8.6621000000e-05	1.4227455635e+02
8.9557000000e-05	1.4690809178e+02
9.2592000000e-05	1.5169559342e+02
9.5730000000e-05	1.5663338418e+02
9.8975000000e-05	1.6173615006e+02
1.0233000000e-04	1.6700391952e+02
1.0580000000e-04	1.7244395751e+02
1.0938000000e-04	1.7805993788e+02
1.1309000000e-04	1.8385925522e+02
1.1693000000e-04	1.8984554040e+02
1.2089000000e-04	1.9602608144e+02
1.2499000000e-04	2.0240829433e+02
1.2922000000e-04	2.0899949441e+02
1.3360000000e-04	2.1580323926e+02
1.3813000000e-04	2.2283070474e+02
1.4281000000e-04	2.3008542799e+02
1.4765000000e-04	2.3757480280e+02
1.5266000000e-04	2.4530979039e+02
1.5783000000e-04	2.5329413051e+02
1.6318000000e-04	2.6153869511e+02
1.6871000000e-04	2.7004728666e+02
1.7443000000e-04	2.7883815273e+02
1.8034000000e-04	2.8791138853e+02
1.8646000000e-04	2.9727790953e+02
1.9278000000e-04	3.0694871085e+02
1.9931000000e-04	3.1693489970e+02
2.0607000000e-04	3.2724367436e+02
2.1305000000e-04	3.3788614204e+02
2.2027000000e-04	3.4887331112e+02
2.2774000000e-04	3.6021616853e+02
2.3546000000e-04	3.7193661848e+02
2.4344000000e-04	3.8399818084e+02
2.5169000000e-04	3.9649972375e+02
2.6022000000e-04	4.0936805372e+02
2.6904000000e-04	4.2267636288e+02
2.7816000000e-04	4.3638811671e+02
2.8759000000e-04	4.5057656152e+02
2.9734000000e-04	4.6520520816e+02
3.0742000000e-04	4.8031058554e+02
3.1784000000e-04	4.9589277275e+02
3.2861000000e-04	5.1198848323e+02
3.3975000000e-04	5.2859774395e+02
3.5126000000e-04	5.4572046773e+02
3.6317000000e-04	5.6339357123e+02
3.7548000000e-04	5.8165360622e+02
3.8821000000e-04	6.0050057541e+02
4.0136000000e-04	6.1993464023e+02
4.1497000000e-04	6.4002912111e+02
4.2903000000e-04	6.6071077880e+02
4.4358000000e-04	6.8208956316e+02
4.5861000000e-04	7.0412907855e+02
4.7416000000e-04	7.2686584553e+02
4.9023000000e-04	7.5033673796e+02
5.0684000000e-04	7.7454180013e+02
5.2402000000e-04	7.9951787379e+02
5.4179000000e-04	8.2526496998e+02
5.6015000000e-04	8.5185660093e+02
5.7914000000e-04	8.7925608972e+02
5.9877000000e-04	9.0753708647e+02
6.1906000000e-04	9.3669981940e+02
6.4004000000e-04	9.6674429522e+02
6.6174000000e-04	9.9774399924e+02
6.8417000000e-04	1.0297360236e+03
7.0736000000e-04	1.0626836345e+03
7.3133000000e-04	1.0966606968e+03
7.5612000000e-04	1.1316674281e+03
7.8175000000e-04	1.1677773751e+03
8.0825000000e-04	1.2049907119e+03
8.3564000000e-04	1.2433081515e+03
8.6397000000e-04	1.2828034004e+03
8.9325000000e-04	1.3235130943e+03
9.2353000000e-04	1.3654381016e+03
9.5483000000e-04	1.4086155568e+03
9.8720000000e-04	1.4530824044e+03
1.0207000000e-03	1.4988761872e+03
1.0553000000e-03	1.5460340909e+03
1.0910000000e-03	1.5945567411e+03
1.1280000000e-03	1.6445180851e+03
1.1662000000e-03	1.6959194481e+03
1.2058000000e-03	1.7487978627e+03
1.2466000000e-03	1.8031906769e+03
1.2889000000e-03	1.8591727241e+03
1.3326000000e-03	1.9167082983e+03
1.3777000000e-03	1.9758345255e+03
1.4244000000e-03	2.0366265761e+03
1.4727000000e-03	2.0991223134e+03
1.5226000000e-03	2.1632858357e+03
1.5743000000e-03	2.2291923390e+03
1.6276000000e-03	2.2968791775e+03
1.6828000000e-03	2.3663484764e+03
1.7398000000e-03	2.4376379608e+03
1.7988000000e-03	2.5107861979e+03
1.8598000000e-03	2.5858675702e+03
1.9228000000e-03	2.6627738051e+03
1.9880000000e-03	2.7416167145e+03
2.0554000000e-03	2.8223607382e+03
2.1250000000e-03	2.9050807875e+03
2.1970000000e-03	2.9897785528e+03
2.2715000000e-03	3.0764556016e+03
2.3485000000e-03	3.1650761429e+03
2.4281000000e-03	3.2557516067e+03
2.5104000000e-03	3.3484097279e+03
2.5955000000e-03	3.4430883451e+03
2.6835000000e-03	3.5397883259e+03
2.7744000000e-03	3.6384729282e+03
2.8685000000e-03	3.7391807095e+03
2.9657000000e-03	3.8419846363e+03
3.0662000000e-03	3.9462968625e+03
3.1702000000e-03	4.0532220011e+03
3.2776000000e-03	4.1616552856e+03
3.3887000000e-03	4.2719659827e+03
3.5036000000e-03	4.3841546076e+03
3.6223000000e-03	4.4982211462e+03
3.7451000000e-03	4.6141677333e+03
3.8720000000e-03	4.7319953227e+03
4.0033000000e-03	4.8509707524e+03
4.1390000000e-03	4.9718326780e+03
4.2793000000e-03	5.0942172369e+03
4.4243000000e-03	5.2181291964e+03
4.5743000000e-03	5.3435756427e+03
4.7293000000e-03	5.4701942635e+03
4.8896000000e-03	5.5979945561e+03
5.0554000000e-03	5.7266166274e+03
5.2267000000e-03	5.8564384003e+03
5.4039000000e-03	5.9874711065e+03
5.5870000000e-03	6.1186165593e+03
5.7764000000e-03	6.2509920214e+03
5.9722000000e-03	6.3834971255e+03
6.1746000000e-03	6.5161370428e+03
6.3839000000e-03	6.6492844237e+03
6.6003000000e-03	6.7818309087e+03
6.8240000000e-03	6.9145116950e+03
7.0553000000e-03	7.0465821694e+03
7.2945000000e-03	7.1776644650e+03
7.5417000000e-03	7.3081171124e+03
7.7973000000e-03	7.4371914859e+03
8.0616000000e-03	7.5645085229e+03
8.3349000000e-03	7.6900613060e+03
8.6174000000e-03	7.8134747426e+03
8.9095000000e-03	7.9343783046e+03
9.2115000000e-03	8.0524026590e+03
9.5237000000e-03	8.1675499125e+03
9.8465000000e-03	8.2790809292e+03
1.0180000000e-02	8.3869928034e+03
1.0525000000e-02	8.4905428403e+03
1.0882000000e-02	8.5897243263e+03
1.1251000000e-02	8.6837831125e+03
1.1632000000e-02	8.7723371404e+03
1.2027000000e-02	8.8553943212e+03
1.2434000000e-02	8.9318248515e+03
1.2856000000e-02	9.0016526086e+03
1.3291000000e-02	9.0641230335e+03
1.3742000000e-02	9.1192527504e+03
1.4208000000e-02	9.1662755030e+03
1.4689000000e-02	9.2047904894e+03
1.5187000000e-02	9.2344010137e+03
1.5702000000e-02	9.2543248615e+03
1.6234000000e-02	9.2645341166e+03
1.6784000000e-02	9.2646481490e+03
1.7353000000e-02	9.2535497067e+03
1.7941000000e-02	9.2316077051e+03
1.8550000000e-02	9.1984509010e+03
1.9178000000e-02	9.1536836747e+03
1.9828000000e-02	9.0969362606e+03
2.0500000000e-02	9.0282003314e+03
2.1195000000e-02	8.9474667624e+03
2.1914000000e-02	8.8547099064e+03
2.2657000000e-02	8.7498863945e+03
2.3424000000e-02	8.6333339791e+03
2.4218000000e-02	8.5046787338e+03
2.5039000000e-02	8.3654275063e+03
2.5888000000e-02	8.2152179434e+03
2.6766000000e-02	8.0547926725e+03
2.7673000000e-02	7.8852582154e+03
2.8611000000e-02	7.7073514157e+03
2.9580000000e-02	7.5217979386e+03
3.0583000000e-02	7.3300806680e+03
3.1620000000e-02	7.1333273397e+03
3.2691000000e-02	6.9330630174e+03
3.3800000000e-02	6.7304276746e+03
3.4945000000e-02	6.5269017516e+03
3.6130000000e-02	6.3239778142e+03
3.7354000000e-02	6.1235273547e+03
3.8620000000e-02	5.9266906263e+03
3.9929000000e-02	5.7349967900e+03
4.1283000000e-02	5.5499571615e+03
4.2682000000e-02	5.3723075978e+03
4.4129000000e-02	5.2035557454e+03
4.5625000000e-02	5.0444730026e+03
4.7171000000e-02	4.8950812569e+03
4.8770000000e-02	4.7561344057e+03
5.0423000000e-02	4.6272477084e+03
5.2132000000e-02	4.5080641411e+03
5.3899000000e-02	4.3978503143e+03
5.5726000000e-02	4.2950998377e+03
5.7615000000e-02	4.1983013187e+03
5.9568000000e-02	4.1052159918e+03
6.1587000000e-02	4.0139672373e+03
6.3674000000e-02	3.9215319945e+03
6.5833000000e-02	3.8256597467e+03
6.8064000000e-02	3.7235706761e+03
7.0371000000e-02	3.6131799633e+03
7.2756000000e-02	3.4928741418e+03
7.5222000000e-02	3.3617507216e+03
7.7772000000e-02	3.2198739821e+03
8.0408000000e-02	3.0685347392e+03
8.3134000000e-02	2.9099492184e+03
8.5951000000e-02	2.7474744005e+03
8.8865000000e-02	2.5851851822e+03
9.1877000000e-02	2.4275278665e+03
9.4991000000e-02	2.2788471310e+03
9.8211000000e-02	2.1430632640e+03
1.0154000000e-01	2.0230143142e+03
1.0498000000e-01	1.9202848678e+03
1.0854000000e-01	1.8347707886e+03
1.1222000000e-01	1.7648521334e+03
1.1602000000e-01	1.7070642072e+03
1.1995000000e-01	1.6566952407e+03
1.2402000000e-01	1.6081254042e+03
1.2822000000e-01	1.5558118701e+03
1.3257000000e-01	1.4951132248e+03
1.3706000000e-01	1.4236518975e+03
1.4171000000e-01	1.3417678907e+03
1.4651000000e-01	1.2528176776e+03
1.5148000000e-01	1.1623476356e+03
1.5661000000e-01	1.0767357064e+03
1.6192000000e-01	1.0014926298e+03
1.6741000000e-01	9.3990298691e+02
1.7308000000e-01	8.9223263154e+02
1.7895000000e-01	8.5550197813e+02
1.8502000000e-01	8.2439092563e+02
1.9129000000e-01	7.9263522418e+02
1.9777000000e-01	7.5532860540e+02
2.0448000000e-01	7.1069697541e+02
2.1141000000e-01	6.6089140101e+02
2.1857000000e-01	6.1089404450e+02
2.2598000000e-01	5.6621593912e+02
2.3364000000e-01	5.3006599335e+02
2.4156000000e-01	5.0210517584e+02
2.4975000000e-01	4.7893681383e+02
2.5821000000e-01	4.5576719410e+02
2.6696000000e-01	4.2946328478e+02
2.7601000000e-01	4.0006290086e+02
2.8537000000e-01	3.7069154908e+02
2.9504000000e-01	3.4479593438e+02
3.0504000000e-01	3.2370505172e+02
3.1538000000e-01	3.0591667089e+02
3.2607000000e-01	2.8858825237e+02
3.3712000000e-01	2.7003241497e+02
3.4855000000e-01	2.5101549771e+02
3.6036000000e-01	2.3352328442e+02
3.7258000000e-01	2.1853365131e+02
3.8521000000e-01	2.0523122852e+02
3.9826000000e-01	1.9216636307e+02
4.1176000000e-01	1.7900308247e+02
4.2572000000e-01	1.6657575421e+02
4.4015000000e-01	1.5549224254e+02
4.5507000000e-01	1.4537882068e+02
4.7049000000e-01	1.3560503327e+02
4.8644000000e-01	1.2619732573e+02
5.0293000000e-01	1.1753325051e+02
5.1998000000e-01	1.0959018278e+02
5.3760000000e-01	1.0207365076e+02
5.5582000000e-01	9.4953459782e+01
5.7466000000e-01	8.8350439881e+01
5.9414000000e-01	8.2223071766e+01
6.1428000000e-01	7.6458098817e+01
6.3510000000e-01	7.1066855702e+01
6.5663000000e-01	6.6056898798e+01
6.7888000000e-01	6.1379153606e+01
7.0189000000e-01	5.7007197325e+01
7.2568000000e-01	5.2941033805e+01
7.5028000000e-01	4.9146686779e+01
7.7571000000e-01	4.5609058466e+01
8.0201000000e-01	4.2320600546e+01
8.2919000000e-01	3.9254886714e+01
8.5729000000e-01	3.6401347514e+01
8.8635000000e-01	3.3746770172e+01
9.1640000000e-01	3.1278320613e+01
9.4746000000e-01	2.8982784547e+01
9.7957000000e-01	2.6849592191e+01
1.0128000000e+00	2.4867040775e+01
1.0471000000e+00	2.3025691388e+01
1.0826000000e+00	2.1315728388e+01
1.1193000000e+00	1.9727337164e+01
1.1572000000e+00	1.8253720873e+01
1.1965000000e+00	1.6886196915e+01
1.2370000000e+00	1.5617591875e+01
1.2789000000e+00	1.4441487745e+01
1.3223000000e+00	1.3350711027e+01
1.3671000000e+00	1.2339976337e+01
1.4134000000e+00	1.1402865146e+01
1.4613000000e+00	1.0535224673e+01
1.5109000000e+00	9.7317691543e+00
1.5621000000e+00	8.9875904615e+00
1.6150000000e+00	8.2985354632e+00
1.6698000000e+00	7.6608287745e+00
1.7264000000e+00	7.0710723117e+00
1.7849000000e+00	6.5251130143e+00
1.8454000000e+00	6.0203079881e+00
1.9079000000e+00	5.5536367878e+00
1.9726000000e+00	5.1224565209e+00
2.0395000000e+00	4.7233691248e+00
2.1086000000e+00	4.3548644194e+00
2.1801000000e+00	4.0146770240e+00
2.2540000000e+00	3.7001262497e+00
2.3304000000e+00	3.4097396320e+00
2.4094000000e+00	3.1415915763e+00
2.4910000000e+00	2.8940963643e+00
2.5755000000e+00	2.6656681999e+00
2.6628000000e+00	2.4548723592e+00
2.7530000000e+00	2.2603873648e+00
2.8463000000e+00	2.0810050348e+00
2.9428000000e+00	1.9155548996e+00
3.0425000000e+00	1.7630175427e+00
3.1457000000e+00	1.6223735310e+00
3.2523000000e+00	1.4927167119e+00
3.3625000000e+00	1.3732542078e+00
3.4765000000e+00	1.2631553745e+00
3.5943000000e+00	1.1617405787e+00
3.7162000000e+00	1.0682924640e+00
3.8421000000e+00	9.8224466875e-01
3.9724000000e+00	9.0299308912e-01
4.1070000000e+00	8.3004689260e-01
4.2462000000e+00	7.6287748181e-01
4.3901000000e+00	7.0106953422e-01
4.5389000000e+00	6.4416996975e-01
4.6928000000e+00	5.9183897876e-01
4.8518000000e+00	5.4366123617e-01
5.0163000000e+00	4.9937244569e-01
5.1863000000e+00	4.5863279620e-01
5.3621000000e+00	4.2114023356e-01
5.5439000000e+00	3.8670597414e-01
5.7318000000e+00	3.5501663654e-01
5.9261000000e+00	3.2589476416e-01
6.1269000000e+00	2.9912891865e-01
6.3346000000e+00	2.7453031651e-01
6.5493000000e+00	2.5192905157e-01
6.7713000000e+00	2.3116276966e-01
7.0008000000e+00	2.1208421960e-01
7.2381000000e+00	1.9455747589e-01
7.4834000000e+00	1.7846549382e-01
7.7371000000e+00	1.6368367419e-01
7.9994000000e+00	1.5011385051e-01
8.2705000000e+00	1.3765030254e-01
8.5508000000e+00	1.2621374197e-01
8.8406000000e+00	1.1571355179e-01
9.1403000000e+00	1.0607799397e-01
9.4501000000e+00	9.7235330829e-02
9.7704000000e+00	8.9121375388e-02
1.0102000000e+01	8.1675716368e-02
1.0444000000e+01	7.4845494596e-02
1.0798000000e+01	6.8581626423e-02
1.1164000000e+01	6.2835027619e-02
1.1542000000e+01	5.7564165175e-02
1.1934000000e+01	5.2731282707e-02
1.2338000000e+01	4.8298623365e-02
1.2756000000e+01	4.4235981671e-02
1.3189000000e+01	4.0513151542e-02
1.3636000000e+01	3.7098040519e-02
1.4098000000e+01	3.3968748846e-02
1.4576000000e+01	3.1100735101e-02
1.5070000000e+01	2.8472855106e-02
1.5581000000e+01	2.6064720216e-02
1.6109000000e+01	2.3858207135e-02
1.6655000000e+01	2.1837080411e-02
1.7219000000e+01	1.9985104573e-02
1.7803000000e+01	1.8289064696e-02
1.8406000000e+01	1.6735745893e-02
1.9030000000e+01	1.5313065966e-02
1.9675000000e+01	1.4010075392e-02
2.0342000000e+01	1.2817334943e-02
2.1032000000e+01	1.1725027863e-02
2.1744000000e+01	1.0724847589e-02
2.2482000000e+01	9.8096203434e-03
2.3244000000e+01	8.9714171730e-03
2.4031000000e+01	8.2045745345e-03
2.4846000000e+01	7.5026737614e-03
2.5688000000e+01	6.8604288997e-03
2.6559000000e+01	6.2725539633e-03
2.7459000000e+01	5.7345181358e-03
2.8390000000e+01	5.2425457169e-03
2.9352000000e+01	4.7921059085e-03
3.0347000000e+01	4.3805556913e-03
3.1375000000e+01	4.0037418111e-03
3.2439000000e+01	3.6590968190e-03
3.3538000000e+01	3.3439022146e-03
3.4675000000e+01	3.0557037969e-03
3.5851000000e+01	2.7921228736e-03
3.7066000000e+01	2.5510828181e-03
3.8322000000e+01	2.3307335376e-03
3.9621000000e+01	2.1292249525e-03
4.0964000000e+01	1.9450467951e-03
4.2352000000e+01	1.7766510068e-03
4.3788000000e+01	1.6227161212e-03
4.5272000000e+01	1.4820339104e-03
4.6807000000e+01	1.3534716607e-03
4.8393000000e+01	1.2359344240e-03
5.0034000000e+01	1.1285538004e-03
