1.0534812274e-05	9.9993381865e-01	9.9993381760e-01	0.0000000000e+00	0.0000000000e+00	1.0058260845e+00	1.0000000000e+00	
1.0780199575e-05	9.9993382021e-01	9.9993381912e-01	0.0000000000e+00	0.0000000000e+00	1.0058259473e+00	1.0000000000e+00	
1.1031302680e-05	9.9993382186e-01	9.9993382071e-01	0.0000000000e+00	0.0000000000e+00	1.0058258036e+00	1.0000000000e+00	
1.1288254728e-05	9.9993382357e-01	9.9993382237e-01	0.0000000000e+00	0.0000000000e+00	1.0058256531e+00	1.0000000000e+00	
1.1551191959e-05	9.9993382537e-01	9.9993382411e-01	0.0000000000e+00	0.0000000000e+00	1.0058254956e+00	1.0000000000e+00	
1.1820253784e-05	9.9993382725e-01	9.9993382594e-01	0.0000000000e+00	0.0000000000e+00	1.0058253306e+00	1.0000000000e+00	
1.2095582864e-05	9.9993382923e-01	9.9993382785e-01	0.0000000000e+00	0.0000000000e+00	1.0058251578e+00	1.0000000000e+00	
1.2377325182e-05	9.9993383129e-01	9.9993382985e-01	0.0000000000e+00	0.0000000000e+00	1.0058249769e+00	1.0000000000e+00	
1.2665630122e-05	9.9993383345e-01	9.9993383194e-01	0.0000000000e+00	0.0000000000e+00	1.0058247875e+00	1.0000000000e+00	
1.2960650547e-05	9.9993383572e-01	9.9993383413e-01	0.0000000000e+00	0.0000000000e+00	1.0058245892e+00	1.0000000000e+00	
1.3262542880e-05	9.9993383809e-01	9.9993383643e-01	0.0000000000e+00	0.0000000000e+00	1.0058243815e+00	1.0000000000e+00	
1.3571467189e-05	9.9993384057e-01	9.9993383883e-01	0.0000000000e+00	0.0000000000e+00	1.0058241640e+00	1.0000000000e+00	
1.3887587269e-05	9.9993384317e-01	9.9993384135e-01	0.0000000000e+00	0.0000000000e+00	1.0058239363e+00	1.0000000000e+00	
1.4211070732e-05	9.9993384589e-01	9.9993384399e-01	0.0000000000e+00	0.0000000000e+00	1.0058236978e+00	1.0000000000e+00	
1.4542089093e-05	9.9993384874e-01	9.9993384675e-01	0.0000000000e+00	0.0000000000e+00	1.0058234481e+00	1.0000000000e+00	
1.4880817862e-05	9.9993385173e-01	9.9993384964e-01	0.0000000000e+00	0.0000000000e+00	1.0058231866e+00	1.0000000000e+00	
1.5227436638e-05	9.9993385485e-01	9.9993385267e-01	0.0000000000e+00	0.0000000000e+00	1.0058229128e+00	1.0000000000e+00	
1.5582129202e-05	9.9993385813e-01	9.9993385584e-01	0.0000000000e+00	0.0000000000e+00	1.0058226261e+00	1.0000000000e+00	
1.5945083617e-05	9.9993386155e-01	9.9993385915e-01	0.0000000000e+00	0.0000000000e+00	1.0058223259e+00	1.0000000000e+00	
1.6316492327e-05	9.9993386514e-01	9.9993386263e-01	0.0000000000e+00	0.0000000000e+00	1.0058220116e+00	1.0000000000e+00	
1.6696552257e-05	9.9993386890e-01	9.9993386627e-01	0.0000000000e+00	0.0000000000e+00	1.0058216824e+00	1.0000000000e+00	
1.7085464919e-05	9.9993387283e-01	9.9993387008e-01	0.0000000000e+00	0.0000000000e+00	1.0058213377e+00	1.0000000000e+00	
1.7483436522e-05	9.9993387696e-01	9.9993387407e-01	0.0000000000e+00	0.0000000000e+00	1.0058209768e+00	1.0000000000e+00	
1.7890678074e-05	9.9993388127e-01	9.9993387825e-01	0.0000000000e+00	0.0000000000e+00	1.0058205988e+00	1.0000000000e+00	
1.8307405500e-05	9.9993388579e-01	9.9993388262e-01	0.0000000000e+00	0.0000000000e+00	1.0058202031e+00	1.0000000000e+00	
1.8733839755e-05	9.9993389052e-01	9.9993388721e-01	0.0000000000e+00	0.0000000000e+00	1.0058197887e+00	1.0000000000e+00	
1.9170206940e-05	9.9993389547e-01	9.9993389200e-01	0.0000000000e+00	0.0000000000e+00	1.0058193548e+00	1.0000000000e+00	
1.9616738422e-05	9.9993390066e-01	9.9993389703e-01	0.0000000000e+00	0.0000000000e+00	1.0058189004e+00	1.0000000000e+00	
2.0073670959e-05	9.9993390609e-01	9.9993390229e-01	0.0000000000e+00	0.0000000000e+00	1.0058184246e+00	1.0000000000e+00	
2.0541246822e-05	9.9993391178e-01	9.9993390779e-01	0.0000000000e+00	0.0000000000e+00	1.0058179264e+00	1.0000000000e+00	
2.1019713925e-05	9.9993391773e-01	9.9993391356e-01	0.0000000000e+00	0.0000000000e+00	1.0058174047e+00	1.0000000000e+00	
2.1509325959e-05	9.9993392397e-01	9.9993391960e-01	0.0000000000e+00	0.0000000000e+00	1.0058168584e+00	1.0000000000e+00	
2.2010342523e-05	9.9993393050e-01	9.9993392593e-01	0.0000000000e+00	0.0000000000e+00	1.0058162864e+00	1.0000000000e+00	
2.2523029261e-05	9.9993393734e-01	9.9993393255e-01	0.0000000000e+00	0.0000000000e+00	1.0058156874e+00	1.0000000000e+00	
2.3047658008e-05	9.9993394450e-01	9.9993393948e-01	0.0000000000e+00	0.0000000000e+00	1.0058150602e+00	1.0000000000e+00	
2.3584506928e-05	9.9993395199e-01	9.9993394674e-01	0.0000000000e+00	0.0000000000e+00	1.0058144034e+00	1.0000000000e+00	
2.4133860666e-05	9.9993395984e-01	9.9993395435e-01	0.0000000000e+00	0.0000000000e+00	1.0058137157e+00	1.0000000000e+00	
2.4696010496e-05	9.9993396806e-01	9.9993396231e-01	0.0000000000e+00	0.0000000000e+00	1.0058129956e+00	1.0000000000e+00	
2.5271254478e-05	9.9993397667e-01	9.9993397064e-01	0.0000000000e+00	0.0000000000e+00	1.0058122415e+00	1.0000000000e+00	
2.5859897614e-05	9.9993398569e-01	9.9993397937e-01	0.0000000000e+00	0.0000000000e+00	1.0058114519e+00	1.0000000000e+00	
2.6462252009e-05	9.9993399512e-01	9.9993398851e-01	0.0000000000e+00	0.0000000000e+00	1.0058106251e+00	1.0000000000e+00	
2.7078637041e-05	9.9993400501e-01	9.9993399809e-01	0.0000000000e+00	0.0000000000e+00	1.0058097594e+00	1.0000000000e+00	
2.7709379524e-05	9.9993401536e-01	9.9993400811e-01	0.0000000000e+00	0.0000000000e+00	1.0058088528e+00	1.0000000000e+00	
2.8354813888e-05	9.9993402619e-01	9.9993401860e-01	0.0000000000e+00	0.0000000000e+00	1.0058079035e+00	1.0000000000e+00	
2.9015282349e-05	9.9993403754e-01	9.9993402959e-01	0.0000000000e+00	0.0000000000e+00	1.0058069095e+00	1.0000000000e+00	
2.9691135097e-05	9.9993404942e-01	9.9993404110e-01	0.0000000000e+00	0.0000000000e+00	1.0058058686e+00	1.0000000000e+00	
3.0382730477e-05	9.9993406186e-01	9.9993405315e-01	0.0000000000e+00	0.0000000000e+00	1.0058047787e+00	1.0000000000e+00	
3.1090435184e-05	9.9993407489e-01	9.9993406577e-01	0.0000000000e+00	0.0000000000e+00	1.0058036374e+00	1.0000000000e+00	
3.1814624450e-05	9.9993408853e-01	9.9993407898e-01	0.0000000000e+00	0.0000000000e+00	1.0058024424e+00	1.0000000000e+00	
3.2555682252e-05	9.9993410282e-01	9.9993409281e-01	0.0000000000e+00	0.0000000000e+00	1.0058011910e+00	1.0000000000e+00	
3.3314001508e-05	9.9993411778e-01	9.9993410730e-01	0.0000000000e+00	0.0000000000e+00	1.0057998807e+00	1.0000000000e+00	
3.4089984288e-05	9.9993413344e-01	9.9993412247e-01	0.0000000000e+00	0.0000000000e+00	1.0057985086e+00	1.0000000000e+00	
3.4884042028e-05	9.9993414984e-01	9.9993413835e-01	0.0000000000e+00	0.0000000000e+00	1.0057970719e+00	1.0000000000e+00	
3.5696595750e-05	9.9993416701e-01	9.9993415499e-01	0.0000000000e+00	0.0000000000e+00	1.0057955674e+00	1.0000000000e+00	
3.6528076279e-05	9.9993418500e-01	9.9993417240e-01	0.0000000000e+00	0.0000000000e+00	1.0057939921e+00	1.0000000000e+00	
3.7378924478e-05	9.9993420383e-01	9.9993419064e-01	0.0000000000e+00	0.0000000000e+00	1.0057923425e+00	1.0000000000e+00	
3.8249591478e-05	9.9993422354e-01	9.9993420974e-01	0.0000000000e+00	0.0000000000e+00	1.0057906152e+00	1.0000000000e+00	
3.9140538917e-05	9.9993424419e-01	9.9993422973e-01	0.0000000000e+00	0.0000000000e+00	1.0057888065e+00	1.0000000000e+00	
4.0052239187e-05	9.9993426581e-01	9.9993425067e-01	0.0000000000e+00	0.0000000000e+00	1.0057869126e+00	1.0000000000e+00	
4.0985175686e-05	9.9993428845e-01	9.9993427260e-01	0.0000000000e+00	0.0000000000e+00	1.0057849295e+00	1.0000000000e+00	
4.1939843066e-05	9.9993431216e-01	9.9993429555e-01	0.0000000000e+00	0.0000000000e+00	1.0057828529e+00	1.0000000000e+00	
4.2916747507e-05	9.9993433698e-01	9.9993431959e-01	0.0000000000e+00	0.0000000000e+00	1.0057806785e+00	1.0000000000e+00	
4.3916406976e-05	9.9993436297e-01	9.9993434477e-01	0.0000000000e+00	0.0000000000e+00	1.0057784016e+00	1.0000000000e+00	
4.4939351504e-05	9.9993439019e-01	9.9993437112e-01	0.0000000000e+00	0.0000000000e+00	1.0057760174e+00	1.0000000000e+00	
4.5986123472e-05	9.9993441868e-01	9.9993439873e-01	0.0000000000e+00	0.0000000000e+00	1.0057735209e+00	1.0000000000e+00	
4.7057277891e-05	9.9993444853e-01	9.9993442763e-01	0.0000000000e+00	0.0000000000e+00	1.0057709067e+00	1.0000000000e+00	
4.8153382702e-05	9.9993447977e-01	9.9993445789e-01	0.0000000000e+00	0.0000000000e+00	1.0057681694e+00	1.0000000000e+00	
4.9275019073e-05	9.9993451249e-01	9.9993448958e-01	0.0000000000e+00	0.0000000000e+00	1.0057653031e+00	1.0000000000e+00	
5.0422781712e-05	9.9993454675e-01	9.9993452276e-01	0.0000000000e+00	0.0000000000e+00	1.0057623018e+00	1.0000000000e+00	
5.1597279177e-05	9.9993458263e-01	9.9993455750e-01	0.0000000000e+00	0.0000000000e+00	1.0057591591e+00	1.0000000000e+00	
5.2799134203e-05	9.9993462020e-01	9.9993459389e-01	0.0000000000e+00	0.0000000000e+00	1.0057558683e+00	1.0000000000e+00	
5.4028984028e-05	9.9993465953e-01	9.9993463198e-01	0.0000000000e+00	0.0000000000e+00	1.0057524224e+00	1.0000000000e+00	
5.5287480736e-05	9.9993470072e-01	9.9993467187e-01	0.0000000000e+00	0.0000000000e+00	1.0057488142e+00	1.0000000000e+00	
5.6575291598e-05	9.9993474385e-01	9.9993471364e-01	0.0000000000e+00	0.0000000000e+00	1.0057450360e+00	1.0000000000e+00	
5.7893099429e-05	9.9993478901e-01	9.9993475738e-01	0.0000000000e+00	0.0000000000e+00	1.0057410799e+00	1.0000000000e+00	
5.9241602947e-05	9.9993483630e-01	9.9993480318e-01	0.0000000000e+00	0.0000000000e+00	1.0057369373e+00	1.0000000000e+00	
6.0621517147e-05	9.9993488582e-01	9.9993485113e-01	0.0000000000e+00	0.0000000000e+00	1.0057325996e+00	1.0000000000e+00	
6.2033573678e-05	9.9993493767e-01	9.9993490135e-01	0.0000000000e+00	0.0000000000e+00	1.0057280576e+00	1.0000000000e+00	
6.3478521231e-05	9.9993499196e-01	9.9993495393e-01	0.0000000000e+00	0.0000000000e+00	1.0057233016e+00	1.0000000000e+00	
6.4957125936e-05	9.9993504881e-01	9.9993500898e-01	0.0000000000e+00	0.0000000000e+00	1.0057183216e+00	1.0000000000e+00	
6.6470171769e-05	9.9993510833e-01	9.9993506663e-01	0.0000000000e+00	0.0000000000e+00	1.0057131069e+00	1.0000000000e+00	
6.8018460967e-05	9.9993517067e-01	9.9993512700e-01	0.0000000000e+00	0.0000000000e+00	1.0057076467e+00	1.0000000000e+00	
6.9602814453e-05	9.9993523593e-01	9.9993519021e-01	0.0000000000e+00	0.0000000000e+00	1.0057019292e+00	1.0000000000e+00	
7.1224072273e-05	9.9993530427e-01	9.9993525640e-01	0.0000000000e+00	0.0000000000e+00	1.0056959425e+00	1.0000000000e+00	
7.2883094039e-05	9.9993537584e-01	9.9993532570e-01	0.0000000000e+00	0.0000000000e+00	1.0056896737e+00	1.0000000000e+00	
7.4580759385e-05	9.9993545077e-01	9.9993539827e-01	0.0000000000e+00	0.0000000000e+00	1.0056831098e+00	1.0000000000e+00	
7.6317968438e-05	9.9993552923e-01	9.9993547425e-01	0.0000000000e+00	0.0000000000e+00	1.0056762366e+00	1.0000000000e+00	
7.8095642288e-05	9.9993561138e-01	9.9993555382e-01	0.0000000000e+00	0.0000000000e+00	1.0056690398e+00	1.0000000000e+00	
7.9914723481e-05	9.9993569741e-01	9.9993563713e-01	0.0000000000e+00	0.0000000000e+00	1.0056615040e+00	1.0000000000e+00	
8.1776176518e-05	9.9993578748e-01	9.9993572436e-01	0.0000000000e+00	0.0000000000e+00	1.0056536133e+00	1.0000000000e+00	
8.3680988366e-05	9.9993588180e-01	9.9993581571e-01	0.0000000000e+00	0.0000000000e+00	1.0056453511e+00	1.0000000000e+00	
8.5630168982e-05	9.9993598056e-01	9.9993591135e-01	0.0000000000e+00	0.0000000000e+00	1.0056366998e+00	1.0000000000e+00	
8.7624751847e-05	9.9993608397e-01	9.9993601150e-01	0.0000000000e+00	0.0000000000e+00	1.0056276411e+00	1.0000000000e+00	
8.9665794516e-05	9.9993619224e-01	9.9993611636e-01	0.0000000000e+00	0.0000000000e+00	1.0056181558e+00	1.0000000000e+00	
9.1754379175e-05	9.9993630562e-01	9.9993622616e-01	0.0000000000e+00	0.0000000000e+00	1.0056082240e+00	1.0000000000e+00	
9.3891613221e-05	9.9993642434e-01	9.9993634113e-01	0.0000000000e+00	0.0000000000e+00	1.0055978245e+00	1.0000000000e+00	
9.6078629843e-05	9.9993654864e-01	9.9993646151e-01	0.0000000000e+00	0.0000000000e+00	1.0055869355e+00	1.0000000000e+00	
9.8316588626e-05	9.9993667879e-01	9.9993658756e-01	0.0000000000e+00	0.0000000000e+00	1.0055755338e+00	1.0000000000e+00	
1.0060667617e-04	9.9993681508e-01	9.9993671955e-01	0.0000000000e+00	0.0000000000e+00	1.0055635953e+00	1.0000000000e+00	
1.0295010670e-04	9.9993695778e-01	9.9993685774e-01	0.0000000000e+00	0.0000000000e+00	1.0055510949e+00	1.0000000000e+00	
1.0534812274e-04	9.9993710719e-01	9.9993700244e-01	0.0000000000e+00	0.0000000000e+00	1.0055380061e+00	1.0000000000e+00	
1.0780199575e-04	9.9993726364e-01	9.9993715395e-01	0.0000000000e+00	0.0000000000e+00	1.0055243012e+00	1.0000000000e+00	
1.1031302680e-04	9.9993742745e-01	9.9993731259e-01	0.0000000000e+00	0.0000000000e+00	1.0055099514e+00	1.0000000000e+00	
1.1288254728e-04	9.9993759897e-01	9.9993747870e-01	0.0000000000e+00	0.0000000000e+00	1.0054949261e+00	1.0000000000e+00	
1.1551191959e-04	9.9993777856e-01	9.9993765263e-01	0.0000000000e+00	0.0000000000e+00	1.0054791938e+00	1.0000000000e+00	
1.1820253784e-04	9.9993796660e-01	9.9993783473e-01	0.0000000000e+00	0.0000000000e+00	1.0054627213e+00	1.0000000000e+00	
1.2095582864e-04	9.9993816350e-01	9.9993802541e-01	0.0000000000e+00	0.0000000000e+00	1.0054454736e+00	1.0000000000e+00	
1.2377325182e-04	9.9993836965e-01	9.9993822505e-01	0.0000000000e+00	0.0000000000e+00	1.0054274145e+00	1.0000000000e+00	
1.2665630122e-04	9.9993858550e-01	9.9993843409e-01	0.0000000000e+00	0.0000000000e+00	1.0054085058e+00	1.0000000000e+00	
1.2960650547e-04	9.9993881151e-01	9.9993865296e-01	0.0000000000e+00	0.0000000000e+00	1.0053887077e+00	1.0000000000e+00	
1.3262542880e-04	9.9993904814e-01	9.9993888213e-01	0.0000000000e+00	0.0000000000e+00	1.0053679783e+00	1.0000000000e+00	
1.3571467189e-04	9.9993929591e-01	9.9993912207e-01	0.0000000000e+00	0.0000000000e+00	1.0053462739e+00	1.0000000000e+00	
1.3887587269e-04	9.9993955533e-01	9.9993937329e-01	0.0000000000e+00	0.0000000000e+00	1.0053235489e+00	1.0000000000e+00	
1.4211070732e-04	9.9993982695e-01	9.9993963633e-01	0.0000000000e+00	0.0000000000e+00	1.0052997553e+00	1.0000000000e+00	
1.4542089093e-04	9.9994011133e-01	9.9993991173e-01	0.0000000000e+00	0.0000000000e+00	1.0052748429e+00	1.0000000000e+00	
1.4880817862e-04	9.9994040909e-01	9.9994020008e-01	0.0000000000e+00	0.0000000000e+00	1.0052487594e+00	1.0000000000e+00	
1.5227436638e-04	9.9994072085e-01	9.9994050199e-01	0.0000000000e+00	0.0000000000e+00	1.0052214497e+00	1.0000000000e+00	
1.5582129202e-04	9.9994104726e-01	9.9994081808e-01	0.0000000000e+00	0.0000000000e+00	1.0051928565e+00	1.0000000000e+00	
1.5945083617e-04	9.9994138900e-01	9.9994114903e-01	0.0000000000e+00	0.0000000000e+00	1.0051629195e+00	1.0000000000e+00	
1.6316492327e-04	9.9994174681e-01	9.9994149552e-01	0.0000000000e+00	0.0000000000e+00	1.0051315758e+00	1.0000000000e+00	
1.6696552257e-04	9.9994212143e-01	9.9994185830e-01	0.0000000000e+00	0.0000000000e+00	1.0050987595e+00	1.0000000000e+00	
1.7085464919e-04	9.9994251364e-01	9.9994223811e-01	0.0000000000e+00	0.0000000000e+00	1.0050644017e+00	1.0000000000e+00	
1.7483436522e-04	9.9994292428e-01	9.9994263576e-01	0.0000000000e+00	0.0000000000e+00	1.0050284301e+00	1.0000000000e+00	
1.7890678074e-04	9.9994335420e-01	9.9994305208e-01	0.0000000000e+00	0.0000000000e+00	1.0049907693e+00	1.0000000000e+00	
1.8307405500e-04	9.9994380431e-01	9.9994348795e-01	0.0000000000e+00	0.0000000000e+00	1.0049513402e+00	1.0000000000e+00	
1.8733839755e-04	9.9994427555e-01	9.9994394428e-01	0.0000000000e+00	0.0000000000e+00	1.0049100601e+00	1.0000000000e+00	
1.9170206940e-04	9.9994476890e-01	9.9994442202e-01	0.0000000000e+00	0.0000000000e+00	1.0048668425e+00	1.0000000000e+00	
1.9616738422e-04	9.9994528541e-01	9.9994492218e-01	0.0000000000e+00	0.0000000000e+00	1.0048215968e+00	1.0000000000e+00	
2.0073670959e-04	9.9994582616e-01	9.9994544580e-01	0.0000000000e+00	0.0000000000e+00	1.0047742283e+00	1.0000000000e+00	
2.0541246822e-04	9.9994639226e-01	9.9994599399e-01	0.0000000000e+00	0.0000000000e+00	1.0047246379e+00	1.0000000000e+00	
2.1019713925e-04	9.9994698492e-01	9.9994656787e-01	0.0000000000e+00	0.0000000000e+00	1.0046727219e+00	1.0000000000e+00	
2.1509325959e-04	9.9994760537e-01	9.9994716866e-01	0.0000000000e+00	0.0000000000e+00	1.0046183717e+00	1.0000000000e+00	
2.2010342523e-04	9.9994825490e-01	9.9994779760e-01	0.0000000000e+00	0.0000000000e+00	1.0045614739e+00	1.0000000000e+00	
2.2523029261e-04	9.9994893487e-01	9.9994845602e-01	0.0000000000e+00	0.0000000000e+00	1.0045019097e+00	1.0000000000e+00	
2.3047658008e-04	9.9994964669e-01	9.9994914527e-01	0.0000000000e+00	0.0000000000e+00	1.0044395550e+00	1.0000000000e+00	
2.3584506928e-04	9.9995039186e-01	9.9994986681e-01	0.0000000000e+00	0.0000000000e+00	1.0043742797e+00	1.0000000000e+00	
2.4133860666e-04	9.9995117192e-01	9.9995062212e-01	0.0000000000e+00	0.0000000000e+00	1.0043059480e+00	1.0000000000e+00	
2.4696010496e-04	9.9995198850e-01	9.9995141278e-01	0.0000000000e+00	0.0000000000e+00	1.0042344178e+00	1.0000000000e+00	
2.5271254478e-04	9.9995284328e-01	9.9995224043e-01	0.0000000000e+00	0.0000000000e+00	1.0041595405e+00	1.0000000000e+00	
2.5859897614e-04	9.9995373806e-01	9.9995310678e-01	0.0000000000e+00	0.0000000000e+00	1.0040811605e+00	1.0000000000e+00	
2.6462252009e-04	9.9995467467e-01	9.9995401364e-01	0.0000000000e+00	0.0000000000e+00	1.0039991154e+00	1.0000000000e+00	
2.7078637041e-04	9.9995565507e-01	9.9995496288e-01	0.0000000000e+00	0.0000000000e+00	1.0039132351e+00	1.0000000000e+00	
2.7709379524e-04	9.9995668128e-01	9.9995595646e-01	0.0000000000e+00	0.0000000000e+00	1.0038233421e+00	1.0000000000e+00	
2.8354813888e-04	9.9995775543e-01	9.9995699644e-01	0.0000000000e+00	0.0000000000e+00	1.0037292503e+00	1.0000000000e+00	
2.9015282349e-04	9.9995887972e-01	9.9995808496e-01	0.0000000000e+00	0.0000000000e+00	1.0036307657e+00	1.0000000000e+00	
2.9691135097e-04	9.9996005649e-01	9.9995922426e-01	0.0000000000e+00	0.0000000000e+00	1.0035276852e+00	1.0000000000e+00	
3.0382730477e-04	9.9996128815e-01	9.9996041669e-01	0.0000000000e+00	0.0000000000e+00	1.0034197965e+00	1.0000000000e+00	
3.1090435184e-04	9.9996257723e-01	9.9996166469e-01	0.0000000000e+00	0.0000000000e+00	1.0033068779e+00	1.0000000000e+00	
3.1814624450e-04	9.9996392639e-01	9.9996297082e-01	0.0000000000e+00	0.0000000000e+00	1.0031886975e+00	1.0000000000e+00	
3.2555682252e-04	9.9996533838e-01	9.9996433777e-01	0.0000000000e+00	0.0000000000e+00	1.0030650131e+00	1.0000000000e+00	
3.3314001508e-04	9.9996681610e-01	9.9996576832e-01	0.0000000000e+00	0.0000000000e+00	1.0029355716e+00	1.0000000000e+00	
3.4089984288e-04	9.9996836257e-01	9.9996726539e-01	0.0000000000e+00	0.0000000000e+00	1.0028001085e+00	1.0000000000e+00	
3.4884042028e-04	9.9996998094e-01	9.9996883204e-01	0.0000000000e+00	0.0000000000e+00	1.0026583477e+00	1.0000000000e+00	
3.5696595750e-04	9.9997167451e-01	9.9997047144e-01	0.0000000000e+00	0.0000000000e+00	1.0025100006e+00	1.0000000000e+00	
3.6528076279e-04	9.9997344671e-01	9.9997218692e-01	0.0000000000e+00	0.0000000000e+00	1.0023547659e+00	1.0000000000e+00	
3.7378924478e-04	9.9997530115e-01	9.9997398196e-01	0.0000000000e+00	0.0000000000e+00	1.0021923289e+00	1.0000000000e+00	
3.8249591478e-04	9.9997724156e-01	9.9997586018e-01	0.0000000000e+00	0.0000000000e+00	1.0020223611e+00	1.0000000000e+00	
3.9140538917e-04	9.9997927188e-01	9.9997782537e-01	0.0000000000e+00	0.0000000000e+00	1.0018445194e+00	1.0000000000e+00	
4.0052239187e-04	9.9998139618e-01	9.9997988147e-01	0.0000000000e+00	0.0000000000e+00	1.0016584458e+00	1.0000000000e+00	
4.0985175686e-04	9.9998361874e-01	9.9998203260e-01	0.0000000000e+00	0.0000000000e+00	1.0014637666e+00	1.0000000000e+00	
4.1939843066e-04	9.9998594400e-01	9.9998428308e-01	0.0000000000e+00	0.0000000000e+00	1.0012600920e+00	1.0000000000e+00	
4.2916747507e-04	9.9998837662e-01	9.9998663738e-01	0.0000000000e+00	0.0000000000e+00	1.0010470151e+00	1.0000000000e+00	
4.3916406976e-04	9.9999092144e-01	9.9998910019e-01	0.0000000000e+00	0.0000000000e+00	1.0008241117e+00	1.0000000000e+00	
4.4939351504e-04	9.9999358351e-01	9.9999167638e-01	0.0000000000e+00	0.0000000000e+00	1.0005909390e+00	1.0000000000e+00	
4.5986123472e-04	9.9999636811e-01	9.9999437104e-01	0.0000000000e+00	0.0000000000e+00	1.0003470356e+00	1.0000000000e+00	
4.7057277891e-04	9.9999928072e-01	9.9999718948e-01	0.0000000000e+00	0.0000000000e+00	1.0000919205e+00	1.0000000000e+00	
4.8153382702e-04	1.0000023271e+00	1.0000001372e+00	0.0000000000e+00	0.0000000000e+00	9.9982509221e-01	1.0000000000e+00	
4.9275019073e-04	1.0000055132e+00	1.0000032200e+00	0.0000000000e+00	0.0000000000e+00	9.9954602817e-01	1.0000000000e+00	
5.0422781712e-04	1.0000088452e+00	1.0000064439e+00	0.0000000000e+00	0.0000000000e+00	9.9925418403e-01	1.0000000000e+00	
5.1597279177e-04	1.0000123296e+00	1.0000098151e+00	0.0000000000e+00	0.0000000000e+00	9.9894899283e-01	1.0000000000e+00	
5.2799134203e-04	1.0000159732e+00	1.0000133400e+00	0.0000000000e+00	0.0000000000e+00	9.9862986421e-01	1.0000000000e+00	
5.4028984028e-04	1.0000197829e+00	1.0000170256e+00	0.0000000000e+00	0.0000000000e+00	9.9829618361e-01	1.0000000000e+00	
5.5287480736e-04	1.0000237661e+00	1.0000208787e+00	0.0000000000e+00	0.0000000000e+00	9.9794731152e-01	1.0000000000e+00	
5.6575291598e-04	1.0000279304e+00	1.0000249068e+00	0.0000000000e+00	0.0000000000e+00	9.9758258261e-01	1.0000000000e+00	
5.7893099429e-04	1.0000322837e+00	1.0000291175e+00	0.0000000000e+00	0.0000000000e+00	9.9720130495e-01	1.0000000000e+00	
5.9241602947e-04	1.0000368342e+00	1.0000335186e+00	0.0000000000e+00	0.0000000000e+00	9.9680275919e-01	1.0000000000e+00	
6.0621517147e-04	1.0000415905e+00	1.0000381185e+00	0.0000000000e+00	0.0000000000e+00	9.9638619776e-01	1.0000000000e+00	
6.2033573678e-04	1.0000465613e+00	1.0000429255e+00	0.0000000000e+00	0.0000000000e+00	9.9595084401e-01	1.0000000000e+00	
6.3478521231e-04	1.0000517560e+00	1.0000479487e+00	0.0000000000e+00	0.0000000000e+00	9.9549589146e-01	1.0000000000e+00	
6.4957125936e-04	1.0000571841e+00	1.0000531971e+00	0.0000000000e+00	0.0000000000e+00	9.9502050301e-01	1.0000000000e+00	
6.6470171769e-04	1.0000628555e+00	1.0000586804e+00	0.0000000000e+00	0.0000000000e+00	9.9452381012e-01	1.0000000000e+00	
6.8018460967e-04	1.0000687806e+00	1.0000644084e+00	0.0000000000e+00	0.0000000000e+00	9.9400491211e-01	1.0000000000e+00	
6.9602814453e-04	1.0000749699e+00	1.0000703914e+00	0.0000000000e+00	0.0000000000e+00	9.9346287541e-01	1.0000000000e+00	
7.1224072273e-04	1.0000814346e+00	1.0000766400e+00	0.0000000000e+00	0.0000000000e+00	9.9289673290e-01	1.0000000000e+00	
7.2883094039e-04	1.0000881860e+00	1.0000831652e+00	0.0000000000e+00	0.0000000000e+00	9.9230548326e-01	1.0000000000e+00	
7.4580759385e-04	1.0000952361e+00	1.0000899783e+00	0.0000000000e+00	0.0000000000e+00	9.9168809034e-01	1.0000000000e+00	
7.6317968438e-04	1.0001025971e+00	1.0000970911e+00	0.0000000000e+00	0.0000000000e+00	9.9104348271e-01	1.0000000000e+00	
7.8095642288e-04	1.0001102817e+00	1.0001045158e+00	0.0000000000e+00	0.0000000000e+00	9.9037055311e-01	1.0000000000e+00	
7.9914723481e-04	1.0001183028e+00	1.0001122647e+00	0.0000000000e+00	0.0000000000e+00	9.8966815814e-01	1.0000000000e+00	
8.1776176518e-04	1.0001266741e+00	1.0001203509e+00	0.0000000000e+00	0.0000000000e+00	9.8893511792e-01	1.0000000000e+00	
8.3680988366e-04	1.0001354094e+00	1.0001287876e+00	0.0000000000e+00	0.0000000000e+00	9.8817021591e-01	1.0000000000e+00	
8.5630168982e-04	1.0001445231e+00	1.0001375886e+00	0.0000000000e+00	0.0000000000e+00	9.8737219889e-01	1.0000000000e+00	
8.7624751847e-04	1.0001540299e+00	1.0001467679e+00	0.0000000000e+00	0.0000000000e+00	9.8653977695e-01	1.0000000000e+00	
8.9665794516e-04	1.0001639450e+00	1.0001563400e+00	0.0000000000e+00	0.0000000000e+00	9.8567162376e-01	1.0000000000e+00	
9.1754379175e-04	1.0001742839e+00	1.0001663198e+00	0.0000000000e+00	0.0000000000e+00	9.8476637693e-01	1.0000000000e+00	
9.3891613221e-04	1.0001850628e+00	1.0001767224e+00	0.0000000000e+00	0.0000000000e+00	9.8382263854e-01	1.0000000000e+00	
9.6078629843e-04	1.0001962979e+00	1.0001875636e+00	0.0000000000e+00	0.0000000000e+00	9.8283897597e-01	1.0000000000e+00	
9.8316588626e-04	1.0002080062e+00	1.0001988591e+00	0.0000000000e+00	0.0000000000e+00	9.8181392284e-01	1.0000000000e+00	
1.0060667617e-03	1.0002202046e+00	1.0002106253e+00	0.0000000000e+00	0.0000000000e+00	9.8074598025e-01	1.0000000000e+00	
1.0295010670e-03	1.0002329109e+00	1.0002228788e+00	0.0000000000e+00	0.0000000000e+00	9.7963361833e-01	1.0000000000e+00	
1.0534812274e-03	1.0002461427e+00	1.0002356365e+00	0.0000000000e+00	0.0000000000e+00	9.7847527801e-01	1.0000000000e+00	
1.0780199575e-03	1.0002599184e+00	1.0002489155e+00	0.0000000000e+00	0.0000000000e+00	9.7726937316e-01	1.0000000000e+00	
1.1031302680e-03	1.0002742563e+00	1.0002627332e+00	0.0000000000e+00	0.0000000000e+00	9.7601429306e-01	1.0000000000e+00	
1.1288254728e-03	1.0002891752e+00	1.0002771073e+00	0.0000000000e+00	0.0000000000e+00	9.7470840527e-01	1.0000000000e+00	
1.1551191959e-03	1.0003046940e+00	1.0002920554e+00	0.0000000000e+00	0.0000000000e+00	9.7335005891e-01	1.0000000000e+00	
1.1820253784e-03	1.0003208319e+00	1.0003075954e+00	0.0000000000e+00	0.0000000000e+00	9.7193758832e-01	1.0000000000e+00	
1.2095582864e-03	1.0003376080e+00	1.0003237454e+00	0.0000000000e+00	0.0000000000e+00	9.7046931732e-01	1.0000000000e+00	
1.2377325182e-03	1.0003550418e+00	1.0003405232e+00	0.0000000000e+00	0.0000000000e+00	9.6894356379e-01	1.0000000000e+00	
1.2665630122e-03	1.0003731524e+00	1.0003579469e+00	0.0000000000e+00	0.0000000000e+00	9.6735864499e-01	1.0000000000e+00	
1.2960650547e-03	1.0003919593e+00	1.0003760341e+00	0.0000000000e+00	0.0000000000e+00	9.6571288327e-01	1.0000000000e+00	
1.3262542880e-03	1.0004114815e+00	1.0003948024e+00	0.0000000000e+00	0.0000000000e+00	9.6400461250e-01	1.0000000000e+00	
1.3571467189e-03	1.0004317381e+00	1.0004142693e+00	0.0000000000e+00	0.0000000000e+00	9.6223218502e-01	1.0000000000e+00	
1.3887587269e-03	1.0004527479e+00	1.0004344463e+00	0.0000000000e+00	0.0000000000e+00	9.6039404347e-01	1.0000000000e+00	
1.4211070732e-03	1.0004745291e+00	1.0004553543e+00	0.0000000000e+00	0.0000000000e+00	9.5848854565e-01	1.0000000000e+00	
1.4542089093e-03	1.0004970995e+00	1.0004770103e+00	0.0000000000e+00	0.0000000000e+00	9.5651413526e-01	1.0000000000e+00	
1.4880817862e-03	1.0005204764e+00	1.0004994297e+00	0.0000000000e+00	0.0000000000e+00	9.5446932202e-01	1.0000000000e+00	
1.5227436638e-03	1.0005446762e+00	1.0005226268e+00	0.0000000000e+00	0.0000000000e+00	9.5235267944e-01	1.0000000000e+00	
1.5582129202e-03	1.0005697147e+00	1.0005466151e+00	0.0000000000e+00	0.0000000000e+00	9.5016285605e-01	1.0000000000e+00	
1.5945083617e-03	1.0005956066e+00	1.0005714070e+00	0.0000000000e+00	0.0000000000e+00	9.4789858733e-01	1.0000000000e+00	
1.6316492327e-03	1.0006223655e+00	1.0005970138e+00	0.0000000000e+00	0.0000000000e+00	9.4555870838e-01	1.0000000000e+00	
1.6696552257e-03	1.0006500037e+00	1.0006234453e+00	0.0000000000e+00	0.0000000000e+00	9.4314216722e-01	1.0000000000e+00	
1.7085464919e-03	1.0006785322e+00	1.0006507097e+00	0.0000000000e+00	0.0000000000e+00	9.4064803882e-01	1.0000000000e+00	
1.7483436522e-03	1.0007079603e+00	1.0006788135e+00	0.0000000000e+00	0.0000000000e+00	9.3807553965e-01	1.0000000000e+00	
1.7890678074e-03	1.0007382955e+00	1.0007077616e+00	0.0000000000e+00	0.0000000000e+00	9.3542404269e-01	1.0000000000e+00	
1.8307405500e-03	1.0007695436e+00	1.0007375564e+00	0.0000000000e+00	0.0000000000e+00	9.3269309300e-01	1.0000000000e+00	
1.8733839755e-03	1.0008017080e+00	1.0007681982e+00	0.0000000000e+00	0.0000000000e+00	9.2988242340e-01	1.0000000000e+00	
1.9170206940e-03	1.0008347899e+00	1.0007996851e+00	0.0000000000e+00	0.0000000000e+00	9.2699197040e-01	1.0000000000e+00	
1.9616738422e-03	1.0008687883e+00	1.0008320121e+00	0.0000000000e+00	0.0000000000e+00	9.2402189005e-01	1.0000000000e+00	
2.0073670959e-03	1.0009036991e+00	1.0008651718e+00	0.0000000000e+00	0.0000000000e+00	9.2097257354e-01	1.0000000000e+00	
2.0541246822e-03	1.0009395157e+00	1.0008991536e+00	0.0000000000e+00	0.0000000000e+00	9.1784466228e-01	1.0000000000e+00	
2.1019713925e-03	1.0009762285e+00	1.0009339439e+00	0.0000000000e+00	0.0000000000e+00	9.1463906219e-01	1.0000000000e+00	
2.1509325959e-03	1.0010138246e+00	1.0009695254e+00	0.0000000000e+00	0.0000000000e+00	9.1135695691e-01	1.0000000000e+00	
2.2010342523e-03	1.0010522880e+00	1.0010058778e+00	0.0000000000e+00	0.0000000000e+00	9.0799981946e-01	1.0000000000e+00	
2.2523029261e-03	1.0010915994e+00	1.0010429770e+00	0.0000000000e+00	0.0000000000e+00	9.0456942199e-01	1.0000000000e+00	
2.3047658008e-03	1.0011317358e+00	1.0010807951e+00	0.0000000000e+00	0.0000000000e+00	9.0106784323e-01	1.0000000000e+00	
2.3584506928e-03	1.0011726709e+00	1.0011193008e+00	0.0000000000e+00	0.0000000000e+00	8.9749747296e-01	1.0000000000e+00	
2.4133860666e-03	1.0012143749e+00	1.0011584587e+00	0.0000000000e+00	0.0000000000e+00	8.9386101308e-01	1.0000000000e+00	
2.4696010496e-03	1.0012568144e+00	1.0011982298e+00	0.0000000000e+00	0.0000000000e+00	8.9016147464e-01	1.0000000000e+00	
2.5271254478e-03	1.0012999528e+00	1.0012385716e+00	0.0000000000e+00	0.0000000000e+00	8.8640217017e-01	1.0000000000e+00	
2.5859897614e-03	1.0013437501e+00	1.0012794378e+00	0.0000000000e+00	0.0000000000e+00	8.8258670073e-01	1.0000000000e+00	
2.6462252009e-03	1.0013881633e+00	1.0013207789e+00	0.0000000000e+00	0.0000000000e+00	8.7871893680e-01	1.0000000000e+00	
2.7078637041e-03	1.0014331468e+00	1.0013625425e+00	0.0000000000e+00	0.0000000000e+00	8.7480299259e-01	1.0000000000e+00	
2.7709379524e-03	1.0014786525e+00	1.0014046733e+00	0.0000000000e+00	0.0000000000e+00	8.7084319280e-01	1.0000000000e+00	
2.8354813888e-03	1.0015246307e+00	1.0014471139e+00	0.0000000000e+00	0.0000000000e+00	8.6684403137e-01	1.0000000000e+00	
2.9015282349e-03	1.0015710300e+00	1.0014898052e+00	0.0000000000e+00	0.0000000000e+00	8.6281012155e-01	1.0000000000e+00	
2.9691135097e-03	1.0016177988e+00	1.0015326871e+00	0.0000000000e+00	0.0000000000e+00	8.5874613668e-01	1.0000000000e+00	
3.0382730477e-03	1.0016648853e+00	1.0015756993e+00	0.0000000000e+00	0.0000000000e+00	8.5465674141e-01	1.0000000000e+00	
3.1090435184e-03	1.0017122391e+00	1.0016187821e+00	0.0000000000e+00	0.0000000000e+00	8.5054651307e-01	1.0000000000e+00	
3.1814624450e-03	1.0017598116e+00	1.0016618773e+00	0.0000000000e+00	0.0000000000e+00	8.4641985298e-01	1.0000000000e+00	
3.2555682252e-03	1.0018075574e+00	1.0017049297e+00	0.0000000000e+00	0.0000000000e+00	8.4228088824e-01	1.0000000000e+00	
3.3314001508e-03	1.0018554357e+00	1.0017478877e+00	0.0000000000e+00	0.0000000000e+00	8.3813336410e-01	1.0000000000e+00	
3.4089984288e-03	1.0019034112e+00	1.0017907052e+00	0.0000000000e+00	0.0000000000e+00	8.3398052819e-01	1.0000000000e+00	
3.4884042028e-03	1.0019514561e+00	1.0018333425e+00	0.0000000000e+00	0.0000000000e+00	8.2982500754e-01	1.0000000000e+00	
3.5696595750e-03	1.0019995507e+00	1.0018757680e+00	0.0000000000e+00	0.0000000000e+00	8.2566868040e-01	1.0000000000e+00	
3.6528076279e-03	1.0020476858e+00	1.0019179596e+00	0.0000000000e+00	0.0000000000e+00	8.2151254522e-01	1.0000000000e+00	
3.7378924478e-03	1.0020958635e+00	1.0019599061e+00	0.0000000000e+00	0.0000000000e+00	8.1735658932e-01	1.0000000000e+00	
3.8249591478e-03	1.0021440992e+00	1.0020016088e+00	0.0000000000e+00	0.0000000000e+00	8.1319966124e-01	1.0000000000e+00	
3.9140538917e-03	1.0021924224e+00	1.0020430825e+00	0.0000000000e+00	0.0000000000e+00	8.0903935063e-01	1.0000000000e+00	
4.0052239187e-03	1.0022408786e+00	1.0020843572e+00	0.0000000000e+00	0.0000000000e+00	8.0487188039e-01	1.0000000000e+00	
4.0985175686e-03	1.0022895297e+00	1.0021254786e+00	0.0000000000e+00	0.0000000000e+00	8.0069201682e-01	1.0000000000e+00	
4.1939843066e-03	1.0023384550e+00	1.0021665090e+00	0.0000000000e+00	0.0000000000e+00	7.9649300318e-01	1.0000000000e+00	
4.2916747507e-03	1.0023877518e+00	1.0022075277e+00	0.0000000000e+00	0.0000000000e+00	7.9226652335e-01	1.0000000000e+00	
4.3916406976e-03	1.0024375353e+00	1.0022486312e+00	0.0000000000e+00	0.0000000000e+00	7.8800270209e-01	1.0000000000e+00	
4.4939351504e-03	1.0024879379e+00	1.0022899320e+00	0.0000000000e+00	0.0000000000e+00	7.8369014816e-01	1.0000000000e+00	
4.5986123472e-03	1.0025391083e+00	1.0023315585e+00	0.0000000000e+00	0.0000000000e+00	7.7931604701e-01	1.0000000000e+00	
4.7057277891e-03	1.0025912101e+00	1.0023736520e+00	0.0000000000e+00	0.0000000000e+00	7.7486630831e-01	1.0000000000e+00	
4.8153382702e-03	1.0026444189e+00	1.0024163657e+00	0.0000000000e+00	0.0000000000e+00	7.7032577307e-01	1.0000000000e+00	
4.9275019073e-03	1.0026989198e+00	1.0024598604e+00	0.0000000000e+00	0.0000000000e+00	7.6567848315e-01	1.0000000000e+00	
5.0422781712e-03	1.0027549033e+00	1.0025043014e+00	0.0000000000e+00	0.0000000000e+00	7.6090801422e-01	1.0000000000e+00	
5.1597279177e-03	1.0028125608e+00	1.0025498536e+00	0.0000000000e+00	0.0000000000e+00	7.5599787022e-01	1.0000000000e+00	
5.2799134203e-03	1.0028720799e+00	1.0025966767e+00	0.0000000000e+00	0.0000000000e+00	7.5093193426e-01	1.0000000000e+00	
5.4028984028e-03	1.0029336383e+00	1.0026449175e+00	0.0000000000e+00	0.0000000000e+00	7.4569496756e-01	1.0000000000e+00	
5.5287480736e-03	1.0029973978e+00	1.0026947082e+00	0.0000000000e+00	0.0000000000e+00	7.4027314230e-01	1.0000000000e+00	
5.6575291598e-03	1.0030634982e+00	1.0027461567e+00	0.0000000000e+00	0.0000000000e+00	7.3465459233e-01	1.0000000000e+00	
5.7893099429e-03	1.0031320509e+00	1.0027993405e+00	0.0000000000e+00	0.0000000000e+00	7.2882995904e-01	1.0000000000e+00	
5.9241602947e-03	1.0032031336e+00	1.0028543014e+00	0.0000000000e+00	0.0000000000e+00	7.2279290603e-01	1.0000000000e+00	
6.0621517147e-03	1.0032767845e+00	1.0029110403e+00	0.0000000000e+00	0.0000000000e+00	7.1654057309e-01	1.0000000000e+00	
6.2033573678e-03	1.0033529987e+00	1.0029695130e+00	0.0000000000e+00	0.0000000000e+00	7.1007393670e-01	1.0000000000e+00	
6.3478521231e-03	1.0034317253e+00	1.0030296272e+00	0.0000000000e+00	0.0000000000e+00	7.0339804424e-01	1.0000000000e+00	
6.4957125936e-03	1.0035128664e+00	1.0030912419e+00	0.0000000000e+00	0.0000000000e+00	6.9652208940e-01	1.0000000000e+00	
6.6470171769e-03	1.0035962790e+00	1.0031541686e+00	0.0000000000e+00	0.0000000000e+00	6.8945930130e-01	1.0000000000e+00	
6.8018460967e-03	1.0036817778e+00	1.0032181748e+00	0.0000000000e+00	0.0000000000e+00	6.8222662576e-01	1.0000000000e+00	
6.9602814453e-03	1.0037691419e+00	1.0032829896e+00	0.0000000000e+00	0.0000000000e+00	6.7484418900e-01	1.0000000000e+00	
7.1224072273e-03	1.0038581234e+00	1.0033483131e+00	0.0000000000e+00	0.0000000000e+00	6.6733454670e-01	1.0000000000e+00	
7.2883094039e-03	1.0039484573e+00	1.0034138263e+00	0.0000000000e+00	0.0000000000e+00	6.5972173954e-01	1.0000000000e+00	
7.4580759385e-03	1.0040398753e+00	1.0034792035e+00	0.0000000000e+00	0.0000000000e+00	6.5203019513e-01	1.0000000000e+00	
7.6317968438e-03	1.0041321180e+00	1.0035441263e+00	0.0000000000e+00	0.0000000000e+00	6.4428353673e-01	1.0000000000e+00	
7.8095642288e-03	1.0042249496e+00	1.0036082967e+00	0.0000000000e+00	0.0000000000e+00	6.3650337893e-01	1.0000000000e+00	
7.9914723481e-03	1.0043181703e+00	1.0036714501e+00	0.0000000000e+00	0.0000000000e+00	6.2870820588e-01	1.0000000000e+00	
8.1776176518e-03	1.0044116267e+00	1.0037333654e+00	0.0000000000e+00	0.0000000000e+00	6.2091243783e-01	1.0000000000e+00	
8.3680988366e-03	1.0045052193e+00	1.0037938729e+00	0.0000000000e+00	0.0000000000e+00	6.1312579161e-01	1.0000000000e+00	
8.5630168982e-03	1.0045989057e+00	1.0038528560e+00	0.0000000000e+00	0.0000000000e+00	6.0535302854e-01	1.0000000000e+00	
8.7624751847e-03	1.0046926975e+00	1.0039102499e+00	0.0000000000e+00	0.0000000000e+00	5.9759415718e-01	1.0000000000e+00	
8.9665794516e-03	1.0047866534e+00	1.0039660331e+00	0.0000000000e+00	0.0000000000e+00	5.8984511606e-01	1.0000000000e+00	
9.1754379175e-03	1.0048808658e+00	1.0040202143e+00	0.0000000000e+00	0.0000000000e+00	5.8209890737e-01	1.0000000000e+00	
9.3891613221e-03	1.0049754442e+00	1.0040728160e+00	0.0000000000e+00	0.0000000000e+00	5.7434708735e-01	1.0000000000e+00	
9.6078629843e-03	1.0050704960e+00	1.0041238547e+00	0.0000000000e+00	0.0000000000e+00	5.6658145317e-01	1.0000000000e+00	
9.8316588626e-03	1.0051661072e+00	1.0041733218e+00	0.0000000000e+00	0.0000000000e+00	5.5879570720e-01	1.0000000000e+00	
1.0060667617e-02	1.0052623275e+00	1.0042211685e+00	0.0000000000e+00	0.0000000000e+00	5.5098684191e-01	1.0000000000e+00	
1.0295010670e-02	1.0053591599e+00	1.0042672953e+00	0.0000000000e+00	0.0000000000e+00	5.4315598324e-01	1.0000000000e+00	
1.0534812274e-02	1.0054565603e+00	1.0043115514e+00	0.0000000000e+00	0.0000000000e+00	5.3530847047e-01	1.0000000000e+00	
1.0780199575e-02	1.0055544468e+00	1.0043537443e+00	0.0000000000e+00	0.0000000000e+00	5.2745304016e-01	1.0000000000e+00	
1.1031302680e-02	1.0056527186e+00	1.0043936582e+00	0.0000000000e+00	0.0000000000e+00	5.1960012189e-01	1.0000000000e+00	
1.1288254728e-02	1.0057512841e+00	1.0044310817e+00	0.0000000000e+00	0.0000000000e+00	5.1175942914e-01	1.0000000000e+00	
1.1551191959e-02	1.0058500915e+00	1.0044658394e+00	0.0000000000e+00	0.0000000000e+00	5.0393721602e-01	1.0000000000e+00	
1.1820253784e-02	1.0059491578e+00	1.0044978197e+00	0.0000000000e+00	0.0000000000e+00	4.9613373066e-01	1.0000000000e+00	
1.2095582864e-02	1.0060485889e+00	1.0045269949e+00	0.0000000000e+00	0.0000000000e+00	4.8834148360e-01	1.0000000000e+00	
1.2377325182e-02	1.0061485829e+00	1.0045534256e+00	0.0000000000e+00	0.0000000000e+00	4.8054491983e-01	1.0000000000e+00	
1.2665630122e-02	1.0062494134e+00	1.0045772421e+00	0.0000000000e+00	0.0000000000e+00	4.7272190451e-01	1.0000000000e+00	
1.2960650547e-02	1.0063513914e+00	1.0045986069e+00	0.0000000000e+00	0.0000000000e+00	4.6484710319e-01	1.0000000000e+00	
1.3262542880e-02	1.0064548089e+00	1.0046176592e+00	0.0000000000e+00	0.0000000000e+00	4.5689689410e-01	1.0000000000e+00	
1.3571467189e-02	1.0065598756e+00	1.0046344507e+00	0.0000000000e+00	0.0000000000e+00	4.4885497838e-01	1.0000000000e+00	
1.3887587269e-02	1.0066666608e+00	1.0046488884e+00	0.0000000000e+00	0.0000000000e+00	4.4071747588e-01	1.0000000000e+00	
1.4211070732e-02	1.0067750568e+00	1.0046606979e+00	0.0000000000e+00	0.0000000000e+00	4.3249615018e-01	1.0000000000e+00	
1.4542089093e-02	1.0068847763e+00	1.0046694220e+00	0.0000000000e+00	0.0000000000e+00	4.2421861163e-01	1.0000000000e+00	
1.4880817862e-02	1.0069953908e+00	1.0046744590e+00	0.0000000000e+00	0.0000000000e+00	4.1592494425e-01	1.0000000000e+00	
1.5227436638e-02	1.0071064057e+00	1.0046751383e+00	0.0000000000e+00	0.0000000000e+00	4.0766111553e-01	1.0000000000e+00	
1.5582129202e-02	1.0072173551e+00	1.0046708169e+00	0.0000000000e+00	0.0000000000e+00	3.9947054222e-01	1.0000000000e+00	
1.5945083617e-02	1.0073278948e+00	1.0046609722e+00	0.0000000000e+00	0.0000000000e+00	3.9138597483e-01	1.0000000000e+00	
1.6316492327e-02	1.0074378632e+00	1.0046452639e+00	0.0000000000e+00	0.0000000000e+00	3.8342407542e-01	1.0000000000e+00	
1.6696552257e-02	1.0075472924e+00	1.0046235462e+00	0.0000000000e+00	0.0000000000e+00	3.7558445919e-01	1.0000000000e+00	
1.7085464921e-02	1.0076563638e+00	1.0045958244e+00	0.0000000000e+00	0.0000000000e+00	3.6785357179e-01	1.0000000000e+00	
1.7483436525e-02	1.0077653249e+00	1.0045621736e+00	0.0000000000e+00	0.0000000000e+00	3.6021196549e-01	1.0000000000e+00	
1.7890678080e-02	1.0078744020e+00	1.0045226528e+00	0.0000000000e+00	0.0000000000e+00	3.5264201904e-01	1.0000000000e+00	
1.8307405513e-02	1.0079837450e+00	1.0044772518e+00	0.0000000000e+00	0.0000000000e+00	3.4513271576e-01	1.0000000000e+00	
1.8733839781e-02	1.0080934321e+00	1.0044258976e+00	0.0000000000e+00	0.0000000000e+00	3.3767925806e-01	1.0000000000e+00	
1.9170206991e-02	1.0082035276e+00	1.0043685151e+00	0.0000000000e+00	0.0000000000e+00	3.3027787281e-01	1.0000000000e+00	
1.9616738522e-02	1.0083141585e+00	1.0043051052e+00	0.0000000000e+00	0.0000000000e+00	3.2291911506e-01	1.0000000000e+00	
2.0073671150e-02	1.0084255497e+00	1.0042357824e+00	0.0000000000e+00	0.0000000000e+00	3.1558469213e-01	1.0000000000e+00	
2.0541247183e-02	1.0085379739e+00	1.0041607277e+00	0.0000000000e+00	0.0000000000e+00	3.0825185336e-01	1.0000000000e+00	
2.1019714595e-02	1.0086516143e+00	1.0040800544e+00	0.0000000000e+00	0.0000000000e+00	3.0090542607e-01	1.0000000000e+00	
2.1509327181e-02	1.0087664006e+00	1.0039936485e+00	0.0000000000e+00	0.0000000000e+00	2.9355219934e-01	1.0000000000e+00	
2.2010344713e-02	1.0088819192e+00	1.0039010839e+00	0.0000000000e+00	0.0000000000e+00	2.8622874966e-01	1.0000000000e+00	
2.2523033127e-02	1.0089974841e+00	1.0038016978e+00	0.0000000000e+00	0.0000000000e+00	2.7899515488e-01	1.0000000000e+00	
2.3047664720e-02	1.0091123726e+00	1.0036948322e+00	0.0000000000e+00	0.0000000000e+00	2.7191414544e-01	1.0000000000e+00	
2.3584518405e-02	1.0092261233e+00	1.0035801360e+00	0.0000000000e+00	0.0000000000e+00	2.6502484001e-01	1.0000000000e+00	
2.4133879991e-02	1.0093387259e+00	1.0034577615e+00	0.0000000000e+00	0.0000000000e+00	2.5832591004e-01	1.0000000000e+00	
2.4696042554e-02	1.0094505787e+00	1.0033283283e+00	0.0000000000e+00	0.0000000000e+00	2.5177926822e-01	1.0000000000e+00	
2.5271306889e-02	1.0095622313e+00	1.0031926758e+00	0.0000000000e+00	0.0000000000e+00	2.4533257730e-01	1.0000000000e+00	
2.5859982084e-02	1.0096740863e+00	1.0030515752e+00	0.0000000000e+00	0.0000000000e+00	2.3894534685e-01	1.0000000000e+00	
2.6462386266e-02	1.0097862646e+00	1.0029056064e+00	0.0000000000e+00	0.0000000000e+00	2.3260065807e-01	1.0000000000e+00	
2.7078847542e-02	1.0098986930e+00	1.0027552550e+00	0.0000000000e+00	0.0000000000e+00	2.2629730807e-01	1.0000000000e+00	
2.7709705208e-02	1.0100112609e+00	1.0026010793e+00	0.0000000000e+00	0.0000000000e+00	2.2003589416e-01	1.0000000000e+00	
2.8355311279e-02	1.0101238211e+00	1.0024437201e+00	0.0000000000e+00	0.0000000000e+00	2.1381859144e-01	1.0000000000e+00	
2.9016032411e-02	1.0102359939e+00	1.0022837163e+00	0.0000000000e+00	0.0000000000e+00	2.0766625983e-01	1.0000000000e+00	
2.9692252285e-02	1.0103470199e+00	1.0021213679e+00	0.0000000000e+00	0.0000000000e+00	2.0163126926e-01	1.0000000000e+00	
3.0384374538e-02	1.0104559665e+00	1.0019569507e+00	0.0000000000e+00	0.0000000000e+00	1.9577918196e-01	1.0000000000e+00	
3.1092826311e-02	1.0105622587e+00	1.0017912520e+00	0.0000000000e+00	0.0000000000e+00	1.9014199174e-01	1.0000000000e+00	
3.1818062479e-02	1.0106660613e+00	1.0016259566e+00	0.0000000000e+00	0.0000000000e+00	1.8468440047e-01	1.0000000000e+00	
3.2560570646e-02	1.0107680494e+00	1.0014634258e+00	0.0000000000e+00	0.0000000000e+00	1.7932392211e-01	1.0000000000e+00	
3.3320876921e-02	1.0108687042e+00	1.0013060045e+00	0.0000000000e+00	0.0000000000e+00	1.7399269154e-01	1.0000000000e+00	
3.4099552527e-02	1.0109678294e+00	1.0011555487e+00	0.0000000000e+00	0.0000000000e+00	1.6867994022e-01	1.0000000000e+00	
3.4897221224e-02	1.0110647218e+00	1.0010136006e+00	0.0000000000e+00	0.0000000000e+00	1.6341684429e-01	1.0000000000e+00	
3.5714567528e-02	1.0111586000e+00	1.0008818144e+00	0.0000000000e+00	0.0000000000e+00	1.5823889913e-01	1.0000000000e+00	
3.6552345648e-02	1.0112486601e+00	1.0007620086e+00	0.0000000000e+00	0.0000000000e+00	1.5318098843e-01	1.0000000000e+00	
3.7411389048e-02	1.0113339335e+00	1.0006560137e+00	0.0000000000e+00	0.0000000000e+00	1.4829011102e-01	1.0000000000e+00	
3.8292620482e-02	1.0114136410e+00	1.0005660074e+00	0.0000000000e+00	0.0000000000e+00	1.4359441997e-01	1.0000000000e+00	
3.9197062338e-02	1.0114878574e+00	1.0004951460e+00	0.0000000000e+00	0.0000000000e+00	1.3904518424e-01	1.0000000000e+00	
4.0125847057e-02	1.0115573013e+00	1.0004473209e+00	0.0000000000e+00	0.0000000000e+00	1.3453574602e-01	1.0000000000e+00	
4.1080227387e-02	1.0116220987e+00	1.0004258899e+00	0.0000000000e+00	0.0000000000e+00	1.3001082573e-01	1.0000000000e+00	
4.2061586206e-02	1.0116811844e+00	1.0004330323e+00	0.0000000000e+00	0.0000000000e+00	1.2551980700e-01	1.0000000000e+00	
4.3071445583e-02	1.0117331685e+00	1.0004705396e+00	0.0000000000e+00	0.0000000000e+00	1.2114153977e-01	1.0000000000e+00	
4.4111474794e-02	1.0117771259e+00	1.0005405136e+00	0.0000000000e+00	0.0000000000e+00	1.1691606678e-01	1.0000000000e+00	
4.5183496940e-02	1.0118125071e+00	1.0006451718e+00	0.0000000000e+00	0.0000000000e+00	1.1285391691e-01	1.0000000000e+00	
4.6289493851e-02	1.0118394340e+00	1.0007870103e+00	0.0000000000e+00	0.0000000000e+00	1.0891188804e-01	1.0000000000e+00	
4.7431608957e-02	1.0118588968e+00	1.0009688402e+00	0.0000000000e+00	0.0000000000e+00	1.0497791178e-01	1.0000000000e+00	
4.8612147830e-02	1.0118711734e+00	1.0011920376e+00	0.0000000000e+00	0.0000000000e+00	1.0101249855e-01	1.0000000000e+00	
4.9833576140e-02	1.0118749588e+00	1.0014554719e+00	0.0000000000e+00	0.0000000000e+00	9.7128143701e-02	1.0000000000e+00	
5.1098514838e-02	1.0118693898e+00	1.0017572835e+00	0.0000000000e+00	0.0000000000e+00	9.3414465367e-02	1.0000000000e+00	
5.2409732420e-02	1.0118551459e+00	1.0020957392e+00	0.0000000000e+00	0.0000000000e+00	8.9844646673e-02	1.0000000000e+00	
5.3770134273e-02	1.0118338163e+00	1.0024683735e+00	0.0000000000e+00	0.0000000000e+00	8.6334231617e-02	1.0000000000e+00	
5.5182749179e-02	1.0118073956e+00	1.0028712699e+00	0.0000000000e+00	0.0000000000e+00	8.2788497316e-02	1.0000000000e+00	
5.6650713207e-02	1.0117762816e+00	1.0032968862e+00	0.0000000000e+00	0.0000000000e+00	7.9280994835e-02	1.0000000000e+00	
5.8177251367e-02	1.0117403130e+00	1.0037349444e+00	0.0000000000e+00	0.0000000000e+00	7.5964292531e-02	1.0000000000e+00	
5.9765657534e-02	1.0117021317e+00	1.0041757140e+00	0.0000000000e+00	0.0000000000e+00	7.2775036373e-02	1.0000000000e+00	
6.1419273271e-02	1.0116654619e+00	1.0046083732e+00	0.0000000000e+00	0.0000000000e+00	6.9584316761e-02	1.0000000000e+00	
6.3141466323e-02	1.0116329096e+00	1.0050190332e+00	0.0000000000e+00	0.0000000000e+00	6.6388314698e-02	1.0000000000e+00	
6.4935609562e-02	1.0116052139e+00	1.0053903597e+00	0.0000000000e+00	0.0000000000e+00	6.3369147430e-02	1.0000000000e+00	
6.6805061227e-02	1.0115857242e+00	1.0057065585e+00	0.0000000000e+00	0.0000000000e+00	6.0493777546e-02	1.0000000000e+00	
6.8753147243e-02	1.0115793919e+00	1.0059531033e+00	0.0000000000e+00	0.0000000000e+00	5.7592717457e-02	1.0000000000e+00	
7.0783146315e-02	1.0115881316e+00	1.0061130745e+00	0.0000000000e+00	0.0000000000e+00	5.4755012289e-02	1.0000000000e+00	
7.2898278375e-02	1.0116129053e+00	1.0061704286e+00	0.0000000000e+00	0.0000000000e+00	5.2128544623e-02	1.0000000000e+00	
7.5101696769e-02	1.0116580787e+00	1.0061157806e+00	0.0000000000e+00	0.0000000000e+00	4.9517061709e-02	1.0000000000e+00	
7.7396484400e-02	1.0117247690e+00	1.0059414940e+00	0.0000000000e+00	0.0000000000e+00	4.6941940369e-02	1.0000000000e+00	
7.9785653869e-02	1.0118113140e+00	1.0056441475e+00	0.0000000000e+00	0.0000000000e+00	4.4573553047e-02	1.0000000000e+00	
8.2272151453e-02	1.0119187793e+00	1.0052322689e+00	0.0000000000e+00	0.0000000000e+00	4.2216050586e-02	1.0000000000e+00	
8.4858864652e-02	1.0120433689e+00	1.0047211398e+00	0.0000000000e+00	0.0000000000e+00	3.9942671052e-02	1.0000000000e+00	
8.7548632911e-02	1.0121789963e+00	1.0041374510e+00	0.0000000000e+00	0.0000000000e+00	3.7840947744e-02	1.0000000000e+00	
9.0344261039e-02	1.0123204136e+00	1.0035236820e+00	0.0000000000e+00	0.0000000000e+00	3.5720103395e-02	1.0000000000e+00	
9.3248534844e-02	1.0124555815e+00	1.0029300895e+00	0.0000000000e+00	0.0000000000e+00	3.3787997191e-02	1.0000000000e+00	
9.6264238456e-02	1.0125749932e+00	1.0024206108e+00	0.0000000000e+00	0.0000000000e+00	3.1877049157e-02	1.0000000000e+00	
9.9394172879e-02	1.0126654349e+00	1.0020593860e+00	0.0000000000e+00	0.0000000000e+00	3.0092561004e-02	1.0000000000e+00	
1.0264117529e-01	1.0127167470e+00	1.0019059547e+00	0.0000000000e+00	0.0000000000e+00	2.8375657690e-02	1.0000000000e+00	
1.0600813873e-01	1.0127212897e+00	1.0020001478e+00	0.0000000000e+00	0.0000000000e+00	2.6749641327e-02	1.0000000000e+00	
1.0949803175e-01	1.0126775825e+00	1.0023512079e+00	0.0000000000e+00	0.0000000000e+00	2.5198193125e-02	1.0000000000e+00	
1.1311391791e-01	1.0125909636e+00	1.0029286564e+00	0.0000000000e+00	0.0000000000e+00	2.3741222996e-02	1.0000000000e+00	
1.1685897460e-01	1.0124749136e+00	1.0036627160e+00	0.0000000000e+00	0.0000000000e+00	2.2330697921e-02	1.0000000000e+00	
1.2073651127e-01	1.0123473706e+00	1.0044504574e+00	0.0000000000e+00	0.0000000000e+00	2.1040553586e-02	1.0000000000e+00	
1.2474998678e-01	1.0122312722e+00	1.0051749635e+00	0.0000000000e+00	0.0000000000e+00	1.9764294106e-02	1.0000000000e+00	
1.2890302576e-01	1.0121465087e+00	1.0057203468e+00	0.0000000000e+00	0.0000000000e+00	1.8607906628e-02	1.0000000000e+00	
1.3319943385e-01	1.0121109108e+00	1.0059954879e+00	0.0000000000e+00	0.0000000000e+00	1.7491798864e-02	1.0000000000e+00	
1.3764321189e-01	1.0121340733e+00	1.0059476053e+00	0.0000000000e+00	0.0000000000e+00	1.6424416274e-02	1.0000000000e+00	
1.4223856883e-01	1.0122154642e+00	1.0055761576e+00	0.0000000000e+00	0.0000000000e+00	1.5452721696e-02	1.0000000000e+00	
1.4698993335e-01	1.0123443626e+00	1.0049437074e+00	0.0000000000e+00	0.0000000000e+00	1.4518228551e-02	1.0000000000e+00	
1.5190196423e-01	1.0124976496e+00	1.0041758742e+00	0.0000000000e+00	0.0000000000e+00	1.3621885013e-02	1.0000000000e+00	
1.5697955921e-01	1.0126424804e+00	1.0034488765e+00	0.0000000000e+00	0.0000000000e+00	1.2795821663e-02	1.0000000000e+00	
1.6222786241e-01	1.0127436986e+00	1.0029548298e+00	0.0000000000e+00	0.0000000000e+00	1.2026603749e-02	1.0000000000e+00	
1.6765227008e-01	1.0127741696e+00	1.0028428958e+00	0.0000000000e+00	0.0000000000e+00	1.1291799868e-02	1.0000000000e+00	
1.7325843462e-01	1.0127259621e+00	1.0031560791e+00	0.0000000000e+00	0.0000000000e+00	1.0592995655e-02	1.0000000000e+00	
1.7905226660e-01	1.0126166185e+00	1.0037985836e+00	0.0000000000e+00	0.0000000000e+00	9.9359806269e-03	1.0000000000e+00	
1.8503993471e-01	1.0124849344e+00	1.0045593631e+00	0.0000000000e+00	0.0000000000e+00	9.3224971183e-03	1.0000000000e+00	
1.9122786313e-01	1.0123774767e+00	1.0051855804e+00	0.0000000000e+00	0.0000000000e+00	8.7480110612e-03	1.0000000000e+00	
1.9762272628e-01	1.0123321047e+00	1.0054717193e+00	0.0000000000e+00	0.0000000000e+00	8.2082506027e-03	1.0000000000e+00	
2.0423144041e-01	1.0123648224e+00	1.0053309687e+00	0.0000000000e+00	0.0000000000e+00	7.7005107477e-03	1.0000000000e+00	
2.1106115172e-01	1.0124630346e+00	1.0048319584e+00	0.0000000000e+00	0.0000000000e+00	7.2226859694e-03	1.0000000000e+00	
2.1811922047e-01	1.0125871523e+00	1.0041900279e+00	0.0000000000e+00	0.0000000000e+00	6.7733142047e-03	1.0000000000e+00	
2.2541320070e-01	1.0126835507e+00	1.0036967713e+00	0.0000000000e+00	0.0000000000e+00	6.3516667276e-03	1.0000000000e+00	
2.3295081490e-01	1.0127090927e+00	1.0035867218e+00	0.0000000000e+00	0.0000000000e+00	5.9575857467e-03	1.0000000000e+00	
2.4073992324e-01	1.0126566366e+00	1.0038987897e+00	0.0000000000e+00	0.0000000000e+00	5.5899417020e-03	1.0000000000e+00	
2.4878848664e-01	1.0125620765e+00	1.0044381886e+00	0.0000000000e+00	0.0000000000e+00	5.2438344576e-03	1.0000000000e+00	
2.5710452319e-01	1.0124835925e+00	1.0048890631e+00	0.0000000000e+00	0.0000000000e+00	4.9130975631e-03	1.0000000000e+00	
2.6569605744e-01	1.0124665310e+00	1.0050045701e+00	0.0000000000e+00	0.0000000000e+00	4.6019613535e-03	1.0000000000e+00	
2.7457106214e-01	1.0125168364e+00	1.0047517945e+00	0.0000000000e+00	0.0000000000e+00	4.3186098251e-03	1.0000000000e+00	
2.8373739190e-01	1.0125976147e+00	1.0043324082e+00	0.0000000000e+00	0.0000000000e+00	4.0481002160e-03	1.0000000000e+00	
2.9320270889e-01	1.0126522168e+00	1.0040543441e+00	0.0000000000e+00	0.0000000000e+00	3.7911238710e-03	1.0000000000e+00	
3.0297440042e-01	1.0126455742e+00	1.0041074587e+00	0.0000000000e+00	0.0000000000e+00	3.5586042154e-03	1.0000000000e+00	
3.1305948871e-01	1.0125929993e+00	1.0044099294e+00	0.0000000000e+00	0.0000000000e+00	3.3310491407e-03	1.0000000000e+00	
3.2346453372e-01	1.0125451670e+00	1.0046849073e+00	0.0000000000e+00	0.0000000000e+00	3.1268691838e-03	1.0000000000e+00	
3.3419552988e-01	1.0125430073e+00	1.0047111278e+00	0.0000000000e+00	0.0000000000e+00	2.9288452126e-03	1.0000000000e+00	
3.4525779856e-01	1.0125823533e+00	1.0045105969e+00	0.0000000000e+00	0.0000000000e+00	2.7458481988e-03	1.0000000000e+00	
3.5665587829e-01	1.0126215291e+00	1.0043099033e+00	0.0000000000e+00	0.0000000000e+00	2.5777243306e-03	1.0000000000e+00	
3.6839341576e-01	1.0126244052e+00	1.0043060862e+00	0.0000000000e+00	0.0000000000e+00	2.4160820486e-03	1.0000000000e+00	
3.8047306088e-01	1.0125969456e+00	1.0044664486e+00	0.0000000000e+00	0.0000000000e+00	2.2646341108e-03	1.0000000000e+00	
3.9289637039e-01	1.0125760829e+00	1.0045900917e+00	0.0000000000e+00	0.0000000000e+00	2.1248670421e-03	1.0000000000e+00	
4.0566372464e-01	1.0125845385e+00	1.0045536197e+00	0.0000000000e+00	0.0000000000e+00	1.9949588434e-03	1.0000000000e+00	
4.1877426325e-01	1.0126072657e+00	1.0044389534e+00	0.0000000000e+00	0.0000000000e+00	1.8733225096e-03	1.0000000000e+00	
4.3222584520e-01	1.0126154202e+00	1.0044029557e+00	0.0000000000e+00	0.0000000000e+00	1.7593179034e-03	1.0000000000e+00	
4.4601503952e-01	1.0126042378e+00	1.0044715589e+00	0.0000000000e+00	0.0000000000e+00	1.6525285489e-03	1.0000000000e+00	
4.6013715211e-01	1.0125944243e+00	1.0045322099e+00	0.0000000000e+00	0.0000000000e+00	1.5527123358e-03	1.0000000000e+00	
4.7458629378e-01	1.0125995594e+00	1.0045110668e+00	0.0000000000e+00	0.0000000000e+00	1.4600572412e-03	1.0000000000e+00	
4.8935549322e-01	1.0126095393e+00	1.0044630471e+00	0.0000000000e+00	0.0000000000e+00	1.3747456084e-03	1.0000000000e+00	
5.0443685690e-01	1.0126103305e+00	1.0044645690e+00	0.0000000000e+00	0.0000000000e+00	1.2950991505e-03	1.0000000000e+00	
5.1982177566e-01	1.0126048862e+00	1.0044997475e+00	0.0000000000e+00	0.0000000000e+00	1.2187895876e-03	1.0000000000e+00	
5.3550117499e-01	1.0126041651e+00	1.0045088173e+00	0.0000000000e+00	0.0000000000e+00	1.1483656739e-03	1.0000000000e+00	
5.5146580292e-01	1.0126085934e+00	1.0044894104e+00	0.0000000000e+00	0.0000000000e+00	1.0845196895e-03	1.0000000000e+00	
5.6770654686e-01	1.0126106662e+00	1.0044826982e+00	0.0000000000e+00	0.0000000000e+00	1.0221889588e-03	1.0000000000e+00	
5.8421476776e-01	1.0126089353e+00	1.0044961776e+00	0.0000000000e+00	0.0000000000e+00	9.6653917006e-04	1.0000000000e+00	
6.0098263821e-01	1.0126083837e+00	1.0045031151e+00	0.0000000000e+00	0.0000000000e+00	9.1267097617e-04	1.0000000000e+00	
6.1800346994e-01	1.0126102148e+00	1.0044967072e+00	0.0000000000e+00	0.0000000000e+00	8.6415944718e-04	1.0000000000e+00	
6.3527201631e-01	1.0126113266e+00	1.0044941179e+00	0.0000000000e+00	0.0000000000e+00	8.1690276506e-04	1.0000000000e+00	
6.5278473649e-01	1.0126108857e+00	1.0044995860e+00	0.0000000000e+00	0.0000000000e+00	7.7490245979e-04	1.0000000000e+00	
6.7054001023e-01	1.0126109381e+00	1.0045023041e+00	0.0000000000e+00	0.0000000000e+00	7.3383093775e-04	1.0000000000e+00	
6.8853829544e-01	1.0126118143e+00	1.0045003168e+00	0.0000000000e+00	0.0000000000e+00	6.9586562931e-04	1.0000000000e+00	
7.0678222374e-01	1.0126122682e+00	1.0045003781e+00	0.0000000000e+00	0.0000000000e+00	6.6127545833e-04	1.0000000000e+00	
7.2527663368e-01	1.0126122696e+00	1.0045028100e+00	0.0000000000e+00	0.0000000000e+00	6.2790983644e-04	1.0000000000e+00	
7.4402854372e-01	1.0126125507e+00	1.0045036021e+00	0.0000000000e+00	0.0000000000e+00	5.9617621931e-04	1.0000000000e+00	
7.6304707083e-01	1.0126129950e+00	1.0045033354e+00	0.0000000000e+00	0.0000000000e+00	5.6678622310e-04	1.0000000000e+00	
7.8234330210e-01	1.0126132112e+00	1.0045041593e+00	0.0000000000e+00	0.0000000000e+00	5.3944066322e-04	1.0000000000e+00	
8.0193012855e-01	1.0126133678e+00	1.0045051925e+00	0.0000000000e+00	0.0000000000e+00	5.1367273977e-04	1.0000000000e+00	
8.2182205061e-01	1.0126136381e+00	1.0045055083e+00	0.0000000000e+00	0.0000000000e+00	4.8925027295e-04	1.0000000000e+00	
8.4203496522e-01	1.0126138750e+00	1.0045059151e+00	0.0000000000e+00	0.0000000000e+00	4.6607543823e-04	1.0000000000e+00	
8.6258594345e-01	1.0126140387e+00	1.0045066350e+00	0.0000000000e+00	0.0000000000e+00	4.4405446070e-04	1.0000000000e+00	
8.8349300704e-01	1.0126142281e+00	1.0045071358e+00	0.0000000000e+00	0.0000000000e+00	4.2312071741e-04	1.0000000000e+00	
9.0477491123e-01	1.0126144223e+00	1.0045075235e+00	0.0000000000e+00	0.0000000000e+00	4.0337821855e-04	1.0000000000e+00	
9.2645093979e-01	1.0126145740e+00	1.0045080396e+00	0.0000000000e+00	0.0000000000e+00	3.8503882098e-04	1.0000000000e+00	
9.4854071716e-01	1.0126147202e+00	1.0045085194e+00	0.0000000000e+00	0.0000000000e+00	3.6761263741e-04	1.0000000000e+00	
9.7106404146e-01	1.0126148781e+00	1.0045089249e+00	0.0000000000e+00	0.0000000000e+00	3.5032389493e-04	1.0000000000e+00	
9.9404074103e-01	1.0126150130e+00	1.0045093408e+00	0.0000000000e+00	0.0000000000e+00	3.3460339899e-04	1.0000000000e+00	
1.0174905558e+00	1.0126151441e+00	1.0045097507e+00	0.0000000000e+00	0.0000000000e+00	3.1924970045e-04	1.0000000000e+00	
1.0414330447e+00	1.0126152680e+00	1.0045101236e+00	0.0000000000e+00	0.0000000000e+00	3.0493968351e-04	1.0000000000e+00	
1.0658875175e+00	1.0126153905e+00	1.0045104930e+00	0.0000000000e+00	0.0000000000e+00	2.9078017874e-04	1.0000000000e+00	
1.0908729924e+00	1.0126154993e+00	1.0045108427e+00	0.0000000000e+00	0.0000000000e+00	2.7790524572e-04	1.0000000000e+00	
1.1164081746e+00	1.0126156029e+00	1.0045111875e+00	0.0000000000e+00	0.0000000000e+00	2.6548812669e-04	1.0000000000e+00	
1.1425114566e+00	1.0126157018e+00	1.0045115300e+00	0.0000000000e+00	0.0000000000e+00	2.5344866923e-04	1.0000000000e+00	
1.1692009350e+00	1.0126157952e+00	1.0045118600e+00	0.0000000000e+00	0.0000000000e+00	2.4199118628e-04	1.0000000000e+00	
1.1964944428e+00	1.0126158823e+00	1.0045121802e+00	0.0000000000e+00	0.0000000000e+00	2.3113080656e-04	1.0000000000e+00	
1.2244095926e+00	1.0126159652e+00	1.0045124889e+00	0.0000000000e+00	0.0000000000e+00	2.2074612376e-04	1.0000000000e+00	
1.2529638289e+00	1.0126160473e+00	1.0045127838e+00	0.0000000000e+00	0.0000000000e+00	2.1060847298e-04	1.0000000000e+00	
1.2821744853e+00	1.0126161238e+00	1.0045130649e+00	0.0000000000e+00	0.0000000000e+00	2.0107683902e-04	1.0000000000e+00	
1.3120588451e+00	1.0126161931e+00	1.0045133331e+00	0.0000000000e+00	0.0000000000e+00	1.9225802649e-04	1.0000000000e+00	
1.3426342022e+00	1.0126162635e+00	1.0045135990e+00	0.0000000000e+00	0.0000000000e+00	1.8338312949e-04	1.0000000000e+00	
1.3739179205e+00	1.0126163257e+00	1.0045138596e+00	0.0000000000e+00	0.0000000000e+00	1.7519925030e-04	1.0000000000e+00	
1.4059274907e+00	1.0126163825e+00	1.0045141167e+00	0.0000000000e+00	0.0000000000e+00	1.6745872078e-04	1.0000000000e+00	
1.4386805828e+00	1.0126164379e+00	1.0045143673e+00	0.0000000000e+00	0.0000000000e+00	1.5990980476e-04	1.0000000000e+00	
1.4721950944e+00	1.0126164908e+00	1.0045146063e+00	0.0000000000e+00	0.0000000000e+00	1.5270884438e-04	1.0000000000e+00	
1.5064891939e+00	1.0126165411e+00	1.0045148332e+00	0.0000000000e+00	0.0000000000e+00	1.4586325995e-04	1.0000000000e+00	
1.5415813588e+00	1.0126165902e+00	1.0045150516e+00	0.0000000000e+00	0.0000000000e+00	1.3922529935e-04	1.0000000000e+00	
1.5774904093e+00	1.0126166368e+00	1.0045152647e+00	0.0000000000e+00	0.0000000000e+00	1.3284749389e-04	1.0000000000e+00	
1.6142355381e+00	1.0126166763e+00	1.0045154732e+00	0.0000000000e+00	0.0000000000e+00	1.2705673775e-04	1.0000000000e+00	
1.6518363357e+00	1.0126167166e+00	1.0045156846e+00	0.0000000000e+00	0.0000000000e+00	1.2117360181e-04	1.0000000000e+00	
1.6903128132e+00	1.0126167523e+00	1.0045158866e+00	0.0000000000e+00	0.0000000000e+00	1.1575324284e-04	1.0000000000e+00	
1.7296854224e+00	1.0126167863e+00	1.0045160771e+00	0.0000000000e+00	0.0000000000e+00	1.1061888386e-04	1.0000000000e+00	
1.7699750731e+00	1.0126168197e+00	1.0045162589e+00	0.0000000000e+00	0.0000000000e+00	1.0565144382e-04	1.0000000000e+00	
1.8112031500e+00	1.0126168519e+00	1.0045164360e+00	0.0000000000e+00	0.0000000000e+00	1.0083249443e-04	1.0000000000e+00	
1.8533915272e+00	1.0126168811e+00	1.0045166119e+00	0.0000000000e+00	0.0000000000e+00	9.6254186248e-05	1.0000000000e+00	
1.8965625828e+00	1.0126169057e+00	1.0045167852e+00	0.0000000000e+00	0.0000000000e+00	9.2055797724e-05	1.0000000000e+00	
1.9407392125e+00	1.0126169320e+00	1.0045169549e+00	0.0000000000e+00	0.0000000000e+00	8.7779585436e-05	1.0000000000e+00	
1.9859448427e+00	1.0126169554e+00	1.0045171125e+00	0.0000000000e+00	0.0000000000e+00	8.3884121867e-05	1.0000000000e+00	
2.0322034444e+00	1.0126169778e+00	1.0045172633e+00	0.0000000000e+00	0.0000000000e+00	8.0157543314e-05	1.0000000000e+00	
2.0795395455e+00	1.0126169991e+00	1.0045174128e+00	0.0000000000e+00	0.0000000000e+00	7.6533644293e-05	1.0000000000e+00	
2.1279782452e+00	1.0126170186e+00	1.0045175625e+00	0.0000000000e+00	0.0000000000e+00	7.3030174269e-05	1.0000000000e+00	
2.1775452266e+00	1.0126170357e+00	1.0045177063e+00	0.0000000000e+00	0.0000000000e+00	6.9791838794e-05	1.0000000000e+00	
2.2282667710e+00	1.0126170533e+00	1.0045178423e+00	0.0000000000e+00	0.0000000000e+00	6.6626870926e-05	1.0000000000e+00	
2.2801697719e+00	1.0126170690e+00	1.0045179716e+00	0.0000000000e+00	0.0000000000e+00	6.3689098900e-05	1.0000000000e+00	
2.3332817488e+00	1.0126170839e+00	1.0045181003e+00	0.0000000000e+00	0.0000000000e+00	6.0822133299e-05	1.0000000000e+00	
2.3876308626e+00	1.0126170973e+00	1.0045182274e+00	0.0000000000e+00	0.0000000000e+00	5.8090198429e-05	1.0000000000e+00	
2.4432459299e+00	1.0126171107e+00	1.0045183491e+00	0.0000000000e+00	0.0000000000e+00	5.5427824706e-05	1.0000000000e+00	
2.5001564385e+00	1.0126171231e+00	1.0045184635e+00	0.0000000000e+00	0.0000000000e+00	5.2937581196e-05	1.0000000000e+00	
2.5583925631e+00	1.0126171349e+00	1.0045185755e+00	0.0000000000e+00	0.0000000000e+00	5.0528947427e-05	1.0000000000e+00	
2.6179851813e+00	1.0126171449e+00	1.0045186856e+00	0.0000000000e+00	0.0000000000e+00	4.8281643325e-05	1.0000000000e+00	
2.6789658900e+00	1.0126171549e+00	1.0045187914e+00	0.0000000000e+00	0.0000000000e+00	4.6091230463e-05	1.0000000000e+00	
2.7413670218e+00	1.0126171646e+00	1.0045188912e+00	0.0000000000e+00	0.0000000000e+00	4.4008250241e-05	1.0000000000e+00	
2.8052216626e+00	1.0126171728e+00	1.0045189874e+00	0.0000000000e+00	0.0000000000e+00	4.2080186646e-05	1.0000000000e+00	
2.8705636692e+00	1.0126171810e+00	1.0045190824e+00	0.0000000000e+00	0.0000000000e+00	4.0173457072e-05	1.0000000000e+00	
2.9374276866e+00	1.0126171888e+00	1.0045191725e+00	0.0000000000e+00	0.0000000000e+00	3.8354893146e-05	1.0000000000e+00	
3.0058491670e+00	1.0126171961e+00	1.0045192575e+00	0.0000000000e+00	0.0000000000e+00	3.6651783958e-05	1.0000000000e+00	
3.0758643884e+00	1.0126172035e+00	1.0045193408e+00	0.0000000000e+00	0.0000000000e+00	3.4963697749e-05	1.0000000000e+00	
3.1475104739e+00	1.0126172096e+00	1.0045194198e+00	0.0000000000e+00	0.0000000000e+00	3.3429856581e-05	1.0000000000e+00	
3.2208254110e+00	1.0126172161e+00	1.0045194945e+00	0.0000000000e+00	0.0000000000e+00	3.1921448616e-05	1.0000000000e+00	
3.2958480725e+00	1.0126172223e+00	1.0045195659e+00	0.0000000000e+00	0.0000000000e+00	3.0485484084e-05	1.0000000000e+00	
3.3726182362e+00	1.0126172287e+00	1.0045196347e+00	0.0000000000e+00	0.0000000000e+00	2.9072010293e-05	1.0000000000e+00	
3.4511766067e+00	1.0126172341e+00	1.0045196982e+00	0.0000000000e+00	0.0000000000e+00	2.7796931059e-05	1.0000000000e+00	
3.5315648368e+00	1.0126172398e+00	1.0045197584e+00	0.0000000000e+00	0.0000000000e+00	2.6552723581e-05	1.0000000000e+00	
3.6138255493e+00	1.0126172457e+00	1.0045198157e+00	0.0000000000e+00	0.0000000000e+00	2.5334251702e-05	1.0000000000e+00	
3.6980023599e+00	1.0126172511e+00	1.0045198681e+00	0.0000000000e+00	0.0000000000e+00	2.4208488954e-05	1.0000000000e+00	
3.7841399003e+00	1.0126172570e+00	1.0045199174e+00	0.0000000000e+00	0.0000000000e+00	2.3100483036e-05	1.0000000000e+00	
3.8722838418e+00	1.0126172625e+00	1.0045199625e+00	0.0000000000e+00	0.0000000000e+00	2.2072393343e-05	1.0000000000e+00	
3.9624809195e+00	1.0126172682e+00	1.0045200035e+00	0.0000000000e+00	0.0000000000e+00	2.1087609340e-05	1.0000000000e+00	
4.0547789569e+00	1.0126172741e+00	1.0045200407e+00	0.0000000000e+00	0.0000000000e+00	2.0142698391e-05	1.0000000000e+00	
4.1492268919e+00	1.0126172802e+00	1.0045200738e+00	0.0000000000e+00	0.0000000000e+00	1.9237859598e-05	1.0000000000e+00	
4.2458748018e+00	1.0126172867e+00	1.0045201029e+00	0.0000000000e+00	0.0000000000e+00	1.8354108026e-05	1.0000000000e+00	
4.3447739308e+00	1.0126172930e+00	1.0045201275e+00	0.0000000000e+00	0.0000000000e+00	1.7548564813e-05	1.0000000000e+00	
4.4459767164e+00	1.0126172999e+00	1.0045201479e+00	0.0000000000e+00	0.0000000000e+00	1.6755730259e-05	1.0000000000e+00	
4.5495368178e+00	1.0126173074e+00	1.0045201642e+00	0.0000000000e+00	0.0000000000e+00	1.5978988348e-05	1.0000000000e+00	
4.6555091438e+00	1.0126173148e+00	1.0045201754e+00	0.0000000000e+00	0.0000000000e+00	1.5274704114e-05	1.0000000000e+00	
4.7639498823e+00	1.0126173229e+00	1.0045201823e+00	0.0000000000e+00	0.0000000000e+00	1.4577053369e-05	1.0000000000e+00	
4.8749165301e+00	1.0126173312e+00	1.0045201842e+00	0.0000000000e+00	0.0000000000e+00	1.3931766010e-05	1.0000000000e+00	
4.9884679232e+00	1.0126173403e+00	1.0045201814e+00	0.0000000000e+00	0.0000000000e+00	1.3297621274e-05	1.0000000000e+00	
5.1046642681e+00	1.0126173496e+00	1.0045201732e+00	0.0000000000e+00	0.0000000000e+00	1.2713811917e-05	1.0000000000e+00	
5.2235671735e+00	1.0126173599e+00	1.0045201601e+00	0.0000000000e+00	0.0000000000e+00	1.2124564953e-05	1.0000000000e+00	
5.3452396833e+00	1.0126173706e+00	1.0045201415e+00	0.0000000000e+00	0.0000000000e+00	1.1584750564e-05	1.0000000000e+00	
5.4697463100e+00	1.0126173821e+00	1.0045201174e+00	0.0000000000e+00	0.0000000000e+00	1.1061729419e-05	1.0000000000e+00	
5.5971530686e+00	1.0126173942e+00	1.0045200877e+00	0.0000000000e+00	0.0000000000e+00	1.0566698160e-05	1.0000000000e+00	
5.7275275118e+00	1.0126174073e+00	1.0045200522e+00	0.0000000000e+00	0.0000000000e+00	1.0083051143e-05	1.0000000000e+00	
5.8609387659e+00	1.0126174210e+00	1.0045200106e+00	0.0000000000e+00	0.0000000000e+00	9.6284010215e-06	1.0000000000e+00	
5.9974575674e+00	1.0126174356e+00	1.0045199626e+00	0.0000000000e+00	0.0000000000e+00	9.2010882198e-06	1.0000000000e+00	
6.1371563002e+00	1.0126174512e+00	1.0045199083e+00	0.0000000000e+00	0.0000000000e+00	8.7810682183e-06	1.0000000000e+00	
6.2801090345e+00	1.0126174677e+00	1.0045198470e+00	0.0000000000e+00	0.0000000000e+00	8.3924460326e-06	1.0000000000e+00	
6.4263915658e+00	1.0126174854e+00	1.0045197789e+00	0.0000000000e+00	0.0000000000e+00	8.0089074561e-06	1.0000000000e+00	
6.5760814549e+00	1.0126175041e+00	1.0045197034e+00	0.0000000000e+00	0.0000000000e+00	7.6544920863e-06	1.0000000000e+00	
6.7292580695e+00	1.0126175241e+00	1.0045196204e+00	0.0000000000e+00	0.0000000000e+00	7.3030899755e-06	1.0000000000e+00	
6.8860026257e+00	1.0126175451e+00	1.0045195295e+00	0.0000000000e+00	0.0000000000e+00	6.9836801516e-06	1.0000000000e+00	
7.0463982317e+00	1.0126175676e+00	1.0045194305e+00	0.0000000000e+00	0.0000000000e+00	6.6650882537e-06	1.0000000000e+00	
7.2105299314e+00	1.0126175913e+00	1.0045193229e+00	0.0000000000e+00	0.0000000000e+00	6.3700054740e-06	1.0000000000e+00	
7.3784847494e+00	1.0126176166e+00	1.0045192065e+00	0.0000000000e+00	0.0000000000e+00	6.0843006920e-06	1.0000000000e+00	
7.5503517377e+00	1.0126176435e+00	1.0045190811e+00	0.0000000000e+00	0.0000000000e+00	5.8020157954e-06	1.0000000000e+00	
7.7262220224e+00	1.0126176718e+00	1.0045189460e+00	0.0000000000e+00	0.0000000000e+00	5.5457297476e-06	1.0000000000e+00	
7.9061888524e+00	1.0126177019e+00	1.0045188010e+00	0.0000000000e+00	0.0000000000e+00	5.2894772287e-06	1.0000000000e+00	
8.0903476483e+00	1.0126177336e+00	1.0045186454e+00	0.0000000000e+00	0.0000000000e+00	5.0604792275e-06	1.0000000000e+00	
8.2787960536e+00	1.0126177672e+00	1.0045184792e+00	0.0000000000e+00	0.0000000000e+00	4.8322293553e-06	1.0000000000e+00	
8.4716339862e+00	1.0126178029e+00	1.0045183017e+00	0.0000000000e+00	0.0000000000e+00	4.6091744693e-06	1.0000000000e+00	
8.6689636912e+00	1.0126178404e+00	1.0045181123e+00	0.0000000000e+00	0.0000000000e+00	4.4061595990e-06	1.0000000000e+00	
8.8708897956e+00	1.0126178801e+00	1.0045179107e+00	0.0000000000e+00	0.0000000000e+00	4.2098256046e-06	1.0000000000e+00	
9.0775193631e+00	1.0126179222e+00	1.0045176964e+00	0.0000000000e+00	0.0000000000e+00	4.0157770977e-06	1.0000000000e+00	
9.2889619515e+00	1.0126179665e+00	1.0045174686e+00	0.0000000000e+00	0.0000000000e+00	3.8381468285e-06	1.0000000000e+00	
9.5053296706e+00	1.0126180133e+00	1.0045172270e+00	0.0000000000e+00	0.0000000000e+00	3.6623855873e-06	1.0000000000e+00	
9.7267372412e+00	1.0126180626e+00	1.0045169707e+00	0.0000000000e+00	0.0000000000e+00	3.4988919758e-06	1.0000000000e+00	
9.9533020567e+00	1.0126181146e+00	1.0045166992e+00	0.0000000000e+00	0.0000000000e+00	3.3429926755e-06	1.0000000000e+00	
1.0185144245e+01	1.0126181696e+00	1.0045164119e+00	0.0000000000e+00	0.0000000000e+00	3.1887941955e-06	1.0000000000e+00	
1.0422386731e+01	1.0126182274e+00	1.0045161079e+00	0.0000000000e+00	0.0000000000e+00	3.0454704484e-06	1.0000000000e+00	
1.0665155305e+01	1.0126182883e+00	1.0045157866e+00	0.0000000000e+00	0.0000000000e+00	2.9099661205e-06	1.0000000000e+00	
1.0913578685e+01	1.0126183525e+00	1.0045154472e+00	0.0000000000e+00	0.0000000000e+00	2.7780834846e-06	1.0000000000e+00	
1.1167788589e+01	1.0126184201e+00	1.0045150889e+00	0.0000000000e+00	0.0000000000e+00	2.6513580665e-06	1.0000000000e+00	
1.1427919802e+01	1.0126184913e+00	1.0045147108e+00	0.0000000000e+00	0.0000000000e+00	2.5352471410e-06	1.0000000000e+00	
1.1694110250e+01	1.0126185661e+00	1.0045143120e+00	0.0000000000e+00	0.0000000000e+00	2.4202983844e-06	1.0000000000e+00	
1.1966501070e+01	1.0126186449e+00	1.0045138916e+00	0.0000000000e+00	0.0000000000e+00	2.3115116120e-06	1.0000000000e+00	
1.2245236687e+01	1.0126187278e+00	1.0045134487e+00	0.0000000000e+00	0.0000000000e+00	2.2071330619e-06	1.0000000000e+00	
1.2530464890e+01	1.0126188150e+00	1.0045129820e+00	0.0000000000e+00	0.0000000000e+00	2.1097167925e-06	1.0000000000e+00	
1.2822336912e+01	1.0126189066e+00	1.0045124907e+00	0.0000000000e+00	0.0000000000e+00	2.0123213773e-06	1.0000000000e+00	
1.3121007507e+01	1.0126190029e+00	1.0045119735e+00	0.0000000000e+00	0.0000000000e+00	1.9239745286e-06	1.0000000000e+00	
1.3426635034e+01	1.0126191042e+00	1.0045114294e+00	0.0000000000e+00	0.0000000000e+00	1.8351234184e-06	1.0000000000e+00	
1.3739381540e+01	1.0126192106e+00	1.0045108568e+00	0.0000000000e+00	0.0000000000e+00	1.7544774007e-06	1.0000000000e+00	
1.4059412848e+01	1.0126193225e+00	1.0045102548e+00	0.0000000000e+00	0.0000000000e+00	1.6731254921e-06	1.0000000000e+00	
1.4386898643e+01	1.0126194399e+00	1.0045096218e+00	0.0000000000e+00	0.0000000000e+00	1.6005814448e-06	1.0000000000e+00	
1.4722012562e+01	1.0126195632e+00	1.0045089564e+00	0.0000000000e+00	0.0000000000e+00	1.5281598394e-06	1.0000000000e+00	
1.5064932287e+01	1.0126196928e+00	1.0045082572e+00	0.0000000000e+00	0.0000000000e+00	1.4587775020e-06	1.0000000000e+00	
1.5415839638e+01	1.0126198288e+00	1.0045075225e+00	0.0000000000e+00	0.0000000000e+00	1.3937924879e-06	1.0000000000e+00	
1.5774920672e+01	1.0126199716e+00	1.0045067508e+00	0.0000000000e+00	0.0000000000e+00	1.3288821003e-06	1.0000000000e+00	
1.6142365778e+01	1.0126201215e+00	1.0045059402e+00	0.0000000000e+00	0.0000000000e+00	1.2713967828e-06	1.0000000000e+00	
1.6518369779e+01	1.0126202788e+00	1.0045050891e+00	0.0000000000e+00	0.0000000000e+00	1.2134443294e-06	1.0000000000e+00	
1.6903132039e+01	1.0126204439e+00	1.0045041955e+00	0.0000000000e+00	0.0000000000e+00	1.1584565959e-06	1.0000000000e+00	
1.7296856563e+01	1.0126206171e+00	1.0045032574e+00	0.0000000000e+00	0.0000000000e+00	1.1066521751e-06	1.0000000000e+00	
1.7699752109e+01	1.0126207989e+00	1.0045022729e+00	0.0000000000e+00	0.0000000000e+00	1.0562706704e-06	1.0000000000e+00	
1.8112032299e+01	1.0126209896e+00	1.0045012396e+00	0.0000000000e+00	0.0000000000e+00	1.0098806004e-06	1.0000000000e+00	
1.8533915727e+01	1.0126211896e+00	1.0045001554e+00	0.0000000000e+00	0.0000000000e+00	9.6341626802e-07	1.0000000000e+00	
1.8965626083e+01	1.0126213995e+00	1.0044990179e+00	0.0000000000e+00	0.0000000000e+00	9.2076971377e-07	1.0000000000e+00	
1.9407392265e+01	1.0126216195e+00	1.0044978245e+00	0.0000000000e+00	0.0000000000e+00	8.7794971212e-07	1.0000000000e+00	
1.9859448503e+01	1.0126218503e+00	1.0044965727e+00	0.0000000000e+00	0.0000000000e+00	8.3957848185e-07	1.0000000000e+00	
2.0322034484e+01	1.0126220923e+00	1.0044952598e+00	0.0000000000e+00	0.0000000000e+00	8.0089960478e-07	1.0000000000e+00	
2.0795395476e+01	1.0126223460e+00	1.0044938828e+00	0.0000000000e+00	0.0000000000e+00	7.6641202709e-07	1.0000000000e+00	
2.1279782463e+01	1.0126226121e+00	1.0044924389e+00	0.0000000000e+00	0.0000000000e+00	7.3144944923e-07	1.0000000000e+00	
2.1775452271e+01	1.0126228910e+00	1.0044909248e+00	0.0000000000e+00	0.0000000000e+00	6.9789656086e-07	1.0000000000e+00	
2.2282667713e+01	1.0126231835e+00	1.0044893374e+00	0.0000000000e+00	0.0000000000e+00	6.6713476434e-07	1.0000000000e+00	
2.2801697720e+01	1.0126234900e+00	1.0044876731e+00	0.0000000000e+00	0.0000000000e+00	6.3652469009e-07	1.0000000000e+00	
2.3332817489e+01	1.0126238113e+00	1.0044859283e+00	0.0000000000e+00	0.0000000000e+00	6.0796138945e-07	1.0000000000e+00	
2.3876308627e+01	1.0126241481e+00	1.0044840994e+00	0.0000000000e+00	0.0000000000e+00	5.8082646687e-07	1.0000000000e+00	
2.4432459299e+01	1.0126245011e+00	1.0044821823e+00	0.0000000000e+00	0.0000000000e+00	5.5448464607e-07	1.0000000000e+00	
2.5001564385e+01	1.0126248710e+00	1.0044801729e+00	0.0000000000e+00	0.0000000000e+00	5.2905346701e-07	1.0000000000e+00	
2.5583925631e+01	1.0126252587e+00	1.0044780670e+00	0.0000000000e+00	0.0000000000e+00	5.0644468578e-07	1.0000000000e+00	
2.6179851813e+01	1.0126256649e+00	1.0044758599e+00	0.0000000000e+00	0.0000000000e+00	4.8267702809e-07	1.0000000000e+00	
2.6789658900e+01	1.0126260907e+00	1.0044735470e+00	0.0000000000e+00	0.0000000000e+00	4.6121314042e-07	1.0000000000e+00	
2.7413670218e+01	1.0126265367e+00	1.0044711232e+00	0.0000000000e+00	0.0000000000e+00	4.4092425962e-07	1.0000000000e+00	
2.8052216626e+01	1.0126270042e+00	1.0044685835e+00	0.0000000000e+00	0.0000000000e+00	4.2127440797e-07	1.0000000000e+00	
2.8705636692e+01	1.0126274939e+00	1.0044659223e+00	0.0000000000e+00	0.0000000000e+00	4.0187413636e-07	1.0000000000e+00	
2.9374276866e+01	1.0126280070e+00	1.0044631340e+00	0.0000000000e+00	0.0000000000e+00	3.8314744500e-07	1.0000000000e+00	
3.0058491670e+01	1.0126285446e+00	1.0044602126e+00	0.0000000000e+00	0.0000000000e+00	3.6629363252e-07	1.0000000000e+00	
