5.4459000000e-06	9.9968268150e-01	9.9968268150e-01	0.0000000000e+00	0.0000000000e+00	1.0276994538e+00	1.0000000000e+00	
5.6305000000e-06	9.9968268297e-01	9.9968268297e-01	0.0000000000e+00	0.0000000000e+00	1.0276993250e+00	1.0000000000e+00	
5.8214000000e-06	9.9968268470e-01	9.9968268470e-01	0.0000000000e+00	0.0000000000e+00	1.0276991744e+00	1.0000000000e+00	
6.0187000000e-06	9.9968268636e-01	9.9968268636e-01	0.0000000000e+00	0.0000000000e+00	1.0276990289e+00	1.0000000000e+00	
6.2227000000e-06	9.9968268798e-01	9.9968268798e-01	0.0000000000e+00	0.0000000000e+00	1.0276988874e+00	1.0000000000e+00	
6.4336000000e-06	9.9968268987e-01	9.9968268987e-01	0.0000000000e+00	0.0000000000e+00	1.0276987227e+00	1.0000000000e+00	
6.6517000000e-06	9.9968269172e-01	9.9968269172e-01	0.0000000000e+00	0.0000000000e+00	1.0276985610e+00	1.0000000000e+00	
6.8771000000e-06	9.9968269401e-01	9.9968269401e-01	0.0000000000e+00	0.0000000000e+00	1.0276983613e+00	1.0000000000e+00	
7.1102000000e-06	9.9968269613e-01	9.9968269613e-01	0.0000000000e+00	0.0000000000e+00	1.0276981765e+00	1.0000000000e+00	
7.3512000000e-06	9.9968269839e-01	9.9968269839e-01	0.0000000000e+00	0.0000000000e+00	1.0276979790e+00	1.0000000000e+00	
7.6004000000e-06	9.9968270096e-01	9.9968270096e-01	0.0000000000e+00	0.0000000000e+00	1.0276977546e+00	1.0000000000e+00	
7.8580000000e-06	9.9968270385e-01	9.9968270385e-01	0.0000000000e+00	0.0000000000e+00	1.0276975027e+00	1.0000000000e+00	
8.1244000000e-06	9.9968270677e-01	9.9968270677e-01	0.0000000000e+00	0.0000000000e+00	1.0276972480e+00	1.0000000000e+00	
8.3998000000e-06	9.9968271202e-01	9.9968269900e-01	0.0000000000e+00	0.0000000000e+00	1.0276969657e+00	1.0000000000e+00	
8.6845000000e-06	9.9968271554e-01	9.9968270212e-01	0.0000000000e+00	0.0000000000e+00	1.0276966639e+00	1.0000000000e+00	
8.9788000000e-06	9.9968271714e-01	9.9968271714e-01	0.0000000000e+00	0.0000000000e+00	1.0276963425e+00	1.0000000000e+00	
9.2832000000e-06	9.9968272527e-01	9.9968269883e-01	0.0000000000e+00	0.0000000000e+00	1.0276959911e+00	1.0000000000e+00	
9.5978000000e-06	9.9968248120e-01	9.9968248120e-01	0.0000000000e+00	0.0000000000e+00	1.0277169378e+00	1.0000000000e+00	
9.9231000000e-06	9.9968248786e-01	9.9968247444e-01	0.0000000000e+00	0.0000000000e+00	1.0277165386e+00	1.0000000000e+00	
1.0259000000e-05	9.9968249250e-01	9.9968247947e-01	0.0000000000e+00	0.0000000000e+00	1.0277161287e+00	1.0000000000e+00	
1.0607000000e-05	9.9968249766e-01	9.9968248464e-01	0.0000000000e+00	0.0000000000e+00	1.0277156780e+00	1.0000000000e+00	
1.0967000000e-05	9.9968251291e-01	9.9968251291e-01	0.0000000000e+00	0.0000000000e+00	1.0277141703e+00	1.0000000000e+00	
1.1338000000e-05	9.9968251828e-01	9.9968251828e-01	0.0000000000e+00	0.0000000000e+00	1.0277137013e+00	1.0000000000e+00	
1.1723000000e-05	9.9968252420e-01	9.9968252420e-01	0.0000000000e+00	0.0000000000e+00	1.0277131846e+00	1.0000000000e+00	
1.2120000000e-05	9.9968253297e-01	9.9968251976e-01	0.0000000000e+00	0.0000000000e+00	1.0277125982e+00	1.0000000000e+00	
1.2531000000e-05	9.9968276782e-01	9.9968276782e-01	0.0000000000e+00	0.0000000000e+00	1.0276919185e+00	1.0000000000e+00	
1.2956000000e-05	9.9968277561e-01	9.9968277561e-01	0.0000000000e+00	0.0000000000e+00	1.0276912381e+00	1.0000000000e+00	
1.3395000000e-05	9.9968278342e-01	9.9968278342e-01	0.0000000000e+00	0.0000000000e+00	1.0276905565e+00	1.0000000000e+00	
1.3849000000e-05	9.9968279412e-01	9.9968278065e-01	0.0000000000e+00	0.0000000000e+00	1.0276898051e+00	1.0000000000e+00	
1.4318000000e-05	9.9968280535e-01	9.9968277856e-01	0.0000000000e+00	0.0000000000e+00	1.0276890056e+00	1.0000000000e+00	
1.4804000000e-05	9.9968281310e-01	9.9968279962e-01	0.0000000000e+00	0.0000000000e+00	1.0276881486e+00	1.0000000000e+00	
1.5305000000e-05	9.9968282614e-01	9.9968279935e-01	0.0000000000e+00	0.0000000000e+00	1.0276871909e+00	1.0000000000e+00	
1.5824000000e-05	9.9968258896e-01	9.9968258896e-01	0.0000000000e+00	0.0000000000e+00	1.0277075318e+00	1.0000000000e+00	
1.6360000000e-05	9.9968261312e-01	9.9968261312e-01	0.0000000000e+00	0.0000000000e+00	1.0277054222e+00	1.0000000000e+00	
1.6915000000e-05	9.9968262751e-01	9.9968261384e-01	0.0000000000e+00	0.0000000000e+00	1.0277043516e+00	1.0000000000e+00	
1.7488000000e-05	9.9968287122e-01	9.9968285755e-01	0.0000000000e+00	0.0000000000e+00	1.0276830776e+00	1.0000000000e+00	
1.8081000000e-05	9.9968288612e-01	9.9968287245e-01	0.0000000000e+00	0.0000000000e+00	1.0276817768e+00	1.0000000000e+00	
1.8694000000e-05	9.9968290121e-01	9.9968288746e-01	0.0000000000e+00	0.0000000000e+00	1.0276804611e+00	1.0000000000e+00	
1.9328000000e-05	9.9968291822e-01	9.9968290448e-01	0.0000000000e+00	0.0000000000e+00	1.0276789758e+00	1.0000000000e+00	
1.9983000000e-05	9.9968294056e-01	9.9968290093e-01	0.0000000000e+00	0.0000000000e+00	1.0276773769e+00	1.0000000000e+00	
2.0660000000e-05	9.9968272546e-01	9.9968269942e-01	0.0000000000e+00	0.0000000000e+00	1.0276959689e+00	1.0000000000e+00	
2.1360000000e-05	9.9968297776e-01	9.9968293877e-01	0.0000000000e+00	0.0000000000e+00	1.0276741214e+00	1.0000000000e+00	
2.2084000000e-05	9.9968300379e-01	9.9968293803e-01	0.0000000000e+00	0.0000000000e+00	1.0276722118e+00	1.0000000000e+00	
2.2833000000e-05	9.9968302053e-01	9.9968299375e-01	0.0000000000e+00	0.0000000000e+00	1.0276702218e+00	1.0000000000e+00	
2.3607000000e-05	9.9968615337e-01	9.9966587522e-01	0.0000000000e+00	0.0000000000e+00	1.0276713927e+00	1.0000000000e+00	
2.4407000000e-05	9.9968617536e-01	9.9966591072e-01	0.0000000000e+00	0.0000000000e+00	1.0276692898e+00	1.0000000000e+00	
2.5234000000e-05	9.9968620612e-01	9.9966592851e-01	0.0000000000e+00	0.0000000000e+00	1.0276667808e+00	1.0000000000e+00	
2.6090000000e-05	9.9968287728e-01	9.9968286430e-01	0.0000000000e+00	0.0000000000e+00	1.0276825397e+00	1.0000000000e+00	
2.6974000000e-05	9.9968267792e-01	9.9968266494e-01	0.0000000000e+00	0.0000000000e+00	1.0276999422e+00	1.0000000000e+00	
2.7888000000e-05	9.9968294250e-01	9.9968292906e-01	0.0000000000e+00	0.0000000000e+00	1.0276768523e+00	1.0000000000e+00	
2.8833000000e-05	9.9968316169e-01	9.9968196670e-01	0.0000000000e+00	0.0000000000e+00	1.0276737425e+00	1.0000000000e+00	
2.9811000000e-05	9.9968320101e-01	9.9968199278e-01	0.0000000000e+00	0.0000000000e+00	1.0276704903e+00	1.0000000000e+00	
3.0821000000e-05	9.9968324553e-01	9.9968202383e-01	0.0000000000e+00	0.0000000000e+00	1.0276667862e+00	1.0000000000e+00	
3.1866000000e-05	9.9968309920e-01	9.9968303301e-01	0.0000000000e+00	0.0000000000e+00	1.0276638893e+00	1.0000000000e+00	
3.2946000000e-05	9.9968314358e-01	9.9968309036e-01	0.0000000000e+00	0.0000000000e+00	1.0276598396e+00	1.0000000000e+00	
3.4063000000e-05	9.9968319595e-01	9.9968314273e-01	0.0000000000e+00	0.0000000000e+00	1.0276552680e+00	1.0000000000e+00	
3.5217000000e-05	9.9968324679e-01	9.9968320630e-01	0.0000000000e+00	0.0000000000e+00	1.0276506569e+00	1.0000000000e+00	
3.6411000000e-05	9.9968355055e-01	9.9968349641e-01	0.0000000000e+00	0.0000000000e+00	1.0276243266e+00	1.0000000000e+00	
3.7645000000e-05	9.9968336956e-01	9.9968331599e-01	0.0000000000e+00	0.0000000000e+00	1.0276401178e+00	1.0000000000e+00	
3.8921000000e-05	9.9968012519e-01	9.9970164675e-01	0.0000000000e+00	0.0000000000e+00	1.0276307301e+00	1.0000000000e+00	
4.0240000000e-05	9.9968043147e-01	9.9970192712e-01	0.0000000000e+00	0.0000000000e+00	1.0276043463e+00	1.0000000000e+00	
4.1604000000e-05	9.9968027691e-01	9.9970177289e-01	0.0000000000e+00	0.0000000000e+00	1.0276178335e+00	1.0000000000e+00	
4.3014000000e-05	9.9968393874e-01	9.9968383231e-01	0.0000000000e+00	0.0000000000e+00	1.0275911495e+00	1.0000000000e+00	
4.4472000000e-05	9.9968402552e-01	9.9968391887e-01	0.0000000000e+00	0.0000000000e+00	1.0275835772e+00	1.0000000000e+00	
4.5980000000e-05	9.9968435952e-01	9.9968426552e-01	0.0000000000e+00	0.0000000000e+00	1.0275542502e+00	1.0000000000e+00	
4.7538000000e-05	9.9968445651e-01	9.9968437631e-01	0.0000000000e+00	0.0000000000e+00	1.0275455965e+00	1.0000000000e+00	
4.9150000000e-05	9.9968456224e-01	9.9968448279e-01	0.0000000000e+00	0.0000000000e+00	1.0275363571e+00	1.0000000000e+00	
5.0816000000e-05	9.9968443257e-01	9.9968435240e-01	0.0000000000e+00	0.0000000000e+00	1.0275476860e+00	1.0000000000e+00	
5.2538000000e-05	9.9968456253e-01	9.9968442967e-01	0.0000000000e+00	0.0000000000e+00	1.0275370559e+00	1.0000000000e+00	
5.4319000000e-05	9.9968803169e-01	9.9966763397e-01	0.0000000000e+00	0.0000000000e+00	1.0275090511e+00	1.0000000000e+00	
5.6160000000e-05	9.9968818105e-01	9.9966779712e-01	0.0000000000e+00	0.0000000000e+00	1.0274958260e+00	1.0000000000e+00	
5.8063000000e-05	9.9968849236e-01	9.9966695346e-01	0.0000000000e+00	0.0000000000e+00	1.0274843148e+00	1.0000000000e+00	
6.0032000000e-05	9.9968531104e-01	9.9968399579e-01	0.0000000000e+00	0.0000000000e+00	1.0274877523e+00	1.0000000000e+00	
6.2066000000e-05	9.9968528193e-01	9.9968508103e-01	0.0000000000e+00	0.0000000000e+00	1.0274751807e+00	1.0000000000e+00	
6.4170000000e-05	9.9968239732e-01	9.9970375904e-01	0.0000000000e+00	0.0000000000e+00	1.0274345586e+00	1.0000000000e+00	
6.6345000000e-05	9.9968259615e-01	9.9970391794e-01	0.0000000000e+00	0.0000000000e+00	1.0274177438e+00	1.0000000000e+00	
6.8594000000e-05	9.9968637353e-01	9.9968615998e-01	0.0000000000e+00	0.0000000000e+00	1.0273800639e+00	1.0000000000e+00	
7.0919000000e-05	9.9968659689e-01	9.9968637021e-01	0.0000000000e+00	0.0000000000e+00	1.0273607447e+00	1.0000000000e+00	
7.3323000000e-05	9.9968969220e-01	9.9966924098e-01	0.0000000000e+00	0.0000000000e+00	1.0273648271e+00	1.0000000000e+00	
7.5808000000e-05	9.9969037651e-01	9.9966869085e-01	0.0000000000e+00	0.0000000000e+00	1.0273218331e+00	1.0000000000e+00	
7.8377000000e-05	9.9968728780e-01	9.9968586588e-01	0.0000000000e+00	0.0000000000e+00	1.0273166427e+00	1.0000000000e+00	
8.1034000000e-05	9.9968408231e-01	9.9970533717e-01	0.0000000000e+00	0.0000000000e+00	1.0272889216e+00	1.0000000000e+00	
8.3781000000e-05	9.9968439233e-01	9.9970563383e-01	0.0000000000e+00	0.0000000000e+00	1.0272620405e+00	1.0000000000e+00	
8.6621000000e-05	9.9969163867e-01	9.9967102699e-01	0.0000000000e+00	0.0000000000e+00	1.0271970913e+00	1.0000000000e+00	
8.9557000000e-05	9.9969217656e-01	9.9967043727e-01	0.0000000000e+00	0.0000000000e+00	1.0271654300e+00	1.0000000000e+00	
9.2592000000e-05	9.9969256530e-01	9.9967074522e-01	0.0000000000e+00	0.0000000000e+00	1.0271325920e+00	1.0000000000e+00	
9.5730000000e-05	9.9968629082e-01	9.9970627145e-01	0.0000000000e+00	0.0000000000e+00	1.0271134161e+00	1.0000000000e+00	
9.8975000000e-05	9.9968965521e-01	9.9969049788e-01	0.0000000000e+00	0.0000000000e+00	1.0270792746e+00	1.0000000000e+00	
1.0233000000e-04	9.9969409154e-01	9.9967224514e-01	0.0000000000e+00	0.0000000000e+00	1.0269997198e+00	1.0000000000e+00	
1.0580000000e-04	9.9969128280e-01	9.9969094422e-01	0.0000000000e+00	0.0000000000e+00	1.0269532178e+00	1.0000000000e+00	
1.0938000000e-04	9.9969156769e-01	9.9969116319e-01	0.0000000000e+00	0.0000000000e+00	1.0269292433e+00	1.0000000000e+00	
1.1309000000e-04	9.9969235627e-01	9.9969195060e-01	0.0000000000e+00	0.0000000000e+00	1.0268604224e+00	1.0000000000e+00	
1.1693000000e-04	9.9969321410e-01	9.9969278197e-01	0.0000000000e+00	0.0000000000e+00	1.0267858993e+00	1.0000000000e+00	
1.2089000000e-04	9.9969362508e-01	9.9969314034e-01	0.0000000000e+00	0.0000000000e+00	1.0267507376e+00	1.0000000000e+00	
1.2499000000e-04	9.9969454448e-01	9.9969395166e-01	0.0000000000e+00	0.0000000000e+00	1.0266719465e+00	1.0000000000e+00	
1.2922000000e-04	9.9969887512e-01	9.9967804466e-01	0.0000000000e+00	0.0000000000e+00	1.0265683721e+00	1.0000000000e+00	
1.3360000000e-04	9.9969607043e-01	9.9969539689e-01	0.0000000000e+00	0.0000000000e+00	1.0265398379e+00	1.0000000000e+00	
1.3813000000e-04	9.9970050468e-01	9.9967960698e-01	0.0000000000e+00	0.0000000000e+00	1.0264270364e+00	1.0000000000e+00	
1.4281000000e-04	9.9969848419e-01	9.9969653706e-01	0.0000000000e+00	0.0000000000e+00	1.0263464072e+00	1.0000000000e+00	
1.4765000000e-04	9.9970280103e-01	9.9968058898e-01	0.0000000000e+00	0.0000000000e+00	1.0262444074e+00	1.0000000000e+00	
1.5266000000e-04	9.9970031899e-01	9.9970071650e-01	0.0000000000e+00	0.0000000000e+00	1.0261544457e+00	1.0000000000e+00	
1.5783000000e-04	9.9970541425e-01	9.9968301354e-01	0.0000000000e+00	0.0000000000e+00	1.0260188520e+00	1.0000000000e+00	
1.6318000000e-04	9.9970301306e-01	9.9970214957e-01	0.0000000000e+00	0.0000000000e+00	1.0259363759e+00	1.0000000000e+00	
1.6871000000e-04	9.9970451558e-01	9.9970358490e-01	0.0000000000e+00	0.0000000000e+00	1.0258061285e+00	1.0000000000e+00	
1.7443000000e-04	9.9970586110e-01	9.9970484988e-01	0.0000000000e+00	0.0000000000e+00	1.0256897672e+00	1.0000000000e+00	
1.8034000000e-04	9.9970756125e-01	9.9970772685e-01	0.0000000000e+00	0.0000000000e+00	1.0255253975e+00	1.0000000000e+00	
1.8646000000e-04	9.9970934912e-01	9.9970938140e-01	0.0000000000e+00	0.0000000000e+00	1.0253711382e+00	1.0000000000e+00	
1.9278000000e-04	9.9971098418e-01	9.9971096308e-01	0.0000000000e+00	0.0000000000e+00	1.0252291345e+00	1.0000000000e+00	
1.9931000000e-04	9.9971340692e-01	9.9971209796e-01	0.0000000000e+00	0.0000000000e+00	1.0250351132e+00	1.0000000000e+00	
2.0607000000e-04	9.9971545953e-01	9.9971288871e-01	0.0000000000e+00	0.0000000000e+00	1.0248730493e+00	1.0000000000e+00	
2.1305000000e-04	9.9971749605e-01	9.9971598614e-01	0.0000000000e+00	0.0000000000e+00	1.0246808888e+00	1.0000000000e+00	
2.2027000000e-04	9.9972323479e-01	9.9970121587e-01	0.0000000000e+00	0.0000000000e+00	1.0244580786e+00	1.0000000000e+00	
2.2774000000e-04	9.9972284922e-01	9.9972120041e-01	0.0000000000e+00	0.0000000000e+00	1.0242154827e+00	1.0000000000e+00	
2.3546000000e-04	9.9972529392e-01	9.9972345873e-01	0.0000000000e+00	0.0000000000e+00	1.0240046068e+00	1.0000000000e+00	
2.4344000000e-04	9.9972858416e-01	9.9972539531e-01	0.0000000000e+00	0.0000000000e+00	1.0237357523e+00	1.0000000000e+00	
2.5169000000e-04	9.9972825354e-01	9.9974659060e-01	0.0000000000e+00	0.0000000000e+00	1.0234726848e+00	1.0000000000e+00	
2.6022000000e-04	9.9973822069e-01	9.9971555476e-01	0.0000000000e+00	0.0000000000e+00	1.0231587002e+00	1.0000000000e+00	
2.6904000000e-04	9.9973848804e-01	9.9973610070e-01	0.0000000000e+00	0.0000000000e+00	1.0228603501e+00	1.0000000000e+00	
2.7816000000e-04	9.9974233908e-01	9.9973990737e-01	0.0000000000e+00	0.0000000000e+00	1.0225247859e+00	1.0000000000e+00	
2.8759000000e-04	9.9974621514e-01	9.9974351572e-01	0.0000000000e+00	0.0000000000e+00	1.0221900664e+00	1.0000000000e+00	
2.9734000000e-04	9.9975082612e-01	9.9974781826e-01	0.0000000000e+00	0.0000000000e+00	1.0217917467e+00	1.0000000000e+00	
3.0742000000e-04	9.9975541486e-01	9.9975237768e-01	0.0000000000e+00	0.0000000000e+00	1.0213915826e+00	1.0000000000e+00	
3.1784000000e-04	9.9975698387e-01	9.9977527619e-01	0.0000000000e+00	0.0000000000e+00	1.0209653555e+00	1.0000000000e+00	
3.2861000000e-04	9.9976907709e-01	9.9974391606e-01	0.0000000000e+00	0.0000000000e+00	1.0204990125e+00	1.0000000000e+00	
3.3975000000e-04	9.9976817186e-01	9.9978599253e-01	0.0000000000e+00	0.0000000000e+00	1.0199951269e+00	1.0000000000e+00	
3.5126000000e-04	9.9977715833e-01	9.9977427663e-01	0.0000000000e+00	0.0000000000e+00	1.0194914366e+00	1.0000000000e+00	
3.6317000000e-04	9.9978386040e-01	9.9978077443e-01	0.0000000000e+00	0.0000000000e+00	1.0189091683e+00	1.0000000000e+00	
3.7548000000e-04	9.9979426243e-01	9.9976930414e-01	0.0000000000e+00	0.0000000000e+00	1.0182977774e+00	1.0000000000e+00	
3.8821000000e-04	9.9980173750e-01	9.9977520963e-01	0.0000000000e+00	0.0000000000e+00	1.0176665476e+00	1.0000000000e+00	
4.0136000000e-04	9.9980633073e-01	9.9980111621e-01	0.0000000000e+00	0.0000000000e+00	1.0169765491e+00	1.0000000000e+00	
4.1497000000e-04	9.9981165201e-01	9.9982640522e-01	0.0000000000e+00	0.0000000000e+00	1.0162412457e+00	1.0000000000e+00	
4.2903000000e-04	9.9982392885e-01	9.9981796969e-01	0.0000000000e+00	0.0000000000e+00	1.0154504674e+00	1.0000000000e+00	
4.4358000000e-04	9.9983342765e-01	9.9982690774e-01	0.0000000000e+00	0.0000000000e+00	1.0146289001e+00	1.0000000000e+00	
4.5861000000e-04	9.9984394566e-01	9.9983694006e-01	0.0000000000e+00	0.0000000000e+00	1.0137173461e+00	1.0000000000e+00	
4.7416000000e-04	9.9985482519e-01	9.9984738634e-01	0.0000000000e+00	0.0000000000e+00	1.0127735229e+00	1.0000000000e+00	
4.9023000000e-04	9.9986972188e-01	9.9984137805e-01	0.0000000000e+00	0.0000000000e+00	1.0117566643e+00	1.0000000000e+00	
5.0684000000e-04	9.9988219357e-01	9.9985329635e-01	0.0000000000e+00	0.0000000000e+00	1.0106754868e+00	1.0000000000e+00	
5.2402000000e-04	9.9989247472e-01	9.9988347896e-01	0.0000000000e+00	0.0000000000e+00	1.0095081241e+00	1.0000000000e+00	
5.4179000000e-04	9.9990673584e-01	9.9989703910e-01	0.0000000000e+00	0.0000000000e+00	1.0082727449e+00	1.0000000000e+00	
5.6015000000e-04	9.9992535891e-01	9.9989338203e-01	0.0000000000e+00	0.0000000000e+00	1.0069492515e+00	1.0000000000e+00	
5.7914000000e-04	9.9994111388e-01	9.9990970374e-01	0.0000000000e+00	0.0000000000e+00	1.0055662783e+00	1.0000000000e+00	
5.9877000000e-04	9.9995513014e-01	9.9994329336e-01	0.0000000000e+00	0.0000000000e+00	1.0040773188e+00	1.0000000000e+00	
6.1906000000e-04	9.9997372965e-01	9.9996120172e-01	0.0000000000e+00	0.0000000000e+00	1.0024630991e+00	1.0000000000e+00	
6.4004000000e-04	9.9999011872e-01	9.9999807125e-01	0.0000000000e+00	0.0000000000e+00	1.0007547093e+00	1.0000000000e+00	
6.6174000000e-04	1.0000140803e+00	1.0000008002e+00	0.0000000000e+00	0.0000000000e+00	9.9895100083e-01	1.0000000000e+00	
6.8417000000e-04	1.0000399114e+00	1.0000039892e+00	0.0000000000e+00	0.0000000000e+00	9.9700321098e-01	1.0000000000e+00	
7.0736000000e-04	1.0000634560e+00	1.0000265902e+00	0.0000000000e+00	0.0000000000e+00	9.9496074626e-01	1.0000000000e+00	
7.3133000000e-04	1.0000888222e+00	1.0000507375e+00	0.0000000000e+00	0.0000000000e+00	9.9276299946e-01	1.0000000000e+00	
7.5612000000e-04	1.0001127692e+00	1.0000937866e+00	0.0000000000e+00	0.0000000000e+00	9.9041355951e-01	1.0000000000e+00	
7.8175000000e-04	1.0001449040e+00	1.0001030313e+00	0.0000000000e+00	0.0000000000e+00	9.8791886581e-01	1.0000000000e+00	
8.0825000000e-04	1.0001718027e+00	1.0001502008e+00	0.0000000000e+00	0.0000000000e+00	9.8529590980e-01	1.0000000000e+00	
8.3564000000e-04	1.0002075446e+00	1.0001640752e+00	0.0000000000e+00	0.0000000000e+00	9.8247247639e-01	1.0000000000e+00	
8.6397000000e-04	1.0002426300e+00	1.0001963349e+00	0.0000000000e+00	0.0000000000e+00	9.7944811742e-01	1.0000000000e+00	
8.9325000000e-04	1.0002789990e+00	1.0002322505e+00	0.0000000000e+00	0.0000000000e+00	9.7627953346e-01	1.0000000000e+00	
9.2353000000e-04	1.0003180784e+00	1.0002694516e+00	0.0000000000e+00	0.0000000000e+00	9.7289367942e-01	1.0000000000e+00	
9.5483000000e-04	1.0003597508e+00	1.0003090587e+00	0.0000000000e+00	0.0000000000e+00	9.6928400754e-01	1.0000000000e+00	
9.8720000000e-04	1.0004036438e+00	1.0003510764e+00	0.0000000000e+00	0.0000000000e+00	9.6547791798e-01	1.0000000000e+00	
1.0207000000e-03	1.0004506527e+00	1.0003944531e+00	0.0000000000e+00	0.0000000000e+00	9.6142366490e-01	1.0000000000e+00	
1.0553000000e-03	1.0005001312e+00	1.0004428744e+00	0.0000000000e+00	0.0000000000e+00	9.5711891008e-01	1.0000000000e+00	
1.0910000000e-03	1.0005498640e+00	1.0005092357e+00	0.0000000000e+00	0.0000000000e+00	9.5255210814e-01	1.0000000000e+00	
1.1280000000e-03	1.0006083727e+00	1.0005457236e+00	0.0000000000e+00	0.0000000000e+00	9.4774338958e-01	1.0000000000e+00	
1.1662000000e-03	1.0006680039e+00	1.0006011943e+00	0.0000000000e+00	0.0000000000e+00	9.4259447408e-01	1.0000000000e+00	
1.2058000000e-03	1.0007306061e+00	1.0006607168e+00	0.0000000000e+00	0.0000000000e+00	9.3717155156e-01	1.0000000000e+00	
1.2466000000e-03	1.0007966097e+00	1.0007234226e+00	0.0000000000e+00	0.0000000000e+00	9.3145466726e-01	1.0000000000e+00	
1.2889000000e-03	1.0008664945e+00	1.0007897694e+00	0.0000000000e+00	0.0000000000e+00	9.2540224825e-01	1.0000000000e+00	
1.3326000000e-03	1.0009406137e+00	1.0008599454e+00	0.0000000000e+00	0.0000000000e+00	9.1898569381e-01	1.0000000000e+00	
1.3777000000e-03	1.0010181819e+00	1.0009347018e+00	0.0000000000e+00	0.0000000000e+00	9.1225272228e-01	1.0000000000e+00	
1.4244000000e-03	1.0011005570e+00	1.0010114527e+00	0.0000000000e+00	0.0000000000e+00	9.0513828274e-01	1.0000000000e+00	
1.4727000000e-03	1.0011873534e+00	1.0010935105e+00	0.0000000000e+00	0.0000000000e+00	8.9762589202e-01	1.0000000000e+00	
1.5226000000e-03	1.0012782561e+00	1.0011806191e+00	0.0000000000e+00	0.0000000000e+00	8.8974223894e-01	1.0000000000e+00	
1.5743000000e-03	1.0013774690e+00	1.0012527771e+00	0.0000000000e+00	0.0000000000e+00	8.8144863143e-01	1.0000000000e+00	
1.6276000000e-03	1.0014746810e+00	1.0013647284e+00	0.0000000000e+00	0.0000000000e+00	8.7276289107e-01	1.0000000000e+00	
1.6828000000e-03	1.0015834813e+00	1.0014456579e+00	0.0000000000e+00	0.0000000000e+00	8.6364343903e-01	1.0000000000e+00	
1.7398000000e-03	1.0016936756e+00	1.0015503907e+00	0.0000000000e+00	0.0000000000e+00	8.5409839502e-01	1.0000000000e+00	
1.7988000000e-03	1.0018091614e+00	1.0016589300e+00	0.0000000000e+00	0.0000000000e+00	8.4411157895e-01	1.0000000000e+00	
1.8598000000e-03	1.0019293674e+00	1.0017716058e+00	0.0000000000e+00	0.0000000000e+00	8.3372064612e-01	1.0000000000e+00	
1.9228000000e-03	1.0020548367e+00	1.0018889665e+00	0.0000000000e+00	0.0000000000e+00	8.2287811628e-01	1.0000000000e+00	
1.9880000000e-03	1.0021853573e+00	1.0020108817e+00	0.0000000000e+00	0.0000000000e+00	8.1160137951e-01	1.0000000000e+00	
2.0554000000e-03	1.0023240994e+00	1.0021184718e+00	0.0000000000e+00	0.0000000000e+00	7.9991274144e-01	1.0000000000e+00	
2.1250000000e-03	1.0024643097e+00	1.0022488385e+00	0.0000000000e+00	0.0000000000e+00	7.8780696230e-01	1.0000000000e+00	
2.1970000000e-03	1.0026087651e+00	1.0023852089e+00	0.0000000000e+00	0.0000000000e+00	7.7530676410e-01	1.0000000000e+00	
2.2715000000e-03	1.0027585425e+00	1.0025211099e+00	0.0000000000e+00	0.0000000000e+00	7.6242054431e-01	1.0000000000e+00	
2.3485000000e-03	1.0029120751e+00	1.0026624208e+00	0.0000000000e+00	0.0000000000e+00	7.4918408062e-01	1.0000000000e+00	
2.4281000000e-03	1.0030725581e+00	1.0027892091e+00	0.0000000000e+00	0.0000000000e+00	7.3563211443e-01	1.0000000000e+00	
2.5104000000e-03	1.0032332570e+00	1.0029359754e+00	0.0000000000e+00	0.0000000000e+00	7.2179329140e-01	1.0000000000e+00	
2.5955000000e-03	1.0034004749e+00	1.0030661151e+00	0.0000000000e+00	0.0000000000e+00	7.0769930085e-01	1.0000000000e+00	
2.6835000000e-03	1.0035635034e+00	1.0032338574e+00	0.0000000000e+00	0.0000000000e+00	6.9340425018e-01	1.0000000000e+00	
2.7744000000e-03	1.0037343481e+00	1.0033679273e+00	0.0000000000e+00	0.0000000000e+00	6.7898955778e-01	1.0000000000e+00	
2.8685000000e-03	1.0039034189e+00	1.0035187705e+00	0.0000000000e+00	0.0000000000e+00	6.6447817659e-01	1.0000000000e+00	
2.9657000000e-03	1.0040762706e+00	1.0036497902e+00	0.0000000000e+00	0.0000000000e+00	6.4995687542e-01	1.0000000000e+00	
3.0662000000e-03	1.0042485165e+00	1.0037798202e+00	0.0000000000e+00	0.0000000000e+00	6.3549365226e-01	1.0000000000e+00	
3.1702000000e-03	1.0044129552e+00	1.0039425601e+00	0.0000000000e+00	0.0000000000e+00	6.2116246571e-01	1.0000000000e+00	
3.2776000000e-03	1.0045818211e+00	1.0040648527e+00	0.0000000000e+00	0.0000000000e+00	6.0705338863e-01	1.0000000000e+00	
3.3887000000e-03	1.0047473277e+00	1.0041834208e+00	0.0000000000e+00	0.0000000000e+00	5.9324251216e-01	1.0000000000e+00	
3.5036000000e-03	1.0049056583e+00	1.0043135681e+00	0.0000000000e+00	0.0000000000e+00	5.7980368791e-01	1.0000000000e+00	
3.6223000000e-03	1.0050588386e+00	1.0044370248e+00	0.0000000000e+00	0.0000000000e+00	5.6683532984e-01	1.0000000000e+00	
3.7451000000e-03	1.0052097924e+00	1.0045335195e+00	0.0000000000e+00	0.0000000000e+00	5.5439678967e-01	1.0000000000e+00	
3.8720000000e-03	1.0053506330e+00	1.0046399217e+00	0.0000000000e+00	0.0000000000e+00	5.4256953807e-01	1.0000000000e+00	
4.0033000000e-03	1.0054876953e+00	1.0047187921e+00	0.0000000000e+00	0.0000000000e+00	5.3139423575e-01	1.0000000000e+00	
4.1390000000e-03	1.0056136888e+00	1.0048052532e+00	0.0000000000e+00	0.0000000000e+00	5.2093210943e-01	1.0000000000e+00	
4.2793000000e-03	1.0057352675e+00	1.0048617403e+00	0.0000000000e+00	0.0000000000e+00	5.1120198193e-01	1.0000000000e+00	
4.4243000000e-03	1.0058486525e+00	1.0049080893e+00	0.0000000000e+00	0.0000000000e+00	5.0221346755e-01	1.0000000000e+00	
4.5743000000e-03	1.0059544167e+00	1.0049433196e+00	0.0000000000e+00	0.0000000000e+00	4.9393762609e-01	1.0000000000e+00	
4.7293000000e-03	1.0060566806e+00	1.0049473290e+00	0.0000000000e+00	0.0000000000e+00	4.8634328176e-01	1.0000000000e+00	
4.8896000000e-03	1.0061420529e+00	1.0049996633e+00	0.0000000000e+00	0.0000000000e+00	4.7933899236e-01	1.0000000000e+00	
5.0554000000e-03	1.0062295354e+00	1.0050036695e+00	0.0000000000e+00	0.0000000000e+00	4.7283452347e-01	1.0000000000e+00	
5.2267000000e-03	1.0063132975e+00	1.0050008656e+00	0.0000000000e+00	0.0000000000e+00	4.6669672591e-01	1.0000000000e+00	
5.4039000000e-03	1.0063990019e+00	1.0049718443e+00	0.0000000000e+00	0.0000000000e+00	4.6077126954e-01	1.0000000000e+00	
5.5870000000e-03	1.0064816553e+00	1.0049563101e+00	0.0000000000e+00	0.0000000000e+00	4.5488785878e-01	1.0000000000e+00	
5.7764000000e-03	1.0065703118e+00	1.0049192221e+00	0.0000000000e+00	0.0000000000e+00	4.4885413853e-01	1.0000000000e+00	
5.9722000000e-03	1.0066601281e+00	1.0049004192e+00	0.0000000000e+00	0.0000000000e+00	4.4248693498e-01	1.0000000000e+00	
6.1746000000e-03	1.0067569879e+00	1.0048811825e+00	0.0000000000e+00	0.0000000000e+00	4.3560628615e-01	1.0000000000e+00	
6.3839000000e-03	1.0068659991e+00	1.0048455289e+00	0.0000000000e+00	0.0000000000e+00	4.2805235636e-01	1.0000000000e+00	
6.6003000000e-03	1.0069784244e+00	1.0048499971e+00	0.0000000000e+00	0.0000000000e+00	4.1970257916e-01	1.0000000000e+00	
6.8240000000e-03	1.0071127466e+00	1.0047996738e+00	0.0000000000e+00	0.0000000000e+00	4.1048139576e-01	1.0000000000e+00	
7.0553000000e-03	1.0072551464e+00	1.0047714907e+00	0.0000000000e+00	0.0000000000e+00	4.0036438898e-01	1.0000000000e+00	
7.2945000000e-03	1.0074014694e+00	1.0047850022e+00	0.0000000000e+00	0.0000000000e+00	3.8939267452e-01	1.0000000000e+00	
7.5417000000e-03	1.0075652855e+00	1.0047586412e+00	0.0000000000e+00	0.0000000000e+00	3.7767192068e-01	1.0000000000e+00	
7.7973000000e-03	1.0077415183e+00	1.0047087537e+00	0.0000000000e+00	0.0000000000e+00	3.6535473205e-01	1.0000000000e+00	
8.0616000000e-03	1.0079164186e+00	1.0046955774e+00	0.0000000000e+00	0.0000000000e+00	3.5263792742e-01	1.0000000000e+00	
8.3349000000e-03	1.0080992411e+00	1.0046526327e+00	0.0000000000e+00	0.0000000000e+00	3.3974072617e-01	1.0000000000e+00	
8.6174000000e-03	1.0082912137e+00	1.0045573169e+00	0.0000000000e+00	0.0000000000e+00	3.2687912618e-01	1.0000000000e+00	
8.9095000000e-03	1.0084760118e+00	1.0044851449e+00	0.0000000000e+00	0.0000000000e+00	3.1423262893e-01	1.0000000000e+00	
9.2115000000e-03	1.0086624346e+00	1.0043788274e+00	0.0000000000e+00	0.0000000000e+00	3.0192941732e-01	1.0000000000e+00	
9.5237000000e-03	1.0088430375e+00	1.0042744177e+00	0.0000000000e+00	0.0000000000e+00	2.9002943771e-01	1.0000000000e+00	
9.8465000000e-03	1.0090265196e+00	1.0041256327e+00	0.0000000000e+00	0.0000000000e+00	2.7851898050e-01	1.0000000000e+00	
1.0180000000e-02	1.0092087462e+00	1.0039591578e+00	0.0000000000e+00	0.0000000000e+00	2.6734099140e-01	1.0000000000e+00	
1.0525000000e-02	1.0093957327e+00	1.0037500409e+00	0.0000000000e+00	0.0000000000e+00	2.5639035335e-01	1.0000000000e+00	
1.0882000000e-02	1.0095804779e+00	1.0035418729e+00	0.0000000000e+00	0.0000000000e+00	2.4559209861e-01	1.0000000000e+00	
1.1251000000e-02	1.0097672701e+00	1.0033114030e+00	0.0000000000e+00	0.0000000000e+00	2.3494537078e-01	1.0000000000e+00	
1.1632000000e-02	1.0099592770e+00	1.0030352379e+00	0.0000000000e+00	0.0000000000e+00	2.2453386463e-01	1.0000000000e+00	
1.2027000000e-02	1.0101473370e+00	1.0027543162e+00	0.0000000000e+00	0.0000000000e+00	2.1447787501e-01	1.0000000000e+00	
1.2434000000e-02	1.0103365605e+00	1.0024202235e+00	0.0000000000e+00	0.0000000000e+00	2.0505719017e-01	1.0000000000e+00	
1.2856000000e-02	1.0105304199e+00	1.0020030417e+00	0.0000000000e+00	0.0000000000e+00	1.9642151824e-01	1.0000000000e+00	
1.3291000000e-02	1.0107055965e+00	1.0016170528e+00	0.0000000000e+00	0.0000000000e+00	1.8874032386e-01	1.0000000000e+00	
1.3742000000e-02	1.0108848235e+00	1.0011448677e+00	0.0000000000e+00	0.0000000000e+00	1.8192944684e-01	1.0000000000e+00	
1.4208000000e-02	1.0110582395e+00	1.0006546214e+00	0.0000000000e+00	0.0000000000e+00	1.7579196636e-01	1.0000000000e+00	
1.4689000000e-02	1.0112431247e+00	1.0000788842e+00	0.0000000000e+00	0.0000000000e+00	1.6996825930e-01	1.0000000000e+00	
1.5187000000e-02	1.0114266812e+00	9.9951816879e-01	0.0000000000e+00	0.0000000000e+00	1.6403879374e-01	1.0000000000e+00	
1.5702000000e-02	1.0116219225e+00	9.9892350506e-01	0.0000000000e+00	0.0000000000e+00	1.5770820136e-01	1.0000000000e+00	
1.6234000000e-02	1.0118396349e+00	9.9824328493e-01	0.0000000000e+00	0.0000000000e+00	1.5088108703e-01	1.0000000000e+00	
1.6784000000e-02	1.0120744896e+00	9.9749822504e-01	0.0000000000e+00	0.0000000000e+00	1.4366940132e-01	1.0000000000e+00	
1.7353000000e-02	1.0123100580e+00	9.9675968480e-01	0.0000000000e+00	0.0000000000e+00	1.3631667830e-01	1.0000000000e+00	
1.7941000000e-02	1.0125581466e+00	9.9594558205e-01	0.0000000000e+00	0.0000000000e+00	1.2906558932e-01	1.0000000000e+00	
1.8550000000e-02	1.0128085027e+00	9.9510417205e-01	0.0000000000e+00	0.0000000000e+00	1.2201765448e-01	1.0000000000e+00	
1.9178000000e-02	1.0130704488e+00	9.9418176475e-01	0.0000000000e+00	0.0000000000e+00	1.1521363799e-01	1.0000000000e+00	
1.9828000000e-02	1.0133448655e+00	9.9317317955e-01	0.0000000000e+00	0.0000000000e+00	1.0865887730e-01	1.0000000000e+00	
2.0500000000e-02	1.0136188578e+00	9.9213468894e-01	0.0000000000e+00	0.0000000000e+00	1.0254098157e-01	1.0000000000e+00	
2.1195000000e-02	1.0138954241e+00	9.9102791852e-01	0.0000000000e+00	0.0000000000e+00	9.7159285596e-02	1.0000000000e+00	
2.1914000000e-02	1.0141771992e+00	9.8982381539e-01	0.0000000000e+00	0.0000000000e+00	9.2713548807e-02	1.0000000000e+00	
2.2657000000e-02	1.0144591848e+00	9.8856073337e-01	0.0000000000e+00	0.0000000000e+00	8.9052140444e-02	1.0000000000e+00	
2.3424000000e-02	1.0147441636e+00	9.8726232058e-01	0.0000000000e+00	0.0000000000e+00	8.5649191763e-02	1.0000000000e+00	
2.4218000000e-02	1.0150471799e+00	9.8589010426e-01	0.0000000000e+00	0.0000000000e+00	8.1917222448e-02	1.0000000000e+00	
2.5039000000e-02	1.0153704518e+00	9.8444818460e-01	0.0000000000e+00	0.0000000000e+00	7.7637101623e-02	1.0000000000e+00	
2.5888000000e-02	1.0156989998e+00	9.8300221121e-01	0.0000000000e+00	0.0000000000e+00	7.3022938369e-02	1.0000000000e+00	
2.6766000000e-02	1.0160445114e+00	9.8146375700e-01	0.0000000000e+00	0.0000000000e+00	6.8412241498e-02	1.0000000000e+00	
2.7673000000e-02	1.0163894809e+00	9.7991455294e-01	0.0000000000e+00	0.0000000000e+00	6.3987299663e-02	1.0000000000e+00	
2.8611000000e-02	1.0167367454e+00	9.7832965677e-01	0.0000000000e+00	0.0000000000e+00	5.9877197499e-02	1.0000000000e+00	
2.9580000000e-02	1.0170801940e+00	9.7671870285e-01	0.0000000000e+00	0.0000000000e+00	5.6401823541e-02	1.0000000000e+00	
3.0583000000e-02	1.0174145633e+00	9.7509305197e-01	0.0000000000e+00	0.0000000000e+00	5.3795191252e-02	1.0000000000e+00	
3.1620000000e-02	1.0177406677e+00	9.7347368273e-01	0.0000000000e+00	0.0000000000e+00	5.1712746881e-02	1.0000000000e+00	
3.2691000000e-02	1.0180627858e+00	9.7189372726e-01	0.0000000000e+00	0.0000000000e+00	4.9389693080e-02	1.0000000000e+00	
3.3800000000e-02	1.0183804256e+00	9.7038175075e-01	0.0000000000e+00	0.0000000000e+00	4.6474913346e-02	1.0000000000e+00	
3.4945000000e-02	1.0186845717e+00	9.6896290336e-01	0.0000000000e+00	0.0000000000e+00	4.3292048946e-02	1.0000000000e+00	
3.6130000000e-02	1.0189668945e+00	9.6765554008e-01	0.0000000000e+00	0.0000000000e+00	4.0206305817e-02	1.0000000000e+00	
3.7354000000e-02	1.0192180786e+00	9.6649002923e-01	0.0000000000e+00	0.0000000000e+00	3.7492684719e-02	1.0000000000e+00	
3.8620000000e-02	1.0194266384e+00	9.6550148115e-01	0.0000000000e+00	0.0000000000e+00	3.5521849689e-02	1.0000000000e+00	
3.9929000000e-02	1.0195887692e+00	9.6472009766e-01	0.0000000000e+00	0.0000000000e+00	3.4164748689e-02	1.0000000000e+00	
4.1283000000e-02	1.0197037876e+00	9.6421219498e-01	0.0000000000e+00	0.0000000000e+00	3.2572410431e-02	1.0000000000e+00	
4.2682000000e-02	1.0197749724e+00	9.6398537668e-01	0.0000000000e+00	0.0000000000e+00	3.0399954232e-02	1.0000000000e+00	
4.4129000000e-02	1.0197876282e+00	9.6408788880e-01	0.0000000000e+00	0.0000000000e+00	2.8076596032e-02	1.0000000000e+00	
4.5625000000e-02	1.0197341989e+00	9.6452838120e-01	0.0000000000e+00	0.0000000000e+00	2.6042136940e-02	1.0000000000e+00	
4.7171000000e-02	1.0196051336e+00	9.6532753199e-01	0.0000000000e+00	0.0000000000e+00	2.4720345393e-02	1.0000000000e+00	
4.8770000000e-02	1.0194036223e+00	9.6648932624e-01	0.0000000000e+00	0.0000000000e+00	2.3821972701e-02	1.0000000000e+00	
5.0423000000e-02	1.0191450796e+00	9.6799604611e-01	0.0000000000e+00	0.0000000000e+00	2.2450776983e-02	1.0000000000e+00	
5.2132000000e-02	1.0188321330e+00	9.6982869212e-01	0.0000000000e+00	0.0000000000e+00	2.0670691427e-02	1.0000000000e+00	
5.3899000000e-02	1.0184663668e+00	9.7193502498e-01	0.0000000000e+00	0.0000000000e+00	1.9073365750e-02	1.0000000000e+00	
5.5726000000e-02	1.0180516983e+00	9.7425672737e-01	0.0000000000e+00	0.0000000000e+00	1.8160855686e-02	1.0000000000e+00	
5.7615000000e-02	1.0176142879e+00	9.7668441987e-01	0.0000000000e+00	0.0000000000e+00	1.7487717338e-02	1.0000000000e+00	
5.9568000000e-02	1.0171761176e+00	9.7915737870e-01	0.0000000000e+00	0.0000000000e+00	1.6256712532e-02	1.0000000000e+00	
6.1587000000e-02	1.0167562508e+00	9.8154316154e-01	0.0000000000e+00	0.0000000000e+00	1.4858433336e-02	1.0000000000e+00	
6.3674000000e-02	1.0163662319e+00	9.8372548951e-01	0.0000000000e+00	0.0000000000e+00	1.4018652027e-02	1.0000000000e+00	
6.5833000000e-02	1.0160310221e+00	9.8558256692e-01	0.0000000000e+00	0.0000000000e+00	1.3548716030e-02	1.0000000000e+00	
6.8064000000e-02	1.0157787342e+00	9.8702648836e-01	0.0000000000e+00	0.0000000000e+00	1.2568001404e-02	1.0000000000e+00	
7.0371000000e-02	1.0156293916e+00	9.8792002005e-01	0.0000000000e+00	0.0000000000e+00	1.1461298388e-02	1.0000000000e+00	
7.2756000000e-02	1.0155888802e+00	9.8817550305e-01	0.0000000000e+00	0.0000000000e+00	1.0983442026e-02	1.0000000000e+00	
7.5222000000e-02	1.0156726311e+00	9.8775710175e-01	0.0000000000e+00	0.0000000000e+00	1.0482677848e-02	1.0000000000e+00	
7.7772000000e-02	1.0158959964e+00	9.8661385913e-01	0.0000000000e+00	0.0000000000e+00	9.5181499228e-03	1.0000000000e+00	
8.0408000000e-02	1.0162405387e+00	9.8478214355e-01	0.0000000000e+00	0.0000000000e+00	8.9560504729e-03	1.0000000000e+00	
8.3134000000e-02	1.0166987324e+00	9.8231433890e-01	0.0000000000e+00	0.0000000000e+00	8.6408171445e-03	1.0000000000e+00	
8.5951000000e-02	1.0172523575e+00	9.7936289690e-01	0.0000000000e+00	0.0000000000e+00	7.8483249091e-03	1.0000000000e+00	
8.8865000000e-02	1.0178563774e+00	9.7611272821e-01	0.0000000000e+00	0.0000000000e+00	7.3914356294e-03	1.0000000000e+00	
9.1877000000e-02	1.0184637678e+00	9.7283242042e-01	0.0000000000e+00	0.0000000000e+00	7.0947814825e-03	1.0000000000e+00	
9.4991000000e-02	1.0190175732e+00	9.6987264756e-01	0.0000000000e+00	0.0000000000e+00	6.4019714142e-03	1.0000000000e+00	
9.8211000000e-02	1.0194415189e+00	9.6758462793e-01	0.0000000000e+00	0.0000000000e+00	6.1736753851e-03	1.0000000000e+00	
1.0154000000e-01	1.0196879738e+00	9.6627563069e-01	0.0000000000e+00	0.0000000000e+00	5.7546529444e-03	1.0000000000e+00	
1.0498000000e-01	1.0197073833e+00	9.6620413496e-01	0.0000000000e+00	0.0000000000e+00	5.2931879408e-03	1.0000000000e+00	
1.0854000000e-01	1.0194703975e+00	9.6750593493e-01	0.0000000000e+00	0.0000000000e+00	5.1116461315e-03	1.0000000000e+00	
1.1222000000e-01	1.0190138741e+00	9.7002560121e-01	0.0000000000e+00	0.0000000000e+00	4.6003976141e-03	1.0000000000e+00	
1.1602000000e-01	1.0183851703e+00	9.7345202078e-01	0.0000000000e+00	0.0000000000e+00	4.4869766831e-03	1.0000000000e+00	
1.1995000000e-01	1.0176828937e+00	9.7730283698e-01	0.0000000000e+00	0.0000000000e+00	4.0425802265e-03	1.0000000000e+00	
1.2402000000e-01	1.0170153618e+00	9.8094028595e-01	0.0000000000e+00	0.0000000000e+00	3.9300542077e-03	1.0000000000e+00	
1.2822000000e-01	1.0164933251e+00	9.8380684822e-01	0.0000000000e+00	0.0000000000e+00	3.5446342772e-03	1.0000000000e+00	
1.3257000000e-01	1.0162072883e+00	9.8536905339e-01	0.0000000000e+00	0.0000000000e+00	3.4481146157e-03	1.0000000000e+00	
1.3706000000e-01	1.0162230167e+00	9.8530937198e-01	0.0000000000e+00	0.0000000000e+00	3.0978330041e-03	1.0000000000e+00	
1.4171000000e-01	1.0165315854e+00	9.8363766908e-01	0.0000000000e+00	0.0000000000e+00	3.0180396398e-03	1.0000000000e+00	
1.4651000000e-01	1.0171025169e+00	9.8055432566e-01	0.0000000000e+00	0.0000000000e+00	2.7383410478e-03	1.0000000000e+00	
1.5148000000e-01	1.0178065639e+00	9.7673622057e-01	0.0000000000e+00	0.0000000000e+00	2.6085880164e-03	1.0000000000e+00	
1.5661000000e-01	1.0184850655e+00	9.7305784414e-01	0.0000000000e+00	0.0000000000e+00	2.4673565003e-03	1.0000000000e+00	
1.6192000000e-01	1.0189688956e+00	9.7044516427e-01	0.0000000000e+00	0.0000000000e+00	2.2266915667e-03	1.0000000000e+00	
1.6741000000e-01	1.0190985852e+00	9.6974532080e-01	0.0000000000e+00	0.0000000000e+00	2.1556779962e-03	1.0000000000e+00	
1.7308000000e-01	1.0188452293e+00	9.7113273886e-01	0.0000000000e+00	0.0000000000e+00	2.0199968490e-03	1.0000000000e+00	
1.7895000000e-01	1.0182745851e+00	9.7424941290e-01	0.0000000000e+00	0.0000000000e+00	1.8264828262e-03	1.0000000000e+00	
1.8502000000e-01	1.0175885296e+00	9.7798530618e-01	0.0000000000e+00	0.0000000000e+00	1.7446510527e-03	1.0000000000e+00	
1.9129000000e-01	1.0170289525e+00	9.8103326658e-01	0.0000000000e+00	0.0000000000e+00	1.6670307464e-03	1.0000000000e+00	
1.9777000000e-01	1.0167744007e+00	9.8242623991e-01	0.0000000000e+00	0.0000000000e+00	1.5441829102e-03	1.0000000000e+00	
2.0448000000e-01	1.0169231370e+00	9.8162757351e-01	0.0000000000e+00	0.0000000000e+00	1.4090534563e-03	1.0000000000e+00	
2.1141000000e-01	1.0173912340e+00	9.7908973254e-01	0.0000000000e+00	0.0000000000e+00	1.3134536044e-03	1.0000000000e+00	
2.1857000000e-01	1.0179799351e+00	9.7589421998e-01	0.0000000000e+00	0.0000000000e+00	1.2448023390e-03	1.0000000000e+00	
2.2598000000e-01	1.0184126140e+00	9.7354656650e-01	0.0000000000e+00	0.0000000000e+00	1.1813326210e-03	1.0000000000e+00	
2.3364000000e-01	1.0184891793e+00	9.7313519232e-01	0.0000000000e+00	0.0000000000e+00	1.1150701247e-03	1.0000000000e+00	
2.4156000000e-01	1.0181793219e+00	9.7482480853e-01	0.0000000000e+00	0.0000000000e+00	1.0469478410e-03	1.0000000000e+00	
2.4975000000e-01	1.0176869514e+00	9.7750657888e-01	0.0000000000e+00	0.0000000000e+00	9.8031460476e-04	1.0000000000e+00	
2.5821000000e-01	1.0173078262e+00	9.7957246136e-01	0.0000000000e+00	0.0000000000e+00	9.1653018329e-04	1.0000000000e+00	
2.6696000000e-01	1.0172547761e+00	9.7986544677e-01	0.0000000000e+00	0.0000000000e+00	8.5455863677e-04	1.0000000000e+00	
2.7601000000e-01	1.0175266861e+00	9.7839182948e-01	0.0000000000e+00	0.0000000000e+00	7.9125455477e-04	1.0000000000e+00	
2.8537000000e-01	1.0179111013e+00	9.7630655630e-01	0.0000000000e+00	0.0000000000e+00	7.2797303152e-04	1.0000000000e+00	
2.9504000000e-01	1.0181215893e+00	9.7516604353e-01	0.0000000000e+00	0.0000000000e+00	6.7587788266e-04	1.0000000000e+00	
3.0504000000e-01	1.0180174164e+00	9.7573477838e-01	0.0000000000e+00	0.0000000000e+00	6.4358623680e-04	1.0000000000e+00	
3.1538000000e-01	1.0177251409e+00	9.7732592711e-01	0.0000000000e+00	0.0000000000e+00	6.1452364911e-04	1.0000000000e+00	
3.2607000000e-01	1.0175171555e+00	9.7846033270e-01	0.0000000000e+00	0.0000000000e+00	5.6493041206e-04	1.0000000000e+00	
3.3712000000e-01	1.0175590211e+00	9.7823610854e-01	0.0000000000e+00	0.0000000000e+00	5.1901556713e-04	1.0000000000e+00	
3.4855000000e-01	1.0177714630e+00	9.7708226839e-01	0.0000000000e+00	0.0000000000e+00	5.0360405852e-04	1.0000000000e+00	
3.6036000000e-01	1.0179163765e+00	9.7629791458e-01	0.0000000000e+00	0.0000000000e+00	4.5622751721e-04	1.0000000000e+00	
3.7258000000e-01	1.0178544532e+00	9.7663585289e-01	0.0000000000e+00	0.0000000000e+00	4.3884211160e-04	1.0000000000e+00	
3.8521000000e-01	1.0176968184e+00	9.7749578859e-01	0.0000000000e+00	0.0000000000e+00	3.9914932540e-04	1.0000000000e+00	
3.9826000000e-01	1.0176413465e+00	9.7779821418e-01	0.0000000000e+00	0.0000000000e+00	3.8771555035e-04	1.0000000000e+00	
4.1176000000e-01	1.0177277948e+00	9.7733109643e-01	0.0000000000e+00	0.0000000000e+00	3.4874796104e-04	1.0000000000e+00	
4.2572000000e-01	1.0178144390e+00	9.7686130162e-01	0.0000000000e+00	0.0000000000e+00	3.3164318849e-04	1.0000000000e+00	
4.4015000000e-01	1.0177895547e+00	9.7699766528e-01	0.0000000000e+00	0.0000000000e+00	3.1705163913e-04	1.0000000000e+00	
4.5507000000e-01	1.0177141017e+00	9.7740975609e-01	0.0000000000e+00	0.0000000000e+00	2.9158648592e-04	1.0000000000e+00	
4.7049000000e-01	1.0177104070e+00	9.7743158482e-01	0.0000000000e+00	0.0000000000e+00	2.6796681227e-04	1.0000000000e+00	
4.8644000000e-01	1.0177621165e+00	9.7715192180e-01	0.0000000000e+00	0.0000000000e+00	2.4810488725e-04	1.0000000000e+00	
5.0293000000e-01	1.0177691830e+00	9.7711466154e-01	0.0000000000e+00	0.0000000000e+00	2.3239923131e-04	1.0000000000e+00	
5.1998000000e-01	1.0177342392e+00	9.7730566545e-01	0.0000000000e+00	0.0000000000e+00	2.1848428458e-04	1.0000000000e+00	
5.3760000000e-01	1.0177299597e+00	9.7732976252e-01	0.0000000000e+00	0.0000000000e+00	2.0721765157e-04	1.0000000000e+00	
5.5582000000e-01	1.0177534334e+00	9.7720281952e-01	0.0000000000e+00	0.0000000000e+00	1.9805660565e-04	1.0000000000e+00	
5.7466000000e-01	1.0177503608e+00	9.7722056998e-01	0.0000000000e+00	0.0000000000e+00	1.8386934227e-04	1.0000000000e+00	
5.9414000000e-01	1.0177379853e+00	9.7728910480e-01	0.0000000000e+00	0.0000000000e+00	1.6687470380e-04	1.0000000000e+00	
6.1428000000e-01	1.0177465512e+00	9.7724282411e-01	0.0000000000e+00	0.0000000000e+00	1.6295466004e-04	1.0000000000e+00	
6.3510000000e-01	1.0177475193e+00	9.7723886168e-01	0.0000000000e+00	0.0000000000e+00	1.4531073836e-04	1.0000000000e+00	
6.5663000000e-01	1.0177405634e+00	9.7727685899e-01	0.0000000000e+00	0.0000000000e+00	1.4286558114e-04	1.0000000000e+00	
6.7888000000e-01	1.0177408205e+00	9.7727639477e-01	0.0000000000e+00	0.0000000000e+00	1.3020149332e-04	1.0000000000e+00	
7.0189000000e-01	1.0177470891e+00	9.7724311463e-01	0.0000000000e+00	0.0000000000e+00	1.1935087522e-04	1.0000000000e+00	
7.2568000000e-01	1.0177441151e+00	9.7725977199e-01	0.0000000000e+00	0.0000000000e+00	1.1272628087e-04	1.0000000000e+00	
7.5028000000e-01	1.0177429141e+00	9.7726680161e-01	0.0000000000e+00	0.0000000000e+00	1.0593984541e-04	1.0000000000e+00	
7.7571000000e-01	1.0177399912e+00	9.7728326188e-01	0.0000000000e+00	0.0000000000e+00	9.8222299251e-05	1.0000000000e+00	
8.0201000000e-01	1.0177403248e+00	9.7728191141e-01	0.0000000000e+00	0.0000000000e+00	9.1940758112e-05	1.0000000000e+00	
8.2919000000e-01	1.0177394118e+00	9.7728713345e-01	0.0000000000e+00	0.0000000000e+00	8.8436140650e-05	1.0000000000e+00	
8.5729000000e-01	1.0177418135e+00	9.7727453630e-01	0.0000000000e+00	0.0000000000e+00	8.2195310352e-05	1.0000000000e+00	
8.8635000000e-01	1.0177418552e+00	9.7727475986e-01	0.0000000000e+00	0.0000000000e+00	7.6086520944e-05	1.0000000000e+00	
9.1640000000e-01	1.0177364215e+00	9.7730467215e-01	0.0000000000e+00	0.0000000000e+00	7.1055234346e-05	1.0000000000e+00	
9.4746000000e-01	1.0177388670e+00	9.7729156796e-01	0.0000000000e+00	0.0000000000e+00	6.8465368808e-05	1.0000000000e+00	
9.7957000000e-01	1.0177399953e+00	9.7728577890e-01	0.0000000000e+00	0.0000000000e+00	6.3783133599e-05	1.0000000000e+00	
1.0128000000e+00	1.0177398337e+00	9.7728695795e-01	0.0000000000e+00	0.0000000000e+00	5.9707917625e-05	1.0000000000e+00	
1.0471000000e+00	1.0177390116e+00	9.7729169454e-01	0.0000000000e+00	0.0000000000e+00	5.6084435181e-05	1.0000000000e+00	
1.0826000000e+00	1.0177392437e+00	9.7729082794e-01	0.0000000000e+00	0.0000000000e+00	5.0725603408e-05	1.0000000000e+00	
1.1193000000e+00	1.0177384748e+00	9.7729520179e-01	0.0000000000e+00	0.0000000000e+00	4.8095590730e-05	1.0000000000e+00	
1.1572000000e+00	1.0177384515e+00	9.7729558454e-01	0.0000000000e+00	0.0000000000e+00	4.4627078474e-05	1.0000000000e+00	
1.1965000000e+00	1.0177377752e+00	9.7729937916e-01	0.0000000000e+00	0.0000000000e+00	4.3029401918e-05	1.0000000000e+00	
1.2370000000e+00	1.0177372451e+00	9.7730248519e-01	0.0000000000e+00	0.0000000000e+00	3.9992544984e-05	1.0000000000e+00	
1.2789000000e+00	1.0177371037e+00	9.7730344069e-01	0.0000000000e+00	0.0000000000e+00	3.7455001158e-05	1.0000000000e+00	
1.3223000000e+00	1.0177377542e+00	9.7730010614e-01	0.0000000000e+00	0.0000000000e+00	3.4719122889e-05	1.0000000000e+00	
1.3671000000e+00	1.0177372159e+00	9.7730327088e-01	0.0000000000e+00	0.0000000000e+00	3.1489363265e-05	1.0000000000e+00	
1.4134000000e+00	1.0177376250e+00	9.7730112273e-01	0.0000000000e+00	0.0000000000e+00	3.0454237644e-05	1.0000000000e+00	
1.4613000000e+00	1.0177372602e+00	9.7730323756e-01	0.0000000000e+00	0.0000000000e+00	2.8671627571e-05	1.0000000000e+00	
1.5109000000e+00	1.0177370910e+00	9.7730428829e-01	0.0000000000e+00	0.0000000000e+00	2.6897903686e-05	1.0000000000e+00	
1.5621000000e+00	1.0177349207e+00	9.7731620398e-01	0.0000000000e+00	0.0000000000e+00	2.5315900105e-05	1.0000000000e+00	
1.6150000000e+00	1.0177374571e+00	9.7730261096e-01	0.0000000000e+00	0.0000000000e+00	2.2652774674e-05	1.0000000000e+00	
1.6698000000e+00	1.0177353418e+00	9.7731415827e-01	0.0000000000e+00	0.0000000000e+00	2.2015805104e-05	1.0000000000e+00	
1.7264000000e+00	1.0177343137e+00	9.7731986411e-01	0.0000000000e+00	0.0000000000e+00	2.0436069552e-05	1.0000000000e+00	
1.7849000000e+00	1.0177363651e+00	9.7730880038e-01	0.0000000000e+00	0.0000000000e+00	1.9225716930e-05	1.0000000000e+00	
1.8454000000e+00	1.0177352961e+00	9.7731470940e-01	0.0000000000e+00	0.0000000000e+00	1.7910579575e-05	1.0000000000e+00	
1.9079000000e+00	1.0177342354e+00	9.7732058715e-01	0.0000000000e+00	0.0000000000e+00	1.6403185510e-05	1.0000000000e+00	
1.9726000000e+00	1.0177350109e+00	9.7731646316e-01	0.0000000000e+00	0.0000000000e+00	1.5156138833e-05	1.0000000000e+00	
2.0395000000e+00	1.0177350276e+00	9.7731644807e-01	0.0000000000e+00	0.0000000000e+00	1.4123403358e-05	1.0000000000e+00	
2.1086000000e+00	1.0177379825e+00	9.7730041916e-01	0.0000000000e+00	0.0000000000e+00	1.3642073633e-05	1.0000000000e+00	
2.1801000000e+00	1.0177352239e+00	9.7731550283e-01	0.0000000000e+00	0.0000000000e+00	1.2469270282e-05	1.0000000000e+00	
2.2540000000e+00	1.0177364605e+00	9.7730883884e-01	0.0000000000e+00	0.0000000000e+00	1.1671324830e-05	1.0000000000e+00	
2.3304000000e+00	1.0177337563e+00	9.7732360305e-01	0.0000000000e+00	0.0000000000e+00	1.0827886310e-05	1.0000000000e+00	
2.4094000000e+00	1.0177326674e+00	9.7732954094e-01	0.0000000000e+00	0.0000000000e+00	1.0587382386e-05	1.0000000000e+00	
2.4910000000e+00	1.0177314632e+00	9.7733614522e-01	0.0000000000e+00	0.0000000000e+00	9.8057973807e-06	1.0000000000e+00	
2.5755000000e+00	1.0177352846e+00	9.7731541261e-01	0.0000000000e+00	0.0000000000e+00	9.2199420768e-06	1.0000000000e+00	
2.6628000000e+00	1.0177327258e+00	9.7732938330e-01	0.0000000000e+00	0.0000000000e+00	8.4163859939e-06	1.0000000000e+00	
2.7530000000e+00	1.0177364419e+00	9.7730923063e-01	0.0000000000e+00	0.0000000000e+00	7.7281786041e-06	1.0000000000e+00	
2.8463000000e+00	1.0177334647e+00	9.7732544168e-01	0.0000000000e+00	0.0000000000e+00	7.3940296929e-06	1.0000000000e+00	
2.9428000000e+00	1.0177347081e+00	9.7731871646e-01	0.0000000000e+00	0.0000000000e+00	6.9208892295e-06	1.0000000000e+00	
3.0425000000e+00	1.0177323873e+00	9.7733136608e-01	0.0000000000e+00	0.0000000000e+00	6.4872659473e-06	1.0000000000e+00	
3.1457000000e+00	1.0177324010e+00	9.7733132291e-01	0.0000000000e+00	0.0000000000e+00	6.0607031318e-06	1.0000000000e+00	
3.2523000000e+00	1.0177342597e+00	9.7732125348e-01	0.0000000000e+00	0.0000000000e+00	5.5722102784e-06	1.0000000000e+00	
3.3625000000e+00	1.0177350585e+00	9.7731692617e-01	0.0000000000e+00	0.0000000000e+00	5.3674398266e-06	1.0000000000e+00	
3.4765000000e+00	1.0177335590e+00	9.7732511234e-01	0.0000000000e+00	0.0000000000e+00	4.9044066174e-06	1.0000000000e+00	
3.5943000000e+00	1.0177371810e+00	9.7730543969e-01	0.0000000000e+00	0.0000000000e+00	4.6490400369e-06	1.0000000000e+00	
3.7162000000e+00	1.0177349263e+00	9.7731772579e-01	0.0000000000e+00	0.0000000000e+00	4.2642858208e-06	1.0000000000e+00	
3.8421000000e+00	1.0177338987e+00	9.7732332871e-01	0.0000000000e+00	0.0000000000e+00	4.0513913889e-06	1.0000000000e+00	
3.9724000000e+00	1.0177345205e+00	9.7731996521e-01	0.0000000000e+00	0.0000000000e+00	3.8149560380e-06	1.0000000000e+00	
4.1070000000e+00	1.0177341922e+00	9.7732177441e-01	0.0000000000e+00	0.0000000000e+00	3.4896960050e-06	1.0000000000e+00	
4.2462000000e+00	1.0177335231e+00	9.7732542123e-01	0.0000000000e+00	0.0000000000e+00	3.3656084931e-06	1.0000000000e+00	
4.3901000000e+00	1.0177337997e+00	9.7732394274e-01	0.0000000000e+00	0.0000000000e+00	3.0222422574e-06	1.0000000000e+00	
4.5389000000e+00	1.0177327285e+00	9.7732977915e-01	0.0000000000e+00	0.0000000000e+00	2.8480724464e-06	1.0000000000e+00	
4.6928000000e+00	1.0177339784e+00	9.7732298978e-01	0.0000000000e+00	0.0000000000e+00	2.7654419708e-06	1.0000000000e+00	
4.8518000000e+00	1.0177341862e+00	9.7732187186e-01	0.0000000000e+00	0.0000000000e+00	2.6077162855e-06	1.0000000000e+00	
5.0163000000e+00	1.0177336551e+00	9.7732477141e-01	0.0000000000e+00	0.0000000000e+00	2.4426667986e-06	1.0000000000e+00	
5.1863000000e+00	1.0177334321e+00	9.7732600126e-01	0.0000000000e+00	0.0000000000e+00	2.2046633570e-06	1.0000000000e+00	
5.3621000000e+00	1.0177338011e+00	9.7732400666e-01	0.0000000000e+00	0.0000000000e+00	2.0500590853e-06	1.0000000000e+00	
5.5439000000e+00	1.0177350677e+00	9.7731713226e-01	0.0000000000e+00	0.0000000000e+00	1.8948509231e-06	1.0000000000e+00	
5.7318000000e+00	1.0177351493e+00	9.7731668939e-01	0.0000000000e+00	0.0000000000e+00	1.8836004194e-06	1.0000000000e+00	
5.9261000000e+00	1.0177338657e+00	9.7732368377e-01	0.0000000000e+00	0.0000000000e+00	1.6646050619e-06	1.0000000000e+00	
6.1269000000e+00	1.0177343781e+00	9.7732090296e-01	0.0000000000e+00	0.0000000000e+00	1.5984507034e-06	1.0000000000e+00	
6.3346000000e+00	1.0177339771e+00	9.7732309358e-01	0.0000000000e+00	0.0000000000e+00	1.4570085299e-06	1.0000000000e+00	
6.5493000000e+00	1.0177345003e+00	9.7732025563e-01	0.0000000000e+00	0.0000000000e+00	1.3678863360e-06	1.0000000000e+00	
6.7713000000e+00	1.0177343032e+00	9.7732133060e-01	0.0000000000e+00	0.0000000000e+00	1.3221342109e-06	1.0000000000e+00	
7.0008000000e+00	1.0177338546e+00	9.7732377571e-01	0.0000000000e+00	0.0000000000e+00	1.2390074812e-06	1.0000000000e+00	
7.2381000000e+00	1.0177349240e+00	9.7731796974e-01	0.0000000000e+00	0.0000000000e+00	1.1255433611e-06	1.0000000000e+00	
7.4834000000e+00	1.0177327164e+00	9.7732997457e-01	0.0000000000e+00	0.0000000000e+00	1.0934015221e-06	1.0000000000e+00	
7.7371000000e+00	1.0177363055e+00	9.7731046760e-01	0.0000000000e+00	0.0000000000e+00	1.0106268558e-06	1.0000000000e+00	
7.9994000000e+00	1.0177323193e+00	9.7733214272e-01	0.0000000000e+00	0.0000000000e+00	9.6773000754e-07	1.0000000000e+00	
8.2705000000e+00	1.0177354936e+00	9.7731489186e-01	0.0000000000e+00	0.0000000000e+00	8.7274863621e-07	1.0000000000e+00	
8.5508000000e+00	1.0177351687e+00	9.7731666398e-01	0.0000000000e+00	0.0000000000e+00	7.9546427532e-07	1.0000000000e+00	
8.8406000000e+00	1.0177336679e+00	9.7732482616e-01	0.0000000000e+00	0.0000000000e+00	7.5757829371e-07	1.0000000000e+00	
9.1403000000e+00	1.0177365876e+00	9.7730895599e-01	0.0000000000e+00	0.0000000000e+00	7.1418243901e-07	1.0000000000e+00	
9.4501000000e+00	1.0177360646e+00	9.7731180251e-01	0.0000000000e+00	0.0000000000e+00	6.7275610781e-07	1.0000000000e+00	
9.7704000000e+00	1.0177346355e+00	9.7731957483e-01	0.0000000000e+00	0.0000000000e+00	6.3064479345e-07	1.0000000000e+00	
1.0102000000e+01	1.0177387252e+00	9.7729734329e-01	0.0000000000e+00	0.0000000000e+00	5.9305109683e-07	1.0000000000e+00	
1.0444000000e+01	1.0177394396e+00	9.7729346305e-01	0.0000000000e+00	0.0000000000e+00	5.4373436968e-07	1.0000000000e+00	
1.0798000000e+01	1.0177371536e+00	9.7730589229e-01	0.0000000000e+00	0.0000000000e+00	5.2997154099e-07	1.0000000000e+00	
1.1164000000e+01	1.0177338905e+00	9.7732363604e-01	0.0000000000e+00	0.0000000000e+00	4.8099700874e-07	1.0000000000e+00	
1.1542000000e+01	1.0177379272e+00	9.7730169260e-01	0.0000000000e+00	0.0000000000e+00	4.4687990937e-07	1.0000000000e+00	
1.1934000000e+01	1.0177395236e+00	9.7729301517e-01	0.0000000000e+00	0.0000000000e+00	4.2310450908e-07	1.0000000000e+00	
1.2338000000e+01	1.0177397082e+00	9.7729201385e-01	0.0000000000e+00	0.0000000000e+00	3.9216752174e-07	1.0000000000e+00	
1.2756000000e+01	1.0177367462e+00	9.7730811879e-01	0.0000000000e+00	0.0000000000e+00	3.6941876809e-07	1.0000000000e+00	
1.3189000000e+01	1.0177441401e+00	9.7726792224e-01	0.0000000000e+00	0.0000000000e+00	3.5085994035e-07	1.0000000000e+00	
1.3636000000e+01	1.0177401894e+00	9.7728940287e-01	0.0000000000e+00	0.0000000000e+00	3.2379824610e-07	1.0000000000e+00	
1.4098000000e+01	1.0177446029e+00	9.7726540966e-01	0.0000000000e+00	0.0000000000e+00	3.0130512174e-07	1.0000000000e+00	
1.4576000000e+01	1.0177433565e+00	9.7727218638e-01	0.0000000000e+00	0.0000000000e+00	2.9414464646e-07	1.0000000000e+00	
1.5070000000e+01	1.0177439365e+00	9.7726903574e-01	0.0000000000e+00	0.0000000000e+00	2.6405381697e-07	1.0000000000e+00	
1.5581000000e+01	1.0177441420e+00	9.7726791900e-01	0.0000000000e+00	0.0000000000e+00	2.5038239670e-07	1.0000000000e+00	
1.6109000000e+01	1.0177457643e+00	9.7725910086e-01	0.0000000000e+00	0.0000000000e+00	2.2956921968e-07	1.0000000000e+00	
1.6655000000e+01	1.0177460021e+00	9.7725780865e-01	0.0000000000e+00	0.0000000000e+00	2.2282227213e-07	1.0000000000e+00	
1.7219000000e+01	1.0177474906e+00	9.7724971712e-01	0.0000000000e+00	0.0000000000e+00	2.0743978375e-07	1.0000000000e+00	
1.7803000000e+01	1.0177497131e+00	9.7723763575e-01	0.0000000000e+00	0.0000000000e+00	1.8962905937e-07	1.0000000000e+00	
1.8406000000e+01	1.0177500291e+00	9.7723591792e-01	0.0000000000e+00	0.0000000000e+00	1.8184698883e-07	1.0000000000e+00	
1.9030000000e+01	1.0177517059e+00	9.7722680297e-01	0.0000000000e+00	0.0000000000e+00	1.6625439851e-07	1.0000000000e+00	
1.9675000000e+01	1.0177526875e+00	9.7722146692e-01	0.0000000000e+00	0.0000000000e+00	1.5540740371e-07	1.0000000000e+00	
2.0342000000e+01	1.0177544061e+00	9.7721212459e-01	0.0000000000e+00	0.0000000000e+00	1.4672309750e-07	1.0000000000e+00	
2.1032000000e+01	1.0177547863e+00	9.7721005830e-01	0.0000000000e+00	0.0000000000e+00	1.3573611912e-07	1.0000000000e+00	
2.1744000000e+01	1.0177563314e+00	9.7720165858e-01	0.0000000000e+00	0.0000000000e+00	1.3013597926e-07	1.0000000000e+00	
2.2482000000e+01	1.0177596677e+00	9.7718352081e-01	0.0000000000e+00	0.0000000000e+00	1.1906877336e-07	1.0000000000e+00	
2.3244000000e+01	1.0177624142e+00	9.7716858994e-01	0.0000000000e+00	0.0000000000e+00	1.0723883585e-07	1.0000000000e+00	
2.4031000000e+01	1.0177643934e+00	9.7715782992e-01	0.0000000000e+00	0.0000000000e+00	1.0598275238e-07	1.0000000000e+00	
2.4846000000e+01	1.0177657785e+00	9.7715030017e-01	0.0000000000e+00	0.0000000000e+00	9.6633139755e-08	1.0000000000e+00	
2.5688000000e+01	1.0177686569e+00	9.7713465149e-01	0.0000000000e+00	0.0000000000e+00	9.1116618483e-08	1.0000000000e+00	
2.6559000000e+01	1.0177716375e+00	9.7711844774e-01	0.0000000000e+00	0.0000000000e+00	8.3978007190e-08	1.0000000000e+00	
2.7459000000e+01	1.0177745859e+00	9.7710241826e-01	0.0000000000e+00	0.0000000000e+00	7.9614303828e-08	1.0000000000e+00	
2.8390000000e+01	1.0177803435e+00	9.7707111641e-01	0.0000000000e+00	0.0000000000e+00	7.9995968607e-08	1.0000000000e+00	
2.9352000000e+01	1.0177779608e+00	9.7708407073e-01	0.0000000000e+00	0.0000000000e+00	7.0292443221e-08	1.0000000000e+00	
3.0347000000e+01	1.0177805764e+00	9.7706985102e-01	0.0000000000e+00	0.0000000000e+00	6.5027499570e-08	1.0000000000e+00	
3.1375000000e+01	1.0177900448e+00	9.7701837487e-01	0.0000000000e+00	0.0000000000e+00	6.1229475106e-08	1.0000000000e+00	
3.2439000000e+01	1.0177930744e+00	9.7700190454e-01	0.0000000000e+00	0.0000000000e+00	5.3692213134e-08	1.0000000000e+00	
3.3538000000e+01	1.0177954657e+00	9.7698890386e-01	0.0000000000e+00	0.0000000000e+00	5.3298241362e-08	1.0000000000e+00	
3.4675000000e+01	1.0178001016e+00	9.7696370016e-01	0.0000000000e+00	0.0000000000e+00	4.8771849473e-08	1.0000000000e+00	
3.5851000000e+01	1.0178006226e+00	9.7696086773e-01	0.0000000000e+00	0.0000000000e+00	4.7816633996e-08	1.0000000000e+00	
3.7066000000e+01	1.0178079390e+00	9.7692109125e-01	0.0000000000e+00	0.0000000000e+00	4.3186648512e-08	1.0000000000e+00	
3.8322000000e+01	1.0178149299e+00	9.7688308410e-01	0.0000000000e+00	0.0000000000e+00	4.0213061911e-08	1.0000000000e+00	
3.9621000000e+01	1.0178225659e+00	9.7684156988e-01	0.0000000000e+00	0.0000000000e+00	3.9150878543e-08	1.0000000000e+00	
4.0964000000e+01	1.0178275485e+00	9.7681448155e-01	0.0000000000e+00	0.0000000000e+00	3.5963269531e-08	1.0000000000e+00	
4.2352000000e+01	1.0178387340e+00	9.7675366941e-01	0.0000000000e+00	0.0000000000e+00	3.3650386249e-08	1.0000000000e+00	
4.3788000000e+01	1.0178459235e+00	9.7671458302e-01	0.0000000000e+00	0.0000000000e+00	3.1558255658e-08	1.0000000000e+00	
4.5272000000e+01	1.0178518820e+00	9.7668218870e-01	0.0000000000e+00	0.0000000000e+00	2.7291109110e-08	1.0000000000e+00	
4.6807000000e+01	1.0178603330e+00	9.7663624347e-01	0.0000000000e+00	0.0000000000e+00	2.7930483808e-08	1.0000000000e+00	
4.8393000000e+01	1.0178716519e+00	9.7657470640e-01	0.0000000000e+00	0.0000000000e+00	2.6117433423e-08	1.0000000000e+00	
5.0034000000e+01	1.0178778062e+00	9.7654124759e-01	0.0000000000e+00	0.0000000000e+00	2.3906190444e-08	1.0000000000e+00	
