5.4459000000e-06	9.7294340479e-01
5.6305000000e-06	9.7294344946e-01
5.8214000000e-06	9.7294350682e-01
6.0187000000e-06	9.7294355659e-01
6.2227000000e-06	9.7294359940e-01
6.4336000000e-06	9.7294365518e-01
6.6517000000e-06	9.7294370411e-01
6.8771000000e-06	9.7294377642e-01
7.1102000000e-06	9.7294383232e-01
7.3512000000e-06	9.7294389208e-01
7.6004000000e-06	9.7294396584e-01
7.8580000000e-06	9.7294405363e-01
8.1244000000e-06	9.7294413655e-01
8.3998000000e-06	9.7294423272e-01
8.6845000000e-06	9.7294433557e-01
8.9788000000e-06	9.7294444436e-01
9.2832000000e-06	9.7294456698e-01
9.5978000000e-06	9.7292883293e-01
9.9231000000e-06	9.7292897136e-01
1.0259000000e-05	9.7292910674e-01
1.0607000000e-05	9.7292926034e-01
1.0967000000e-05	9.7293027968e-01
1.1338000000e-05	9.7293042156e-01
1.1723000000e-05	9.7293058385e-01
1.2120000000e-05	9.7293078327e-01
1.2531000000e-05	9.7294591581e-01
1.2956000000e-05	9.7294615101e-01
1.3395000000e-05	9.7294636874e-01
1.3849000000e-05	9.7294661827e-01
1.4318000000e-05	9.7294688263e-01
1.4804000000e-05	9.7294716624e-01
1.5305000000e-05	9.7294750136e-01
1.5824000000e-05	9.7293196209e-01
1.6360000000e-05	9.7293319226e-01
1.6915000000e-05	9.7293352671e-01
1.7488000000e-05	9.7294886227e-01
1.8081000000e-05	9.7294930243e-01
1.8694000000e-05	9.7294971705e-01
1.9328000000e-05	9.7295021908e-01
1.9983000000e-05	9.7295076445e-01
2.0660000000e-05	9.7293633439e-01
2.1360000000e-05	9.7295185424e-01
2.2084000000e-05	9.7295248809e-01
2.2833000000e-05	9.7295312613e-01
2.3607000000e-05	9.7295126465e-01
2.4407000000e-05	9.7295196020e-01
2.5234000000e-05	9.7295279994e-01
2.6090000000e-05	9.7293948214e-01
2.6974000000e-05	9.7292545235e-01
2.7888000000e-05	9.7294137754e-01
2.8833000000e-05	9.7294233291e-01
2.9811000000e-05	9.7294341005e-01
3.0821000000e-05	9.7294463355e-01
3.1866000000e-05	9.7294505516e-01
3.2946000000e-05	9.7294640869e-01
3.4063000000e-05	9.7294793772e-01
3.5217000000e-05	9.7294945930e-01
3.6411000000e-05	9.7296700505e-01
3.7645000000e-05	9.7295296723e-01
3.8921000000e-05	9.7295769655e-01
4.0240000000e-05	9.7297471771e-01
4.1604000000e-05	9.7296197905e-01
4.3014000000e-05	9.7297946804e-01
4.4472000000e-05	9.7298200351e-01
4.5980000000e-05	9.7300050769e-01
4.7538000000e-05	9.7300339455e-01
4.9150000000e-05	9.7300646278e-01
5.0816000000e-05	9.7299395479e-01
5.2538000000e-05	9.7299750530e-01
5.4319000000e-05	9.7301358872e-01
5.6160000000e-05	9.7301852732e-01
5.8063000000e-05	9.7302172995e-01
6.0032000000e-05	9.7301304388e-01
6.2066000000e-05	9.7301618477e-01
6.4170000000e-05	9.7304005893e-01
6.6345000000e-05	9.7304565721e-01
6.8594000000e-05	9.7306682496e-01
7.0919000000e-05	9.7307327520e-01
7.3323000000e-05	9.7306165017e-01
7.5808000000e-05	9.7308464920e-01
7.8377000000e-05	9.7307829111e-01
8.1034000000e-05	9.7308861364e-01
8.3781000000e-05	9.7309757765e-01
8.6621000000e-05	9.7313455042e-01
8.9557000000e-05	9.7314553926e-01
9.2592000000e-05	9.7315653437e-01
9.5730000000e-05	9.7315590853e-01
9.8975000000e-05	9.7316580668e-01
1.0233000000e-04	9.7320905639e-01
1.0580000000e-04	9.7322619200e-01
1.0938000000e-04	9.7322465395e-01
1.1309000000e-04	9.7325573251e-01
1.1693000000e-04	9.7329026037e-01
1.2089000000e-04	9.7329296284e-01
1.2499000000e-04	9.7332692115e-01
1.2922000000e-04	9.7337842781e-01
1.3360000000e-04	9.7337102661e-01
1.3813000000e-04	9.7342563550e-01
1.4281000000e-04	9.7345320455e-01
1.4765000000e-04	9.7349538817e-01
1.5266000000e-04	9.7352521689e-01
1.5783000000e-04	9.7358779889e-01
1.6318000000e-04	9.7360681401e-01
1.6871000000e-04	9.7365930729e-01
1.7443000000e-04	9.7369823815e-01
1.8034000000e-04	9.7376978951e-01
1.8646000000e-04	9.7383023677e-01
1.9278000000e-04	9.7387783604e-01
1.9931000000e-04	9.7396049085e-01
2.0607000000e-04	9.7401474664e-01
2.1305000000e-04	9.7408696495e-01
2.2027000000e-04	9.7417731078e-01
2.2774000000e-04	9.7427737172e-01
2.3546000000e-04	9.7434749921e-01
2.4344000000e-04	9.7445635133e-01
2.5169000000e-04	9.7455334354e-01
2.6022000000e-04	9.7468278772e-01
2.6904000000e-04	9.7479240092e-01
2.7816000000e-04	9.7492269232e-01
2.8759000000e-04	9.7504408496e-01
2.9734000000e-04	9.7520465152e-01
3.0742000000e-04	9.7535718083e-01
3.1784000000e-04	9.7551891237e-01
3.2861000000e-04	9.7570126777e-01
3.3975000000e-04	9.7589960554e-01
3.5126000000e-04	9.7608607408e-01
3.6317000000e-04	9.7631918201e-01
3.7548000000e-04	9.7656048541e-01
3.8821000000e-04	9.7680219359e-01
4.0136000000e-04	9.7707245749e-01
4.1497000000e-04	9.7736099162e-01
4.2903000000e-04	9.7767400759e-01
4.4358000000e-04	9.7799135759e-01
4.5861000000e-04	9.7835763923e-01
4.7416000000e-04	9.7872640096e-01
4.9023000000e-04	9.7912891192e-01
5.0684000000e-04	9.7955686327e-01
5.2402000000e-04	9.8002475367e-01
5.4179000000e-04	9.8051810608e-01
5.6015000000e-04	9.8105077316e-01
5.7914000000e-04	9.8159773801e-01
5.9877000000e-04	9.8219462847e-01
6.1906000000e-04	9.8285524971e-01
6.4004000000e-04	9.8355210488e-01
6.6174000000e-04	9.8428491175e-01
6.8417000000e-04	9.8509033157e-01
7.0736000000e-04	9.8592624265e-01
7.3133000000e-04	9.8683953967e-01
7.5612000000e-04	9.8782531501e-01
7.8175000000e-04	9.8887662127e-01
8.0825000000e-04	9.8997568807e-01
8.3564000000e-04	9.9118187407e-01
8.6397000000e-04	9.9249139903e-01
8.9325000000e-04	9.9385621085e-01
9.2353000000e-04	9.9533456530e-01
9.5483000000e-04	9.9693078258e-01
9.8720000000e-04	9.9861833081e-01
1.0207000000e-03	1.0004397724e+00
1.0553000000e-03	1.0023987903e+00
1.0910000000e-03	1.0045065133e+00
1.1280000000e-03	1.0067353980e+00
1.1662000000e-03	1.0091828572e+00
1.2058000000e-03	1.0117789080e+00
1.2466000000e-03	1.0145580853e+00
1.2889000000e-03	1.0175449972e+00
1.3326000000e-03	1.0207799999e+00
1.3777000000e-03	1.0242244038e+00
1.4244000000e-03	1.0279374289e+00
1.4727000000e-03	1.0319478551e+00
1.5226000000e-03	1.0362412870e+00
1.5743000000e-03	1.0408577971e+00
1.6276000000e-03	1.0458133700e+00
1.6828000000e-03	1.0511514043e+00
1.7398000000e-03	1.0568967649e+00
1.7988000000e-03	1.0630809340e+00
1.8598000000e-03	1.0696934884e+00
1.9228000000e-03	1.0768312826e+00
1.9880000000e-03	1.0845003224e+00
2.0554000000e-03	1.0927235026e+00
2.1250000000e-03	1.1015677959e+00
2.1970000000e-03	1.1110448283e+00
2.2715000000e-03	1.1212065588e+00
2.3485000000e-03	1.1320819386e+00
2.4281000000e-03	1.1436961924e+00
2.5104000000e-03	1.1560884398e+00
2.5955000000e-03	1.1693042717e+00
2.6835000000e-03	1.1833480156e+00
2.7744000000e-03	1.1981899975e+00
2.8685000000e-03	1.2138650624e+00
2.9657000000e-03	1.2303462470e+00
3.0662000000e-03	1.2475822109e+00
3.1702000000e-03	1.2654822525e+00
3.2776000000e-03	1.2839755407e+00
3.3887000000e-03	1.3029012057e+00
3.5036000000e-03	1.3221162184e+00
3.6223000000e-03	1.3413839535e+00
3.7451000000e-03	1.3604755391e+00
3.8720000000e-03	1.3790889776e+00
4.0033000000e-03	1.3969213298e+00
4.1390000000e-03	1.4136192530e+00
4.2793000000e-03	1.4288479730e+00
4.4243000000e-03	1.4422669673e+00
4.5743000000e-03	1.4535899323e+00
4.7293000000e-03	1.4625398490e+00
4.8896000000e-03	1.4689562600e+00
5.0554000000e-03	1.4727397564e+00
5.2267000000e-03	1.4739015877e+00
5.4039000000e-03	1.4725650037e+00
5.5870000000e-03	1.4689793027e+00
5.7764000000e-03	1.4634857799e+00
5.9722000000e-03	1.4565333912e+00
6.1746000000e-03	1.4486517078e+00
6.3839000000e-03	1.4404361763e+00
6.6003000000e-03	1.4325159609e+00
6.8240000000e-03	1.4255418052e+00
7.0553000000e-03	1.4201469499e+00
7.2945000000e-03	1.4169002461e+00
7.5417000000e-03	1.4162852886e+00
7.7973000000e-03	1.4186246426e+00
8.0616000000e-03	1.4240454977e+00
8.3349000000e-03	1.4324266669e+00
8.6174000000e-03	1.4434062111e+00
8.9095000000e-03	1.4563840147e+00
9.2115000000e-03	1.4706429378e+00
9.5237000000e-03	1.4854941196e+00
9.8465000000e-03	1.5004709643e+00
1.0180000000e-02	1.5155078922e+00
1.0525000000e-02	1.5310891192e+00
1.0882000000e-02	1.5481703396e+00
1.1251000000e-02	1.5679378138e+00
1.1632000000e-02	1.5914001081e+00
1.2027000000e-02	1.6189189155e+00
1.2434000000e-02	1.6492183537e+00
1.2856000000e-02	1.6796981844e+00
1.3291000000e-02	1.7060147053e+00
1.3742000000e-02	1.7238399361e+00
1.4208000000e-02	1.7299180175e+00
1.4689000000e-02	1.7238324341e+00
1.5187000000e-02	1.7083935627e+00
1.5702000000e-02	1.6888862746e+00
1.6234000000e-02	1.6713973110e+00
1.6784000000e-02	1.6606918100e+00
1.7353000000e-02	1.6587470998e+00
1.7941000000e-02	1.6648700996e+00
1.8550000000e-02	1.6776765703e+00
1.9178000000e-02	1.6978627944e+00
1.9828000000e-02	1.7289242393e+00
2.0500000000e-02	1.7731242672e+00
2.1195000000e-02	1.8246022117e+00
2.1914000000e-02	1.8662565658e+00
2.2657000000e-02	1.8781599450e+00
2.3424000000e-02	1.8537781487e+00
2.4218000000e-02	1.8072242856e+00
2.5039000000e-02	1.7637244247e+00
2.5888000000e-02	1.7417798193e+00
2.6766000000e-02	1.7451000128e+00
2.7673000000e-02	1.7729941059e+00
2.8611000000e-02	1.8309155082e+00
2.9580000000e-02	1.9113831368e+00
3.0583000000e-02	1.9679538818e+00
3.1620000000e-02	1.9490508942e+00
3.2691000000e-02	1.8680431223e+00
3.3800000000e-02	1.7928900972e+00
3.4945000000e-02	1.7711847027e+00
3.6130000000e-02	1.8097836760e+00
3.7354000000e-02	1.9105957301e+00
3.8620000000e-02	2.0199426708e+00
3.9929000000e-02	2.0119439363e+00
4.1283000000e-02	1.8854179927e+00
4.2682000000e-02	1.7862390579e+00
4.4129000000e-02	1.7999870367e+00
4.5625000000e-02	1.9344831785e+00
4.7171000000e-02	2.0802367101e+00
4.8770000000e-02	2.0114901692e+00
5.0423000000e-02	1.8242729678e+00
5.2132000000e-02	1.7791449010e+00
5.3899000000e-02	1.9483763610e+00
5.5726000000e-02	2.1296658132e+00
5.7615000000e-02	1.9741549979e+00
5.9568000000e-02	1.7630908260e+00
6.1587000000e-02	1.8674968982e+00
6.3674000000e-02	2.1522767819e+00
6.5833000000e-02	2.0095835248e+00
6.8064000000e-02	1.7387070306e+00
7.0371000000e-02	1.9439551606e+00
7.2756000000e-02	2.1967659956e+00
7.5222000000e-02	1.8434137625e+00
7.7772000000e-02	1.7821076634e+00
8.0408000000e-02	2.2272599394e+00
8.3134000000e-02	1.9135332995e+00
8.5951000000e-02	1.7462462592e+00
8.8865000000e-02	2.2596920749e+00
9.1877000000e-02	1.8371552963e+00
9.4991000000e-02	1.8692082488e+00
9.8211000000e-02	2.2197160145e+00
1.0154000000e-01	1.6529056910e+00
1.0498000000e-01	2.2835181094e+00
1.0854000000e-01	1.8221586712e+00
1.1222000000e-01	2.0394308902e+00
1.1602000000e-01	2.0021809142e+00
1.1995000000e-01	1.8429186801e+00
1.2402000000e-01	2.0825204962e+00
1.2822000000e-01	1.8164047188e+00
1.3257000000e-01	2.0258872615e+00
1.3706000000e-01	2.0119018948e+00
1.4171000000e-01	1.8024974911e+00
1.4651000000e-01	2.4285184599e+00
1.5148000000e-01	1.5240938194e+00
1.5661000000e-01	2.3304798466e+00
1.6192000000e-01	1.9779174279e+00
1.6741000000e-01	1.5753423957e+00
1.7308000000e-01	2.4281538243e+00
1.7895000000e-01	2.1889619280e+00
1.8502000000e-01	1.4184322999e+00
1.9129000000e-01	1.8280776047e+00
1.9777000000e-01	2.5861641507e+00
2.0448000000e-01	2.5044013937e+00
2.1141000000e-01	1.7947732410e+00
2.1857000000e-01	1.3215230863e+00
2.2598000000e-01	1.2565897003e+00
2.3364000000e-01	1.4216221644e+00
2.4156000000e-01	1.5929924142e+00
2.4975000000e-01	1.6491952444e+00
2.5821000000e-01	1.5573137183e+00
2.6696000000e-01	1.3015374998e+00
2.7601000000e-01	9.9646830749e-01
2.8537000000e-01	1.2627446414e+00
2.9504000000e-01	2.1675728509e+00
3.0504000000e-01	2.8827935322e+00
3.1538000000e-01	2.1287116679e+00
3.2607000000e-01	8.8994513789e-01
3.3712000000e-01	2.6397537584e+00
3.4855000000e-01	2.1667588345e+00
3.6036000000e-01	1.2168890956e+00
3.7258000000e-01	2.9755839693e+00
3.8521000000e-01	1.0853502069e+00
3.9826000000e-01	2.4330727434e+00
4.1176000000e-01	2.5604097341e+00
4.2572000000e-01	4.4075353114e-01
4.4015000000e-01	2.0843604243e+00
4.5507000000e-01	3.2294560925e+00
4.7049000000e-01	3.2856860430e+00
4.8644000000e-01	2.8420566533e+00
5.0293000000e-01	2.5578323953e+00
5.1998000000e-01	3.1141903219e+00
5.3760000000e-01	3.9528689686e+00
5.5582000000e-01	2.8434786234e+00
5.7466000000e-01	-1.2565360864e-02
5.9414000000e-01	2.3896519052e+00
6.1428000000e-01	2.5766361079e+00
6.3510000000e-01	1.4140833637e+00
6.5663000000e-01	1.1727442768e+00
6.7888000000e-01	4.4557432027e+00
7.0189000000e-01	2.0573700287e+00
7.2568000000e-01	3.1555716813e-01
7.5028000000e-01	1.4692549804e-01
7.7571000000e-01	1.9621302755e-01
8.0201000000e-01	2.8386631418e+00
8.2919000000e-01	4.5120212847e+00
8.5729000000e-01	-3.4797151240e-01
8.8635000000e-01	5.4392891980e+00
9.1640000000e-01	-3.2338558849e-01
9.4746000000e-01	4.3576699367e-01
9.7957000000e-01	3.0839931256e+00
1.0128000000e+00	3.1479884224e+00
1.0471000000e+00	5.4814572607e-01
1.0826000000e+00	-1.4811927386e+00
1.1193000000e+00	5.7529343457e+00
1.1572000000e+00	-8.5034523588e-01
1.1965000000e+00	5.3208341361e-01
1.2370000000e+00	3.5791817634e+00
1.2789000000e+00	2.5628974987e+00
1.3223000000e+00	-3.0778593979e+00
1.3671000000e+00	5.1317398997e+00
1.4134000000e+00	-2.0904260999e+00
1.4613000000e+00	3.8323880534e+00
1.5109000000e+00	5.3425482534e+00
1.5621000000e+00	-7.8790889757e-01
1.6150000000e+00	-1.7177562644e-01
1.6698000000e+00	1.0549123506e+00
1.7264000000e+00	6.7391502249e+00
1.7849000000e+00	6.0776019960e+00
1.8454000000e+00	-5.3524162970e+00
1.9079000000e+00	8.8555978335e+00
1.9726000000e+00	1.4908692055e+00
2.0395000000e+00	4.0654021979e+00
2.1086000000e+00	5.0643805746e+00
2.1801000000e+00	9.4387094540e-01
2.2540000000e+00	-3.8766719565e+00
2.3304000000e+00	5.8203055727e+00
2.4094000000e+00	-2.0050064492e+00
2.4910000000e+00	5.0801284796e+00
2.5755000000e+00	-1.1008843843e+00
2.6628000000e+00	4.0192732341e+00
2.7530000000e+00	-2.5129702606e+00
2.8463000000e+00	6.2056690461e+00
2.9428000000e+00	-5.3937878120e+00
3.0425000000e+00	-2.2043632002e+00
3.1457000000e+00	1.1977771742e+01
3.2523000000e+00	5.9513268174e+00
3.3625000000e+00	1.0944570653e+01
3.4765000000e+00	4.5713931230e+00
3.5943000000e+00	1.0427745166e+01
3.7162000000e+00	-6.8538790253e+00
3.8421000000e+00	3.6121915940e+00
3.9724000000e+00	-1.1084971240e+01
4.1070000000e+00	-2.3715724528e+00
4.2462000000e+00	-2.0125739428e+01
4.3901000000e+00	7.7664088788e+00
4.5389000000e+00	-3.6263051367e+00
4.6928000000e+00	2.9188555751e+00
4.8518000000e+00	-1.2253056730e+01
5.0163000000e+00	1.0078258364e+01
5.1863000000e+00	-7.3829988441e+00
5.3621000000e+00	8.6747354582e+00
5.5439000000e+00	-8.0219563369e+00
5.7318000000e+00	-9.0815500368e+00
5.9261000000e+00	-4.5825356423e+00
6.1269000000e+00	5.1718560837e+00
6.3346000000e+00	3.7702990387e+01
6.5493000000e+00	1.0512763647e+00
6.7713000000e+00	-2.7605123667e+01
7.0008000000e+00	1.6731275505e+01
7.2381000000e+00	-1.1713683305e+01
7.4834000000e+00	8.3311027560e+00
7.7371000000e+00	2.2574910803e+00
7.9994000000e+00	-1.4285387666e+01
8.2705000000e+00	4.4155453894e+01
8.5508000000e+00	-1.1008987229e+01
8.8406000000e+00	-3.2911966727e+01
9.1403000000e+00	-3.9794984006e+00
9.4501000000e+00	1.6520501798e+01
9.7704000000e+00	3.8261868152e+00
1.0102000000e+01	-3.2271558495e+01
1.0444000000e+01	-1.9920041198e+01
1.0798000000e+01	1.0516099884e+00
1.1164000000e+01	5.0885381436e+00
1.1542000000e+01	1.2091499948e+01
1.1934000000e+01	2.4247298221e+01
1.2338000000e+01	-7.9768071372e+00
1.2756000000e+01	2.1122774592e+01
1.3189000000e+01	3.7256940315e+01
1.3636000000e+01	-2.1696888375e-01
1.4098000000e+01	-3.2912773807e+01
1.4576000000e+01	1.2467896584e+02
1.5070000000e+01	-1.6045496052e+01
1.5581000000e+01	3.9862618223e+01
1.6109000000e+01	-1.4743581810e+01
1.6655000000e+01	-8.4971950367e+01
1.7219000000e+01	-1.5355671878e+01
1.7803000000e+01	-3.2261239155e+00
1.8406000000e+01	2.3195369799e+01
1.9030000000e+01	1.5792020918e+00
1.9675000000e+01	1.2751152404e+01
2.0342000000e+01	-3.7482683231e+00
2.1032000000e+01	7.9960628468e+00
2.1744000000e+01	1.5649764436e+02
2.2482000000e+01	2.5269289856e+00
2.3244000000e+01	-8.5316463907e+01
2.4031000000e+01	-9.8260811522e+01
2.4846000000e+01	-1.6821265387e+02
2.5688000000e+01	7.6262637574e+00
2.6559000000e+01	7.8395240550e+00
2.7459000000e+01	-1.0382383269e+01
2.8390000000e+01	9.2009300760e+01
2.9352000000e+01	2.1037147881e+02
3.0347000000e+01	1.1673057870e+01
3.1375000000e+01	1.5415193886e+01
3.2439000000e+01	-1.6661322546e+02
3.3538000000e+01	2.3137111761e+02
3.4675000000e+01	1.4081626628e+02
3.5851000000e+01	-3.8931955382e+02
3.7066000000e+01	-6.6104456314e+00
3.8322000000e+01	3.2457220932e+02
3.9621000000e+01	-7.4333711639e+01
4.0964000000e+01	1.1877744729e+02
4.2352000000e+01	1.9916801014e+01
4.3788000000e+01	4.5287003354e+02
4.5272000000e+01	-2.7277636802e+02
4.6807000000e+01	-8.9283135920e+02
4.8393000000e+01	-2.2494036818e+02
5.0034000000e+01	5.2477034900e+02
