5.4459000000e-06	9.5144486195e-01
5.6305000000e-06	9.5144490046e-01
5.8214000000e-06	9.5144494531e-01
6.0187000000e-06	9.5144498883e-01
6.2227000000e-06	9.5144503139e-01
6.4336000000e-06	9.5144508071e-01
6.6517000000e-06	9.5144512935e-01
6.8771000000e-06	9.5144518896e-01
7.1102000000e-06	9.5144524453e-01
7.3512000000e-06	9.5144530393e-01
7.6004000000e-06	9.5144537120e-01
7.8580000000e-06	9.5144544652e-01
8.1244000000e-06	9.5144552287e-01
8.3998000000e-06	9.5144560738e-01
8.6845000000e-06	9.5144569770e-01
8.9788000000e-06	9.5144579393e-01
9.2832000000e-06	9.5144589899e-01
9.5978000000e-06	9.5143995466e-01
9.9231000000e-06	9.5144007404e-01
1.0259000000e-05	9.5144019689e-01
1.0607000000e-05	9.5144033176e-01
1.0967000000e-05	9.5144075705e-01
1.1338000000e-05	9.5144089809e-01
1.1723000000e-05	9.5144105325e-01
1.2120000000e-05	9.5144122877e-01
1.2531000000e-05	9.5144711252e-01
1.2956000000e-05	9.5144731601e-01
1.3395000000e-05	9.5144752057e-01
1.3849000000e-05	9.5144774570e-01
1.4318000000e-05	9.5144798531e-01
1.4804000000e-05	9.5144824213e-01
1.5305000000e-05	9.5144852844e-01
1.5824000000e-05	9.5144276580e-01
1.6360000000e-05	9.5144337101e-01
1.6915000000e-05	9.5144369258e-01
1.7488000000e-05	9.5144975420e-01
1.8081000000e-05	9.5145014365e-01
1.8694000000e-05	9.5145053873e-01
1.9328000000e-05	9.5145098343e-01
1.9983000000e-05	9.5145146196e-01
2.0660000000e-05	9.5144619647e-01
2.1360000000e-05	9.5145243021e-01
2.2084000000e-05	9.5145300241e-01
2.2833000000e-05	9.5145359951e-01
2.3607000000e-05	9.5145330274e-01
2.4407000000e-05	9.5145392607e-01
2.5234000000e-05	9.5145467760e-01
2.6090000000e-05	9.5145025259e-01
2.6974000000e-05	9.5144534336e-01
2.7888000000e-05	9.5145194959e-01
2.8833000000e-05	9.5145288559e-01
2.9811000000e-05	9.5145385334e-01
3.0821000000e-05	9.5145496343e-01
3.1866000000e-05	9.5145585889e-01
3.2946000000e-05	9.5145706512e-01
3.4063000000e-05	9.5145843453e-01
3.5217000000e-05	9.5145980968e-01
3.6411000000e-05	9.5146735976e-01
3.7645000000e-05	9.5146296047e-01
3.8921000000e-05	9.5146570734e-01
4.0240000000e-05	9.5147330094e-01
4.1604000000e-05	9.5146956490e-01
4.3014000000e-05	9.5147723709e-01
4.4472000000e-05	9.5147949852e-01
4.5980000000e-05	9.5148794840e-01
4.7538000000e-05	9.5149053428e-01
4.9150000000e-05	9.5149329619e-01
5.0816000000e-05	9.5149022509e-01
5.2538000000e-05	9.5149340300e-01
5.4319000000e-05	9.5150153035e-01
5.6160000000e-05	9.5150545927e-01
5.8063000000e-05	9.5150892686e-01
6.0032000000e-05	9.5150815959e-01
6.2066000000e-05	9.5151196640e-01
6.4170000000e-05	9.5152373588e-01
6.6345000000e-05	9.5152876106e-01
6.8594000000e-05	9.5153972232e-01
7.0919000000e-05	9.5154549763e-01
7.3323000000e-05	9.5154464725e-01
7.5808000000e-05	9.5155718448e-01
7.8377000000e-05	9.5155902359e-01
8.1034000000e-05	9.5156727863e-01
8.3781000000e-05	9.5157531422e-01
8.6621000000e-05	9.5159418753e-01
8.9557000000e-05	9.5160363468e-01
9.2592000000e-05	9.5161344819e-01
9.5730000000e-05	9.5161943421e-01
9.8975000000e-05	9.5162969552e-01
1.0233000000e-04	9.5165289314e-01
1.0580000000e-04	9.5166673939e-01
1.0938000000e-04	9.5167424335e-01
1.1309000000e-04	9.5169453558e-01
1.1693000000e-04	9.5171648967e-01
1.2089000000e-04	9.5172731646e-01
1.2499000000e-04	9.5175061876e-01
1.2922000000e-04	9.5178099741e-01
1.3360000000e-04	9.5179014146e-01
1.3813000000e-04	9.5182328372e-01
1.4281000000e-04	9.5184737405e-01
1.4765000000e-04	9.5187761820e-01
1.5266000000e-04	9.5190454419e-01
1.5783000000e-04	9.5194450393e-01
1.6318000000e-04	9.5196950004e-01
1.6871000000e-04	9.5200816256e-01
1.7443000000e-04	9.5204300299e-01
1.8034000000e-04	9.5209162035e-01
1.8646000000e-04	9.5213749759e-01
1.9278000000e-04	9.5218002813e-01
1.9931000000e-04	9.5223749945e-01
2.0607000000e-04	9.5228605908e-01
2.1305000000e-04	9.5234336584e-01
2.2027000000e-04	9.5240957007e-01
2.2774000000e-04	9.5248161461e-01
2.3546000000e-04	9.5254485186e-01
2.4344000000e-04	9.5262481235e-01
2.5169000000e-04	9.5270340681e-01
2.6022000000e-04	9.5279675087e-01
2.6904000000e-04	9.5288594225e-01
2.7816000000e-04	9.5298605120e-01
2.8759000000e-04	9.5308625479e-01
2.9734000000e-04	9.5320494273e-01
3.0742000000e-04	9.5332455347e-01
3.1784000000e-04	9.5345202197e-01
3.2861000000e-04	9.5359136199e-01
3.3975000000e-04	9.5374193553e-01
3.5126000000e-04	9.5389296705e-01
3.6317000000e-04	9.5406699242e-01
3.7548000000e-04	9.5424995838e-01
3.8821000000e-04	9.5443925259e-01
4.0136000000e-04	9.5464607860e-01
4.1497000000e-04	9.5486661591e-01
4.2903000000e-04	9.5510386718e-01
4.4358000000e-04	9.5535084662e-01
4.5861000000e-04	9.5562457783e-01
4.7416000000e-04	9.5590863280e-01
4.9023000000e-04	9.5621478104e-01
5.0684000000e-04	9.5654062527e-01
5.2402000000e-04	9.5689260075e-01
5.4179000000e-04	9.5726559360e-01
5.6015000000e-04	9.5766552943e-01
5.7914000000e-04	9.5808436139e-01
5.9877000000e-04	9.5853561251e-01
6.1906000000e-04	9.5902505613e-01
6.4004000000e-04	9.5954398014e-01
6.6174000000e-04	9.6009291819e-01
6.8417000000e-04	9.6068624057e-01
7.0736000000e-04	9.6130995970e-01
7.3133000000e-04	9.6198195979e-01
7.5612000000e-04	9.6270156350e-01
7.8175000000e-04	9.6346730753e-01
8.0825000000e-04	9.6427470368e-01
8.3564000000e-04	9.6514522657e-01
8.6397000000e-04	9.6607967116e-01
8.9325000000e-04	9.6706201127e-01
9.2353000000e-04	9.6811429198e-01
9.5483000000e-04	9.6923920354e-01
9.8720000000e-04	9.7042953602e-01
1.0207000000e-03	9.7170147753e-01
1.0553000000e-03	9.7305660479e-01
1.0910000000e-03	9.7449934736e-01
1.1280000000e-03	9.7602534449e-01
1.1662000000e-03	9.7766480973e-01
1.2058000000e-03	9.7940002018e-01
1.2466000000e-03	9.8123777872e-01
1.2889000000e-03	9.8319311908e-01
1.3326000000e-03	9.8527620704e-01
1.3777000000e-03	9.8747455386e-01
1.4244000000e-03	9.8981066467e-01
1.4727000000e-03	9.9229196437e-01
1.5226000000e-03	9.9491277500e-01
1.5743000000e-03	9.9768850200e-01
1.6276000000e-03	1.0006155876e+00
1.6828000000e-03	1.0037111805e+00
1.7398000000e-03	1.0069755364e+00
1.7988000000e-03	1.0104180248e+00
1.8598000000e-03	1.0140302188e+00
1.9228000000e-03	1.0178304021e+00
1.9880000000e-03	1.0218177289e+00
2.0554000000e-03	1.0259884543e+00
2.1250000000e-03	1.0303472782e+00
2.1970000000e-03	1.0348912971e+00
2.2715000000e-03	1.0396209940e+00
2.3485000000e-03	1.0445268257e+00
2.4281000000e-03	1.0495994579e+00
2.5104000000e-03	1.0548307694e+00
2.5955000000e-03	1.0602102750e+00
2.6835000000e-03	1.0657194716e+00
2.7744000000e-03	1.0713281112e+00
2.8685000000e-03	1.0770267199e+00
2.9657000000e-03	1.0827783794e+00
3.0662000000e-03	1.0885543352e+00
3.1702000000e-03	1.0943234552e+00
3.2776000000e-03	1.1000411706e+00
3.3887000000e-03	1.1056739782e+00
3.5036000000e-03	1.1111846439e+00
3.6223000000e-03	1.1165266883e+00
3.7451000000e-03	1.1216704993e+00
3.8720000000e-03	1.1265777060e+00
4.0033000000e-03	1.1312309673e+00
4.1390000000e-03	1.1356037653e+00
4.2793000000e-03	1.1396930554e+00
4.4243000000e-03	1.1435034658e+00
4.5743000000e-03	1.1470611093e+00
4.7293000000e-03	1.1503981318e+00
4.8896000000e-03	1.1535809370e+00
5.0554000000e-03	1.1566749337e+00
5.2267000000e-03	1.1597753833e+00
5.4039000000e-03	1.1629855304e+00
5.5870000000e-03	1.1664189734e+00
5.7764000000e-03	1.1702018742e+00
5.9722000000e-03	1.1744518565e+00
6.1746000000e-03	1.1792825103e+00
6.3839000000e-03	1.1847903787e+00
6.6003000000e-03	1.1910456670e+00
6.8240000000e-03	1.1980821371e+00
7.0553000000e-03	1.2058951159e+00
7.2945000000e-03	1.2144312268e+00
7.5417000000e-03	1.2235888580e+00
7.7973000000e-03	1.2332334119e+00
8.0616000000e-03	1.2432025482e+00
8.3349000000e-03	1.2533276244e+00
8.6174000000e-03	1.2634562938e+00
8.9095000000e-03	1.2734838370e+00
9.2115000000e-03	1.2833601350e+00
9.5237000000e-03	1.2930955584e+00
9.8465000000e-03	1.3027512506e+00
1.0180000000e-02	1.3123927120e+00
1.0525000000e-02	1.3220781939e+00
1.0882000000e-02	1.3317837661e+00
1.1251000000e-02	1.3413762757e+00
1.1632000000e-02	1.3506420200e+00
1.2027000000e-02	1.3593931361e+00
1.2434000000e-02	1.3674306680e+00
1.2856000000e-02	1.3748506177e+00
1.3291000000e-02	1.3819137207e+00
1.3742000000e-02	1.3892057611e+00
1.4208000000e-02	1.3973500324e+00
1.4689000000e-02	1.4068628627e+00
1.5187000000e-02	1.4179448431e+00
1.5702000000e-02	1.4302843051e+00
1.6234000000e-02	1.4431796986e+00
1.6784000000e-02	1.4558573040e+00
1.7353000000e-02	1.4677865018e+00
1.7941000000e-02	1.4787978637e+00
1.8550000000e-02	1.4889766931e+00
1.9178000000e-02	1.4982484584e+00
1.9828000000e-02	1.5064781468e+00
2.0500000000e-02	1.5137554118e+00
2.1195000000e-02	1.5210172456e+00
2.1914000000e-02	1.5299525395e+00
2.2657000000e-02	1.5418461368e+00
2.3424000000e-02	1.5561630282e+00
2.4218000000e-02	1.5705369729e+00
2.5039000000e-02	1.5825010837e+00
2.5888000000e-02	1.5914890553e+00
2.6766000000e-02	1.5985559069e+00
2.7673000000e-02	1.6048570705e+00
2.8611000000e-02	1.6117736101e+00
2.9580000000e-02	1.6218419629e+00
3.0583000000e-02	1.6364428308e+00
3.1620000000e-02	1.6518085134e+00
3.2691000000e-02	1.6619625479e+00
3.3800000000e-02	1.6666192458e+00
3.4945000000e-02	1.6707248090e+00
3.6130000000e-02	1.6781411820e+00
3.7354000000e-02	1.6910207873e+00
3.8620000000e-02	1.7072630097e+00
3.9929000000e-02	1.7170009373e+00
4.1283000000e-02	1.7178158342e+00
4.2682000000e-02	1.7211671573e+00
4.4129000000e-02	1.7331447815e+00
4.5625000000e-02	1.7496797389e+00
4.7171000000e-02	1.7582085716e+00
4.8770000000e-02	1.7552405285e+00
5.0423000000e-02	1.7611057924e+00
5.2132000000e-02	1.7784957111e+00
5.3899000000e-02	1.7895915571e+00
5.5726000000e-02	1.7846329104e+00
5.7615000000e-02	1.7897426217e+00
5.9568000000e-02	1.8097286077e+00
6.1587000000e-02	1.8133476382e+00
6.3674000000e-02	1.8062111466e+00
6.5833000000e-02	1.8246498273e+00
6.8064000000e-02	1.8350987860e+00
7.0371000000e-02	1.8239917831e+00
7.2756000000e-02	1.8416119359e+00
7.5222000000e-02	1.8509117705e+00
7.7772000000e-02	1.8384655715e+00
8.0408000000e-02	1.8633613062e+00
8.3134000000e-02	1.8571913314e+00
8.5951000000e-02	1.8586521916e+00
8.8865000000e-02	1.8778859557e+00
9.1877000000e-02	1.8611168258e+00
9.4991000000e-02	1.8899452896e+00
9.8211000000e-02	1.8683700714e+00
1.0154000000e-01	1.8957865118e+00
1.0498000000e-01	1.8747359021e+00
1.0854000000e-01	1.9031239743e+00
1.1222000000e-01	1.8788878800e+00
1.1602000000e-01	1.9113875643e+00
1.1995000000e-01	1.8851804749e+00
1.2402000000e-01	1.9106459882e+00
1.2822000000e-01	1.9072225412e+00
1.3257000000e-01	1.8962117219e+00
1.3706000000e-01	1.9306095258e+00
1.4171000000e-01	1.9094791603e+00
1.4651000000e-01	1.8983998068e+00
1.5148000000e-01	1.9323434518e+00
1.5661000000e-01	1.9333929088e+00
1.6192000000e-01	1.9043878041e+00
1.6741000000e-01	1.9076070900e+00
1.7308000000e-01	1.9268947267e+00
1.7895000000e-01	1.9498161528e+00
1.8502000000e-01	1.9493087540e+00
1.9129000000e-01	1.9441151232e+00
1.9777000000e-01	1.9380139471e+00
2.0448000000e-01	1.9328476998e+00
2.1141000000e-01	1.9333457717e+00
2.1857000000e-01	1.9401706636e+00
2.2598000000e-01	1.9529412930e+00
2.3364000000e-01	1.9657126375e+00
2.4156000000e-01	1.9636803716e+00
2.4975000000e-01	1.9344979425e+00
2.5821000000e-01	1.9067322158e+00
2.6696000000e-01	1.9402502820e+00
2.7601000000e-01	1.9777590941e+00
2.8537000000e-01	1.9113711124e+00
2.9504000000e-01	1.9556642143e+00
3.0504000000e-01	1.9434082245e+00
3.1538000000e-01	1.9408831517e+00
3.2607000000e-01	1.9378609853e+00
3.3712000000e-01	1.9757608309e+00
3.4855000000e-01	1.9061476605e+00
3.6036000000e-01	1.9553879084e+00
3.7258000000e-01	1.9960738933e+00
3.8521000000e-01	1.9619632374e+00
3.9826000000e-01	1.9238111917e+00
4.1176000000e-01	1.9165786923e+00
4.2572000000e-01	1.9105279954e+00
4.4015000000e-01	1.9371539846e+00
4.5507000000e-01	1.9839985724e+00
4.7049000000e-01	1.9985837815e+00
4.8644000000e-01	1.8868641851e+00
5.0293000000e-01	1.9590697065e+00
5.1998000000e-01	1.9558472985e+00
5.3760000000e-01	1.9607861312e+00
5.5582000000e-01	1.8946007324e+00
5.7466000000e-01	2.0107013331e+00
5.9414000000e-01	2.0177481196e+00
6.1428000000e-01	1.9921348194e+00
6.3510000000e-01	2.0022121348e+00
6.5663000000e-01	2.0418854260e+00
6.7888000000e-01	2.0078102004e+00
7.0189000000e-01	1.8570204543e+00
7.2568000000e-01	2.0195714421e+00
7.5028000000e-01	1.8744605749e+00
7.7571000000e-01	2.0350207877e+00
8.0201000000e-01	2.0228747302e+00
8.2919000000e-01	1.9985139154e+00
8.5729000000e-01	2.0158969517e+00
8.8635000000e-01	2.0776615921e+00
9.1640000000e-01	1.8735261588e+00
9.4746000000e-01	2.0490979186e+00
9.7957000000e-01	1.8410561407e+00
1.0128000000e+00	1.9178698796e+00
1.0471000000e+00	1.9642962593e+00
1.0826000000e+00	1.8561211682e+00
1.1193000000e+00	1.8698287264e+00
1.1572000000e+00	2.0418835387e+00
1.1965000000e+00	1.9876834197e+00
1.2370000000e+00	1.8499841726e+00
1.2789000000e+00	1.8809257673e+00
1.3223000000e+00	2.1348245640e+00
1.3671000000e+00	1.7924957084e+00
1.4134000000e+00	2.1226965190e+00
1.4613000000e+00	2.1175191578e+00
1.5109000000e+00	2.1223178201e+00
1.5621000000e+00	1.6800680343e+00
1.6150000000e+00	2.0927685822e+00
1.6698000000e+00	2.1546918689e+00
1.7264000000e+00	2.0364508732e+00
1.7849000000e+00	1.7746871241e+00
1.8454000000e+00	1.7663366096e+00
1.9079000000e+00	1.7767616366e+00
1.9726000000e+00	1.8632350529e+00
2.0395000000e+00	1.7970112248e+00
2.1086000000e+00	1.9033365732e+00
2.1801000000e+00	1.7940363455e+00
2.2540000000e+00	1.9195950955e+00
2.3304000000e+00	1.8757971916e+00
2.4094000000e+00	1.7917157929e+00
2.4910000000e+00	1.7614552774e+00
2.5755000000e+00	1.7528661253e+00
2.6628000000e+00	1.9890442477e+00
2.7530000000e+00	2.0434452142e+00
2.8463000000e+00	1.8696593107e+00
2.9428000000e+00	1.7015648278e+00
3.0425000000e+00	2.1122696817e+00
3.1457000000e+00	2.1733299584e+00
3.2523000000e+00	2.0422953325e+00
3.3625000000e+00	2.2547829479e+00
3.4765000000e+00	1.6332815004e+00
3.5943000000e+00	1.6321540633e+00
3.7162000000e+00	2.4119959448e+00
3.8421000000e+00	1.9400248478e+00
3.9724000000e+00	2.4302181049e+00
4.1070000000e+00	1.4028410854e+00
4.2462000000e+00	1.0863071278e+00
4.3901000000e+00	1.7811417603e+00
4.5389000000e+00	1.8922187774e+00
4.6928000000e+00	2.2596072933e+00
4.8518000000e+00	2.4380534408e+00
5.0163000000e+00	1.3095243064e+00
5.1863000000e+00	2.4457453074e+00
5.3621000000e+00	1.2989900130e+00
5.5439000000e+00	1.2880359110e+00
5.7318000000e+00	1.9097462525e+00
5.9261000000e+00	2.0464625504e+00
6.1269000000e+00	1.9140710402e+00
6.3346000000e+00	1.0737025094e+00
6.5493000000e+00	1.2653513569e+00
6.7713000000e+00	1.1353095181e+00
7.0008000000e+00	1.8431862806e+00
7.2381000000e+00	2.9180398820e+00
7.4834000000e+00	1.6060894708e+00
7.7371000000e+00	1.7562067599e+00
7.9994000000e+00	1.6436693713e+00
8.2705000000e+00	2.5881102117e+00
8.5508000000e+00	2.1727434683e+00
8.8406000000e+00	3.5230866855e+00
9.1403000000e+00	2.0058891518e+00
9.4501000000e+00	2.4098299595e+00
9.7704000000e+00	1.8908526811e+00
1.0102000000e+01	3.0798282754e+00
1.0444000000e+01	2.1980330340e+00
1.0798000000e+01	1.8007442452e+00
1.1164000000e+01	1.6704293088e+00
1.1542000000e+01	1.1355194650e+00
1.1934000000e+01	2.7392507547e+00
1.2338000000e+01	1.6250194838e+00
1.2756000000e+01	1.3368416625e+00
1.3189000000e+01	3.6930399527e+00
1.3636000000e+01	2.0419089318e+00
1.4098000000e+01	3.0546890072e+00
1.4576000000e+01	7.7849554382e+00
1.5070000000e+01	1.8932139275e+00
1.5581000000e+01	3.5884604480e+00
1.6109000000e+01	2.9822724530e+00
1.6655000000e+01	3.5709924467e+00
1.7219000000e+01	3.4997802410e+00
1.7803000000e+01	1.8142104581e+00
1.8406000000e+01	1.1914615644e+00
1.9030000000e+01	1.9513427464e+00
1.9675000000e+01	1.8810542493e+00
2.0342000000e+01	8.9504037755e-01
2.1032000000e+01	1.5906980208e+00
2.1744000000e+01	-3.1013402690e+00
2.2482000000e+01	1.9739010552e+00
2.3244000000e+01	7.1222327847e+00
2.4031000000e+01	-1.5720899479e+00
2.4846000000e+01	7.5035456394e+00
2.5688000000e+01	1.8428711176e+00
2.6559000000e+01	4.1185266112e+00
2.7459000000e+01	2.1963168393e+00
2.8390000000e+01	1.3624876393e+01
2.9352000000e+01	-2.9037341831e+00
3.0347000000e+01	2.6685023757e+00
3.1375000000e+01	2.3126521867e+00
3.2439000000e+01	4.2959839738e+00
3.3538000000e+01	2.1800814191e+00
3.4675000000e+01	4.4828078893e+00
3.5851000000e+01	3.6952222165e+00
3.7066000000e+01	5.0698050573e+00
3.8322000000e+01	1.3499981210e+01
3.9621000000e+01	-2.3428305033e+00
4.0964000000e+01	6.3813966304e+00
4.2352000000e+01	2.3923311627e+00
4.3788000000e+01	3.0103209455e+00
4.5272000000e+01	5.4163743315e+00
4.6807000000e+01	-3.0635605272e+01
4.8393000000e+01	1.6087149145e+00
5.0034000000e+01	1.6487562244e+01
