5.4459000000e-06	3.7666145930e-03
5.6305000000e-06	3.8892563336e-03
5.8214000000e-06	4.0160648438e-03
6.0187000000e-06	4.1469012246e-03
6.2227000000e-06	4.2819043682e-03
6.4336000000e-06	4.4214909588e-03
6.6517000000e-06	4.5655220969e-03
6.8771000000e-06	4.7142755797e-03
7.1102000000e-06	4.8678902828e-03
7.3512000000e-06	5.0265051074e-03
7.6004000000e-06	5.1902589508e-03
7.8580000000e-06	5.3594295982e-03
8.1244000000e-06	5.5340170413e-03
8.3998000000e-06	5.7142991493e-03
8.6845000000e-06	5.9005535583e-03
8.9788000000e-06	6.0927807876e-03
9.2832000000e-06	6.2913962528e-03
9.5978000000e-06	6.4962538644e-03
9.9231000000e-06	6.7079248203e-03
1.0259000000e-05	6.9265408785e-03
1.0607000000e-05	7.1522404355e-03
1.0967000000e-05	7.3852363369e-03
1.1338000000e-05	7.6257952381e-03
1.1723000000e-05	7.8742709417e-03
1.2120000000e-05	8.1309413527e-03
1.2531000000e-05	8.3958181942e-03
1.2956000000e-05	8.6694336323e-03
1.3395000000e-05	8.9517992120e-03
1.3849000000e-05	9.2434706656e-03
1.4318000000e-05	9.5447256456e-03
1.4804000000e-05	9.8557027871e-03
1.5305000000e-05	1.0176819320e-02
1.5824000000e-05	1.0508339037e-02
1.6360000000e-05	1.0850609241e-02
1.6915000000e-05	1.1204222837e-02
1.7488000000e-05	1.1569240994e-02
1.8081000000e-05	1.1946188630e-02
1.8694000000e-05	1.2335498599e-02
1.9328000000e-05	1.2737446650e-02
1.9983000000e-05	1.3152450826e-02
2.0660000000e-05	1.3580788232e-02
2.1360000000e-05	1.4023584906e-02
2.2084000000e-05	1.4480530251e-02
2.2833000000e-05	1.4951367422e-02
2.3607000000e-05	1.5439182855e-02
2.4407000000e-05	1.5941830529e-02
2.5234000000e-05	1.6461282568e-02
2.6090000000e-05	1.7000666008e-02
2.6974000000e-05	1.7553332280e-02
2.7888000000e-05	1.8125646594e-02
2.8833000000e-05	1.8716025436e-02
2.9811000000e-05	1.9325647858e-02
3.0821000000e-05	1.9956275532e-02
3.1866000000e-05	2.0606538571e-02
3.2946000000e-05	2.1277266570e-02
3.4063000000e-05	2.1970400919e-02
3.5217000000e-05	2.2685564980e-02
3.6411000000e-05	2.3425745931e-02
3.7645000000e-05	2.4188289417e-02
3.8921000000e-05	2.4975108950e-02
4.0240000000e-05	2.5789092494e-02
4.1604000000e-05	2.6629161377e-02
4.3014000000e-05	2.7493801695e-02
4.4472000000e-05	2.8389330540e-02
4.5980000000e-05	2.9314058306e-02
4.7538000000e-05	3.0267887277e-02
4.9150000000e-05	3.1255034240e-02
5.0816000000e-05	3.2272671754e-02
5.2538000000e-05	3.3323663874e-02
5.4319000000e-05	3.4410106187e-02
5.6160000000e-05	3.5530213895e-02
5.8063000000e-05	3.6686784053e-02
6.0032000000e-05	3.7885994359e-02
6.2066000000e-05	3.9120709401e-02
6.4170000000e-05	4.0392783620e-02
6.6345000000e-05	4.1708656037e-02
6.8594000000e-05	4.3061094887e-02
7.0919000000e-05	4.4462830338e-02
7.3323000000e-05	4.5912596521e-02
7.5808000000e-05	4.7407018031e-02
7.8377000000e-05	4.8955674498e-02
8.1034000000e-05	5.0547944457e-02
8.3781000000e-05	5.2193534387e-02
8.6621000000e-05	5.3886657602e-02
8.9557000000e-05	5.5639835820e-02
9.2592000000e-05	5.7451109413e-02
9.5730000000e-05	5.9324984130e-02
9.8975000000e-05	6.1256870590e-02
1.0233000000e-04	6.3242676583e-02
1.0580000000e-04	6.5298603680e-02
1.0938000000e-04	6.7431180146e-02
1.1309000000e-04	6.9624700141e-02
1.1693000000e-04	7.1878653685e-02
1.2089000000e-04	7.4224029452e-02
1.2499000000e-04	7.6637709314e-02
1.2922000000e-04	7.9119403797e-02
1.3360000000e-04	8.1699348962e-02
1.3813000000e-04	8.4344282502e-02
1.4281000000e-04	8.7093589393e-02
1.4765000000e-04	8.9912034709e-02
1.5266000000e-04	9.2842724048e-02
1.5783000000e-04	9.5844760518e-02
1.6318000000e-04	9.8967187567e-02
1.6871000000e-04	1.0217588479e-01
1.7443000000e-04	1.0549079840e-01
1.8034000000e-04	1.0891193281e-01
1.8646000000e-04	1.1244138708e-01
1.9278000000e-04	1.1608397294e-01
1.9931000000e-04	1.1984304026e-01
2.0607000000e-04	1.2372295769e-01
2.1305000000e-04	1.2772793403e-01
2.2027000000e-04	1.3186143057e-01
2.2774000000e-04	1.3612149502e-01
2.3546000000e-04	1.4054117045e-01
2.4344000000e-04	1.4504891682e-01
2.5169000000e-04	1.4975603100e-01
2.6022000000e-04	1.5456580714e-01
2.6904000000e-04	1.5956770309e-01
2.7816000000e-04	1.6469981386e-01
2.8759000000e-04	1.7000583982e-01
2.9734000000e-04	1.7547085585e-01
3.0742000000e-04	1.8110912617e-01
3.1784000000e-04	1.8693955953e-01
3.2861000000e-04	1.9291560586e-01
3.3975000000e-04	1.9911361379e-01
3.5126000000e-04	2.0547993089e-01
3.6317000000e-04	2.1203535698e-01
3.7548000000e-04	2.1880470935e-01
3.8821000000e-04	2.2577403284e-01
4.0136000000e-04	2.3297873938e-01
4.1497000000e-04	2.4037944862e-01
4.2903000000e-04	2.4799314800e-01
4.4358000000e-04	2.5584088737e-01
4.5861000000e-04	2.6391490283e-01
4.7416000000e-04	2.7225756831e-01
4.9023000000e-04	2.8082154198e-01
5.0684000000e-04	2.8962060473e-01
5.2402000000e-04	2.9870780230e-01
5.4179000000e-04	3.0800963693e-01
5.6015000000e-04	3.1759265904e-01
5.7914000000e-04	3.2746933205e-01
5.9877000000e-04	3.3761553875e-01
6.1906000000e-04	3.4799872807e-01
6.4004000000e-04	3.5869009662e-01
6.6174000000e-04	3.6963230345e-01
6.8417000000e-04	3.8086737157e-01
7.0736000000e-04	3.9241716141e-01
7.3133000000e-04	4.0426519295e-01
7.5612000000e-04	4.1638086895e-01
7.8175000000e-04	4.2875777835e-01
8.0825000000e-04	4.4151710363e-01
8.3564000000e-04	4.5445250418e-01
8.6397000000e-04	4.6772536436e-01
8.9325000000e-04	4.8129102859e-01
9.2353000000e-04	4.9512039473e-01
9.5483000000e-04	5.0921408740e-01
9.8720000000e-04	5.2363606300e-01
1.0207000000e-03	5.3823734823e-01
1.0553000000e-03	5.5308081773e-01
1.0910000000e-03	5.6819535574e-01
1.1280000000e-03	5.8355466391e-01
1.1662000000e-03	5.9899861092e-01
1.2058000000e-03	6.1468603761e-01
1.2466000000e-03	6.3051591092e-01
1.2889000000e-03	6.4647052405e-01
1.3326000000e-03	6.6249344756e-01
1.3777000000e-03	6.7864763850e-01
1.4244000000e-03	6.9480681864e-01
1.4727000000e-03	7.1085332440e-01
1.5226000000e-03	7.2688671831e-01
1.5743000000e-03	7.4279935567e-01
1.6276000000e-03	7.5859775863e-01
1.6828000000e-03	7.7404867960e-01
1.7398000000e-03	7.8926056985e-01
1.7988000000e-03	8.0408103692e-01
1.8598000000e-03	8.1844225063e-01
1.9228000000e-03	8.3231440258e-01
1.9880000000e-03	8.4551979646e-01
2.0554000000e-03	8.5796410291e-01
2.1250000000e-03	8.6953721931e-01
2.1970000000e-03	8.8024485420e-01
2.2715000000e-03	8.8984186531e-01
2.3485000000e-03	8.9833074271e-01
2.4281000000e-03	9.0550941000e-01
2.5104000000e-03	9.1130936591e-01
2.5955000000e-03	9.1539652810e-01
2.6835000000e-03	9.1794173369e-01
2.7744000000e-03	9.1865047485e-01
2.8685000000e-03	9.1745900188e-01
2.9657000000e-03	9.1416806765e-01
3.0662000000e-03	9.0848987341e-01
3.1702000000e-03	9.0092490545e-01
3.2776000000e-03	8.9069717563e-01
3.3887000000e-03	8.7788697050e-01
3.5036000000e-03	8.6266227675e-01
3.6223000000e-03	8.4488019353e-01
3.7451000000e-03	8.2440678492e-01
3.8720000000e-03	8.0135225090e-01
4.0033000000e-03	7.7578967242e-01
4.1390000000e-03	7.4766194065e-01
4.2793000000e-03	7.1717572262e-01
4.4243000000e-03	6.8449293119e-01
4.5743000000e-03	6.4982382229e-01
4.7293000000e-03	6.1336717321e-01
4.8896000000e-03	5.7549392107e-01
5.0554000000e-03	5.3644818286e-01
5.2267000000e-03	4.9664067503e-01
5.4039000000e-03	4.5641151657e-01
5.5870000000e-03	4.1628445204e-01
5.7764000000e-03	3.7660660076e-01
5.9722000000e-03	3.3785266167e-01
6.1746000000e-03	3.0040337994e-01
6.3839000000e-03	2.6473682671e-01
6.6003000000e-03	2.3110597732e-01
6.8240000000e-03	1.9988490165e-01
7.0553000000e-03	1.7127738608e-01
7.2945000000e-03	1.4549938246e-01
7.5417000000e-03	1.2259253828e-01
7.7973000000e-03	1.0257829958e-01
8.0616000000e-03	8.5386290035e-02
8.3349000000e-03	7.0900590091e-02
8.6174000000e-03	5.8900554287e-02
8.9095000000e-03	4.9161744024e-02
9.2115000000e-03	4.1414737172e-02
9.5237000000e-03	3.5384197745e-02
9.8465000000e-03	3.0802510356e-02
1.0180000000e-02	2.7418285896e-02
1.0525000000e-02	2.4993859416e-02
1.0882000000e-02	2.3321898335e-02
1.1251000000e-02	2.2208987942e-02
1.1632000000e-02	2.1462707954e-02
1.2027000000e-02	2.0907737752e-02
1.2434000000e-02	2.0374534299e-02
1.2856000000e-02	1.9708866836e-02
1.3291000000e-02	1.8799584886e-02
1.3742000000e-02	1.7566687097e-02
1.4208000000e-02	1.6011738545e-02
1.4689000000e-02	1.4191618008e-02
1.5187000000e-02	1.2219575809e-02
1.5702000000e-02	1.0243932986e-02
1.6234000000e-02	8.4067177561e-03
1.6784000000e-02	6.8245857433e-03
1.7353000000e-02	5.5643410766e-03
1.7941000000e-02	4.6368549610e-03
1.8550000000e-02	4.0157306641e-03
1.9178000000e-02	3.6435578222e-03
1.9828000000e-02	3.4487403548e-03
2.0500000000e-02	3.3482323670e-03
2.1195000000e-02	3.2532864227e-03
2.1914000000e-02	3.0855648472e-03
2.2657000000e-02	2.8016954702e-03
2.3424000000e-02	2.4099761626e-03
2.4218000000e-02	1.9656235957e-03
2.5039000000e-02	1.5462900873e-03
2.5888000000e-02	1.2143145471e-03
2.6766000000e-02	9.9415409919e-04
2.7673000000e-02	8.7664923595e-04
2.8611000000e-02	8.2833325382e-04
2.9580000000e-02	8.0281480991e-04
3.0583000000e-02	7.5407196358e-04
3.1620000000e-02	6.5818245299e-04
3.2691000000e-02	5.2881211301e-04
3.3800000000e-02	4.0432163283e-04
3.4945000000e-02	3.1660114453e-04
3.6130000000e-02	2.7261507709e-04
3.7354000000e-02	2.5772654914e-04
3.8620000000e-02	2.4627874445e-04
3.9929000000e-02	2.1751481180e-04
4.1283000000e-02	1.7286806659e-04
4.2682000000e-02	1.3180701467e-04
4.4129000000e-02	1.0871625148e-04
4.5625000000e-02	1.0135254036e-04
4.7171000000e-02	9.6293587951e-05
4.8770000000e-02	8.2558863186e-05
5.0423000000e-02	6.4074743816e-05
5.2132000000e-02	5.1714338749e-05
5.3899000000e-02	4.7666942836e-05
5.5726000000e-02	4.4814152509e-05
5.7615000000e-02	3.7557672246e-05
5.9568000000e-02	2.9796808708e-05
6.1587000000e-02	2.6146727733e-05
6.3674000000e-02	2.4169766643e-05
6.5833000000e-02	2.0272482553e-05
6.8064000000e-02	1.6534337844e-05
7.0371000000e-02	1.4826120764e-05
7.2756000000e-02	1.2806232750e-05
7.5222000000e-02	1.0198025055e-05
7.7772000000e-02	8.9510143509e-06
8.0408000000e-02	7.6995053698e-06
8.3134000000e-02	5.8972411589e-06
8.5951000000e-02	5.1898754630e-06
8.8865000000e-02	4.2350113222e-06
9.1877000000e-02	3.1304274161e-06
9.4991000000e-02	3.0066544177e-06
9.8211000000e-02	2.2009555766e-06
1.0154000000e-01	1.8508266481e-06
1.0498000000e-01	1.7226687478e-06
1.0854000000e-01	1.1660225372e-06
1.1222000000e-01	1.2855312192e-06
1.1602000000e-01	8.2446851096e-07
1.1995000000e-01	9.1906860091e-07
1.2402000000e-01	6.0302928242e-07
1.2822000000e-01	6.6743317829e-07
1.3257000000e-01	4.2934873909e-07
1.3706000000e-01	4.8566366113e-07
1.4171000000e-01	2.8620014322e-07
1.4651000000e-01	3.2743668648e-07
1.5148000000e-01	2.0561788923e-07
1.5661000000e-01	1.8303784264e-07
1.6192000000e-01	1.7413989570e-07
1.6741000000e-01	1.0525571636e-07
1.7308000000e-01	1.0647279149e-07
1.7895000000e-01	1.0046516802e-07
1.8502000000e-01	6.7768276110e-08
1.9129000000e-01	5.6429967291e-08
1.9777000000e-01	5.5383475693e-08
2.0448000000e-01	4.6849648678e-08
2.1141000000e-01	3.6320486597e-08
2.1857000000e-01	2.8804007002e-08
2.2598000000e-01	2.3562021743e-08
2.3364000000e-01	1.9110687116e-08
2.4156000000e-01	1.5564312052e-08
2.4975000000e-01	1.2903168521e-08
2.5821000000e-01	1.0818613012e-08
2.6696000000e-01	9.4383318929e-09
2.7601000000e-01	8.4732841816e-09
2.8537000000e-01	5.8782385932e-09
2.9504000000e-01	4.6797973050e-09
3.0504000000e-01	3.3727214542e-09
3.1538000000e-01	2.6477312720e-09
3.2607000000e-01	2.8085789222e-09
3.3712000000e-01	2.3123470824e-09
3.4855000000e-01	1.5332840389e-09
3.6036000000e-01	1.3615021761e-09
3.7258000000e-01	1.3164505003e-09
3.8521000000e-01	1.0014053149e-09
3.9826000000e-01	1.0241185067e-09
4.1176000000e-01	5.4871344212e-10
4.2572000000e-01	6.2631649127e-10
4.4015000000e-01	4.6591888545e-10
4.5507000000e-01	2.9118340754e-10
4.7049000000e-01	3.1027674304e-10
4.8644000000e-01	3.3076761940e-10
5.0293000000e-01	2.3208847892e-10
5.1998000000e-01	1.7269378174e-10
5.3760000000e-01	1.5360842136e-10
5.5582000000e-01	1.0032767785e-10
5.7466000000e-01	1.0657720136e-10
5.9414000000e-01	7.0980932428e-11
6.1428000000e-01	6.6707110155e-11
6.3510000000e-01	6.6253856258e-11
6.5663000000e-01	4.9912360290e-11
6.7888000000e-01	3.5692675340e-11
7.0189000000e-01	2.8239864698e-11
7.2568000000e-01	1.8838327091e-11
7.5028000000e-01	1.3254686074e-11
7.7571000000e-01	1.5475446031e-11
8.0201000000e-01	8.9702579784e-12
8.2919000000e-01	9.7627470041e-12
8.5729000000e-01	5.6985997399e-12
8.8635000000e-01	7.7699520376e-12
9.1640000000e-01	3.8295412905e-12
9.4746000000e-01	4.6444106599e-12
9.7957000000e-01	2.6414920633e-12
1.0128000000e+00	2.2574328407e-12
1.0471000000e+00	2.4383206504e-12
1.0826000000e+00	1.9773694359e-12
1.1193000000e+00	1.3888487394e-12
1.1572000000e+00	8.1055362278e-13
1.1965000000e+00	1.1408100879e-12
1.2370000000e+00	6.1543266124e-13
1.2789000000e+00	4.7356343985e-13
1.3223000000e+00	6.4628157571e-13
1.3671000000e+00	5.2834075586e-13
1.4134000000e+00	3.1629673797e-13
1.4613000000e+00	2.1863792928e-13
1.5109000000e+00	2.6019622073e-13
1.5621000000e+00	2.6286683142e-13
1.6150000000e+00	1.2311346526e-13
1.6698000000e+00	1.0069906921e-13
1.7264000000e+00	8.8372438035e-14
1.7849000000e+00	8.0018831485e-14
1.8454000000e+00	9.0551986558e-14
1.9079000000e+00	5.4734138983e-14
1.9726000000e+00	3.4224796108e-14
2.0395000000e+00	3.7269566978e-14
2.1086000000e+00	1.1380779065e-14
2.1801000000e+00	1.2556724685e-14
2.2540000000e+00	1.6524505708e-14
2.3304000000e+00	1.6176234112e-14
2.4094000000e+00	1.2035353978e-14
2.4910000000e+00	4.4439744733e-15
2.5755000000e+00	5.1773028838e-15
2.6628000000e+00	1.9202405682e-15
2.7530000000e+00	6.8013039483e-15
2.8463000000e+00	1.3586499345e-15
2.9428000000e+00	1.9350489189e-15
3.0425000000e+00	7.4743690291e-16
3.1457000000e+00	1.7026084095e-15
3.2523000000e+00	1.5356155720e-15
3.3625000000e+00	9.9844395728e-16
3.4765000000e+00	6.2256321411e-16
3.5943000000e+00	4.6748611131e-16
3.7162000000e+00	8.3767719313e-16
3.8421000000e+00	1.2379872516e-16
3.9724000000e+00	3.8684406423e-16
4.1070000000e+00	3.5821017920e-16
4.2462000000e+00	5.4104922098e-16
4.3901000000e+00	4.1186245805e-16
4.5389000000e+00	2.2856874403e-16
4.6928000000e+00	6.1480132061e-17
4.8518000000e+00	1.5881120165e-16
5.0163000000e+00	1.0162844195e-16
5.1863000000e+00	5.7064357506e-17
5.3621000000e+00	5.8750562886e-17
5.5439000000e+00	9.4060425616e-17
5.7318000000e+00	6.3904063209e-17
5.9261000000e+00	4.7785666941e-17
6.1269000000e+00	4.0692345377e-18
6.3346000000e+00	6.1807534250e-17
6.5493000000e+00	1.9277195921e-17
6.7713000000e+00	1.9155773103e-17
7.0008000000e+00	6.5758744200e-18
7.2381000000e+00	8.9713547891e-18
7.4834000000e+00	4.9904144661e-18
7.7371000000e+00	3.5433476560e-20
7.9994000000e+00	7.4689449259e-18
8.2705000000e+00	6.3956486782e-18
8.5508000000e+00	5.6050403095e-18
8.8406000000e+00	3.4290381735e-18
9.1403000000e+00	5.8951665790e-19
9.4501000000e+00	4.9118300064e-19
9.7704000000e+00	5.2797881082e-20
1.0102000000e+01	9.2406714927e-19
1.0444000000e+01	6.1265754415e-19
1.0798000000e+01	7.8004450403e-19
1.1164000000e+01	5.8819590431e-21
1.1542000000e+01	1.6677022915e-19
1.1934000000e+01	1.3025841923e-19
1.2338000000e+01	8.0923771280e-20
1.2756000000e+01	6.4998351157e-20
1.3189000000e+01	1.5656910686e-19
1.3636000000e+01	6.0545335437e-21
1.4098000000e+01	6.5230546822e-20
1.4576000000e+01	5.0944967428e-19
1.5070000000e+01	1.8604048451e-20
1.5581000000e+01	3.9586383502e-20
1.6109000000e+01	1.8097384341e-20
1.6655000000e+01	9.6925897949e-20
1.7219000000e+01	2.7730564712e-20
1.7803000000e+01	2.3674752132e-21
1.8406000000e+01	2.0079271512e-20
1.9030000000e+01	9.8429919937e-22
1.9675000000e+01	1.5201733067e-21
2.0342000000e+01	2.7008530301e-21
2.1032000000e+01	1.6925845257e-22
2.1744000000e+01	2.1810035182e-20
2.2482000000e+01	3.0642599036e-22
2.3244000000e+01	1.0682946509e-20
2.4031000000e+01	5.0171841510e-21
2.4846000000e+01	6.8854580716e-21
2.5688000000e+01	1.8080616249e-22
2.6559000000e+01	9.1151832687e-22
2.7459000000e+01	1.8783119974e-23
2.8390000000e+01	7.1445674223e-21
2.9352000000e+01	2.4159747161e-21
3.0347000000e+01	1.1465380973e-22
3.1375000000e+01	1.1219817141e-23
3.2439000000e+01	2.5247766170e-21
3.3538000000e+01	9.0435067728e-22
3.4675000000e+01	5.2018599687e-22
3.5851000000e+01	1.4724139064e-21
3.7066000000e+01	8.4902438855e-23
3.8322000000e+01	5.6897099914e-22
3.9621000000e+01	1.1770112992e-22
4.0964000000e+01	6.1222311379e-23
4.2352000000e+01	9.7017801823e-24
4.3788000000e+01	3.1381885893e-22
4.5272000000e+01	3.4971794278e-22
4.6807000000e+01	6.4683350717e-22
4.8393000000e+01	5.2152084616e-23
5.0034000000e+01	1.2895328679e-22
