5.4459000000e-06	3.7982796459e-01
5.6305000000e-06	3.9219514014e-01
5.8214000000e-06	4.0498247129e-01
6.0187000000e-06	4.1817597205e-01
6.2227000000e-06	4.3178964738e-01
6.4336000000e-06	4.4586549158e-01
6.6517000000e-06	4.6038951982e-01
6.8771000000e-06	4.7538970591e-01
7.1102000000e-06	4.9088010249e-01
7.3512000000e-06	5.0687468900e-01
7.6004000000e-06	5.2338745518e-01
7.8580000000e-06	5.4044640899e-01
8.1244000000e-06	5.5805157382e-01
8.3998000000e-06	5.7623093232e-01
8.6845000000e-06	5.9501250200e-01
8.9788000000e-06	6.1439627954e-01
9.2832000000e-06	6.3442426628e-01
9.5978000000e-06	6.5510964655e-01
9.9231000000e-06	6.7645495106e-01
1.0259000000e-05	6.9850052941e-01
1.0607000000e-05	7.2126034290e-01
1.0967000000e-05	7.4476092359e-01
1.1338000000e-05	7.6901926348e-01
1.1723000000e-05	7.9407584750e-01
1.2120000000e-05	8.1995864382e-01
1.2531000000e-05	8.4663464207e-01
1.2956000000e-05	8.7422484960e-01
1.3395000000e-05	9.0269734325e-01
1.3849000000e-05	9.3210801802e-01
1.4318000000e-05	9.6248490954e-01
1.4804000000e-05	9.9384199259e-01
1.5305000000e-05	1.0262211824e+00
1.5824000000e-05	1.0596946028e+00
1.6360000000e-05	1.0942153832e+00
1.6915000000e-05	1.1298726584e+00
1.7488000000e-05	1.1666324069e+00
1.8081000000e-05	1.2046403661e+00
1.8694000000e-05	1.2438945837e+00
1.9328000000e-05	1.2844226707e+00
1.9983000000e-05	1.3262667367e+00
2.0660000000e-05	1.3695228817e+00
2.1360000000e-05	1.4141135028e+00
2.2084000000e-05	1.4601854743e+00
2.2833000000e-05	1.5076573880e+00
2.3607000000e-05	1.5568191980e+00
2.4407000000e-05	1.6075115005e+00
2.5234000000e-05	1.6598826903e+00
2.6090000000e-05	1.7141353866e+00
2.6974000000e-05	1.7699373274e+00
2.7888000000e-05	1.8275599124e+00
2.8833000000e-05	1.8870713194e+00
2.9811000000e-05	1.9485421967e+00
3.0821000000e-05	2.0121112974e+00
3.1866000000e-05	2.0776434501e+00
3.2946000000e-05	2.1452707953e+00
3.4063000000e-05	2.2151355967e+00
3.5217000000e-05	2.2872397317e+00
3.6411000000e-05	2.3617635435e+00
3.7645000000e-05	2.4387201778e+00
3.8921000000e-05	2.5180788781e+00
4.0240000000e-05	2.6000095157e+00
4.1604000000e-05	2.6848006130e+00
4.3014000000e-05	2.7721795048e+00
4.4472000000e-05	2.8624569649e+00
4.5980000000e-05	2.9555471638e+00
4.7538000000e-05	3.0516898051e+00
4.9150000000e-05	3.1511860065e+00
5.0816000000e-05	3.2538892165e+00
5.2538000000e-05	3.3598138692e+00
5.4319000000e-05	3.4691172937e+00
5.6160000000e-05	3.5820117367e+00
5.8063000000e-05	3.6985527594e+00
6.0032000000e-05	3.8191206003e+00
6.2066000000e-05	3.9434863867e+00
6.4170000000e-05	4.0715434479e+00
6.6345000000e-05	4.2041145918e+00
6.8594000000e-05	4.3406990055e+00
7.0919000000e-05	4.4819035114e+00
7.3323000000e-05	4.6280672448e+00
7.5808000000e-05	4.7784141654e+00
7.8377000000e-05	4.9339984022e+00
8.1034000000e-05	5.0943930394e+00
8.3781000000e-05	5.2600970187e+00
8.6621000000e-05	5.4306974651e+00
8.9557000000e-05	5.6072155665e+00
9.2592000000e-05	5.7895747787e+00
9.5730000000e-05	5.9778067553e+00
9.8975000000e-05	6.1721393572e+00
1.0233000000e-04	6.3721753909e+00
1.0580000000e-04	6.5791470871e+00
1.0938000000e-04	6.7930942681e+00
1.1309000000e-04	7.0133992957e+00
1.1693000000e-04	7.2406931664e+00
1.2089000000e-04	7.4759075586e+00
1.2499000000e-04	7.7181204196e+00
1.2922000000e-04	7.9678384100e+00
1.3360000000e-04	8.2267664123e+00
1.3813000000e-04	8.4927910831e+00
1.4281000000e-04	8.7679130415e+00
1.4765000000e-04	9.0515061902e+00
1.5266000000e-04	9.3445660751e+00
1.5783000000e-04	9.6461544239e+00
1.6318000000e-04	9.9585283568e+00
1.6871000000e-04	1.0279890304e+01
1.7443000000e-04	1.0612118547e+01
1.8034000000e-04	1.0953910665e+01
1.8646000000e-04	1.1306859835e+01
1.9278000000e-04	1.1671444302e+01
1.9931000000e-04	1.2046587910e+01
2.0607000000e-04	1.2434478858e+01
2.1305000000e-04	1.2834041670e+01
2.2027000000e-04	1.3245595336e+01
2.2774000000e-04	1.3669754266e+01
2.3546000000e-04	1.4108709699e+01
2.4344000000e-04	1.4558571546e+01
2.5169000000e-04	1.5024804593e+01
2.6022000000e-04	1.5502889291e+01
2.6904000000e-04	1.5997526901e+01
2.7816000000e-04	1.6505630369e+01
2.8759000000e-04	1.7031101811e+01
2.9734000000e-04	1.7570307655e+01
3.0742000000e-04	1.8126581620e+01
3.1784000000e-04	1.8698993566e+01
3.2861000000e-04	1.9288247599e+01
3.3975000000e-04	1.9894267714e+01
3.5126000000e-04	2.0518370455e+01
3.6317000000e-04	2.1158607931e+01
3.7548000000e-04	2.1818106187e+01
3.8821000000e-04	2.2497081090e+01
4.0136000000e-04	2.3193603423e+01
4.1497000000e-04	2.3910700241e+01
4.2903000000e-04	2.4644851645e+01
4.4358000000e-04	2.5401041066e+01
4.5861000000e-04	2.6174586000e+01
4.7416000000e-04	2.6969377798e+01
4.9023000000e-04	2.7784225304e+01
5.0684000000e-04	2.8619105310e+01
5.2402000000e-04	2.9473604999e+01
5.4179000000e-04	3.0348161570e+01
5.6015000000e-04	3.1243659555e+01
5.7914000000e-04	3.2159873829e+01
5.9877000000e-04	3.3095832732e+01
6.1906000000e-04	3.4049327496e+01
6.4004000000e-04	3.5021506910e+01
6.6174000000e-04	3.6014033375e+01
6.8417000000e-04	3.7023657442e+01
7.0736000000e-04	3.8051531872e+01
7.3133000000e-04	3.9094470486e+01
7.5612000000e-04	4.0151258215e+01
7.8175000000e-04	4.1223486642e+01
8.0825000000e-04	4.2311073700e+01
8.3564000000e-04	4.3406103013e+01
8.6397000000e-04	4.4509030275e+01
8.9325000000e-04	4.5624216663e+01
9.2353000000e-04	4.6742807149e+01
9.5483000000e-04	4.7862933725e+01
9.8720000000e-04	4.8986019075e+01
1.0207000000e-03	5.0105386312e+01
1.0553000000e-03	5.1219013677e+01
1.0910000000e-03	5.2322524053e+01
1.1280000000e-03	5.3417288869e+01
1.1662000000e-03	5.4488671854e+01
1.2058000000e-03	5.5541573285e+01
1.2466000000e-03	5.6571019632e+01
1.2889000000e-03	5.7570181645e+01
1.3326000000e-03	5.8529844935e+01
1.3777000000e-03	5.9452665793e+01
1.4244000000e-03	6.0327800581e+01
1.4727000000e-03	6.1149025568e+01
1.5226000000e-03	6.1913818316e+01
1.5743000000e-03	6.2613821879e+01
1.6276000000e-03	6.3247303998e+01
1.6828000000e-03	6.3802937378e+01
1.7398000000e-03	6.4277497096e+01
1.7988000000e-03	6.4664126956e+01
1.8598000000e-03	6.4965169336e+01
1.9228000000e-03	6.5165375269e+01
1.9880000000e-03	6.5265164000e+01
2.0554000000e-03	6.5262489366e+01
2.1250000000e-03	6.5153780029e+01
2.1970000000e-03	6.4938641065e+01
2.2715000000e-03	6.4614705563e+01
2.3485000000e-03	6.4183997840e+01
2.4281000000e-03	6.3651931550e+01
2.5104000000e-03	6.3019696484e+01
2.5955000000e-03	6.2291714442e+01
2.6835000000e-03	6.1476253366e+01
2.7744000000e-03	6.0586371962e+01
2.8685000000e-03	5.9626616467e+01
2.9657000000e-03	5.8613803617e+01
3.0662000000e-03	5.7552045180e+01
3.1702000000e-03	5.6472080343e+01
3.2776000000e-03	5.5375555018e+01
3.3887000000e-03	5.4283385044e+01
3.5036000000e-03	5.3210879532e+01
3.6223000000e-03	5.2177959544e+01
3.7451000000e-03	5.1197532430e+01
3.8720000000e-03	5.0286732570e+01
4.0033000000e-03	4.9447842312e+01
4.1390000000e-03	4.8702702548e+01
4.2793000000e-03	4.8053938570e+01
4.4243000000e-03	4.7506512764e+01
4.5743000000e-03	4.7058267385e+01
4.7293000000e-03	4.6703503703e+01
4.8896000000e-03	4.6428307305e+01
5.0554000000e-03	4.6215533400e+01
5.2267000000e-03	4.6045104284e+01
5.4039000000e-03	4.5888639308e+01
5.5870000000e-03	4.5705138852e+01
5.7764000000e-03	4.5464793732e+01
5.9722000000e-03	4.5121989162e+01
6.1746000000e-03	4.4639501400e+01
6.3839000000e-03	4.3986617403e+01
6.6003000000e-03	4.3131160841e+01
6.8240000000e-03	4.2064533088e+01
7.0553000000e-03	4.0781286557e+01
7.2945000000e-03	3.9294480149e+01
7.5417000000e-03	3.7636239629e+01
7.7973000000e-03	3.5843129782e+01
8.0616000000e-03	3.3962572953e+01
8.3349000000e-03	3.2046480876e+01
8.6174000000e-03	3.0141654019e+01
8.9095000000e-03	2.8285104176e+01
9.2115000000e-03	2.6501695566e+01
9.5237000000e-03	2.4803314511e+01
9.8465000000e-03	2.3185870464e+01
1.0180000000e-02	2.1640542471e+01
1.0525000000e-02	2.0149726447e+01
1.0882000000e-02	1.8704151151e+01
1.1251000000e-02	1.7305033065e+01
1.1632000000e-02	1.5966448266e+01
1.2027000000e-02	1.4706274333e+01
1.2434000000e-02	1.3558844455e+01
1.2856000000e-02	1.2538316578e+01
1.3291000000e-02	1.1657507476e+01
1.3742000000e-02	1.0897643865e+01
1.4208000000e-02	1.0227744944e+01
1.4689000000e-02	9.6020188962e+00
1.5187000000e-02	8.9730173945e+00
1.5702000000e-02	8.3120993046e+00
1.6234000000e-02	7.6166961754e+00
1.6784000000e-02	6.9062519108e+00
1.7353000000e-02	6.2101182927e+00
1.7941000000e-02	5.5539075324e+00
1.8550000000e-02	4.9461446680e+00
1.9178000000e-02	4.3885008516e+00
1.9828000000e-02	3.8792123223e+00
2.0500000000e-02	3.4286324662e+00
2.1195000000e-02	3.0507350541e+00
2.1914000000e-02	2.7492481556e+00
2.2657000000e-02	2.5065007281e+00
2.3424000000e-02	2.2878479764e+00
2.4218000000e-02	2.0617294775e+00
2.5039000000e-02	1.8216473986e+00
2.5888000000e-02	1.5826477843e+00
2.6766000000e-02	1.3619930931e+00
2.7673000000e-02	1.1664399526e+00
2.8611000000e-02	9.9837555825e-01
2.9580000000e-02	8.6453963916e-01
3.0583000000e-02	7.6646204529e-01
3.1620000000e-02	6.8929328816e-01
3.2691000000e-02	6.1112798096e-01
3.3800000000e-02	5.2532051847e-01
3.4945000000e-02	4.4205225454e-01
3.6130000000e-02	3.6943162523e-01
3.7354000000e-02	3.1106948970e-01
3.8620000000e-02	2.7025834290e-01
3.9929000000e-02	2.4192609090e-01
4.1283000000e-02	2.1281195734e-01
4.2682000000e-02	1.7944026904e-01
4.4129000000e-02	1.4825396320e-01
4.5625000000e-02	1.2364933183e-01
4.7171000000e-02	1.0811918386e-01
4.8770000000e-02	9.7556717193e-02
5.0423000000e-02	8.4302669816e-02
5.2132000000e-02	6.9624046941e-02
5.3899000000e-02	5.7830663346e-02
5.5726000000e-02	5.1205701123e-02
5.7615000000e-02	4.6411233859e-02
5.9568000000e-02	3.9218354779e-02
6.1587000000e-02	3.2033893066e-02
6.3674000000e-02	2.7858944242e-02
6.5833000000e-02	2.5386829371e-02
6.8064000000e-02	2.1261877365e-02
7.0371000000e-02	1.7158073060e-02
7.2756000000e-02	1.5232750919e-02
7.5222000000e-02	1.3354721429e-02
7.7772000000e-02	1.0545568117e-02
8.0408000000e-02	8.8980460979e-03
8.3134000000e-02	7.8547435516e-03
8.5951000000e-02	6.1182301898e-03
8.8865000000e-02	5.1061252803e-03
9.1877000000e-02	4.4176313345e-03
9.4991000000e-02	3.3766851055e-03
9.8211000000e-02	2.9530806244e-03
1.0154000000e-01	2.4221021782e-03
1.0498000000e-01	1.9451673204e-03
1.0854000000e-01	1.7332616380e-03
1.1222000000e-01	1.3503926417e-03
1.1602000000e-01	1.2425741803e-03
1.1995000000e-01	9.7886990887e-04
1.2402000000e-01	8.9801858985e-04
1.2822000000e-01	7.0675468235e-04
1.3257000000e-01	6.4270147434e-04
1.3706000000e-01	4.9396018754e-04
1.4171000000e-01	4.4187785117e-04
1.4651000000e-01	3.3965537942e-04
1.5148000000e-01	2.8597268120e-04
1.5661000000e-01	2.3700212950e-04
1.6192000000e-01	1.7953434078e-04
1.6741000000e-01	1.5791829653e-04
1.7308000000e-01	1.3163211834e-04
1.7895000000e-01	1.0318934596e-04
1.8502000000e-01	9.0726503390e-05
1.9129000000e-01	7.9642585902e-05
1.9777000000e-01	6.5120681602e-05
2.0448000000e-01	5.1018205950e-05
2.1141000000e-01	4.1223627534e-05
2.1857000000e-01	3.4225856840e-05
2.2598000000e-01	2.8570324263e-05
2.3364000000e-01	2.3829974410e-05
2.4156000000e-01	1.9899151124e-05
2.4975000000e-01	1.6641763381e-05
2.5821000000e-01	1.3842903194e-05
2.6696000000e-01	1.1339678671e-05
2.7601000000e-01	9.0563279712e-06
2.8537000000e-01	7.1028891253e-06
2.9504000000e-01	5.6949605224e-06
3.0504000000e-01	4.8479207844e-06
3.1538000000e-01	4.1770844502e-06
3.2607000000e-01	3.3301334883e-06
3.3712000000e-01	2.6300863468e-06
3.4855000000e-01	2.3018276047e-06
3.6036000000e-01	1.7574664713e-06
3.7258000000e-01	1.5217005748e-06
3.8521000000e-01	1.1822480823e-06
3.9826000000e-01	1.0444761344e-06
4.1176000000e-01	7.8718836771e-07
4.2572000000e-01	6.6244375775e-07
4.4015000000e-01	5.6515030218e-07
4.5507000000e-01	4.4692151384e-07
4.7049000000e-01	3.5207342676e-07
4.8644000000e-01	2.8087713349e-07
5.0293000000e-01	2.2952280825e-07
5.1998000000e-01	1.8915067462e-07
5.3760000000e-01	1.5847586637e-07
5.5582000000e-01	1.3467457306e-07
5.7466000000e-01	1.0799996044e-07
5.9414000000e-01	8.2788687965e-08
6.1428000000e-01	7.3409697442e-08
6.3510000000e-01	5.4257395878e-08
6.5663000000e-01	4.8749489171e-08
6.7888000000e-01	3.7622660202e-08
7.0189000000e-01	2.9361451497e-08
7.2568000000e-01	2.4324254956e-08
7.5028000000e-01	1.9943882247e-08
7.7571000000e-01	1.5909927753e-08
8.0201000000e-01	1.2934954664e-08
8.2919000000e-01	1.1100699269e-08
8.5729000000e-01	8.8921857263e-09
8.8635000000e-01	7.0639019643e-09
9.1640000000e-01	5.7099565540e-09
9.4746000000e-01	4.9122358307e-09
9.7957000000e-01	3.9495404325e-09
1.0128000000e+00	3.2054215099e-09
1.0471000000e+00	2.6187535297e-09
1.0826000000e+00	1.9831331327e-09
1.1193000000e+00	1.6499708813e-09
1.1572000000e+00	1.3144546878e-09
1.1965000000e+00	1.1304720570e-09
1.2370000000e+00	9.0317007123e-10
1.2789000000e+00	7.3253597586e-10
1.3223000000e+00	5.8188786700e-10
1.3671000000e+00	4.4242485405e-10
1.4134000000e+00	3.8239030951e-10
1.4613000000e+00	3.1314533468e-10
1.5109000000e+00	2.5458108242e-10
1.5621000000e+00	2.0827039561e-10
1.6150000000e+00	1.5397199615e-10
1.6698000000e+00	1.3425869532e-10
1.7264000000e+00	1.0677696549e-10
1.7849000000e+00	8.7206857994e-11
1.8454000000e+00	6.9828959409e-11
1.9079000000e+00	5.4029562217e-11
1.9726000000e+00	4.2545436363e-11
2.0395000000e+00	3.4066551986e-11
2.1086000000e+00	2.9304408397e-11
2.1801000000e+00	2.2569930611e-11
2.2540000000e+00	1.8224450864e-11
2.3304000000e+00	1.4454605255e-11
2.4094000000e+00	1.2732817041e-11
2.4910000000e+00	1.0061819129e-11
2.5755000000e+00	8.1933240283e-12
2.6628000000e+00	6.2874974835e-12
2.7530000000e+00	4.8812911725e-12
2.8463000000e+00	4.1137049317e-12
2.9428000000e+00	3.3175391233e-12
3.0425000000e+00	2.6827352448e-12
3.1457000000e+00	2.1547385712e-12
3.2523000000e+00	1.6758302597e-12
3.3625000000e+00	1.4304837175e-12
3.4765000000e+00	1.0985691330e-12
3.5943000000e+00	9.0789007359e-13
3.7162000000e+00	7.0239338085e-13
3.8421000000e+00	5.8294252501e-13
3.9724000000e+00	4.7518324875e-13
4.1070000000e+00	3.6548999150e-13
4.2462000000e+00	3.1244936828e-13
4.3901000000e+00	2.3153535062e-13
4.5389000000e+00	1.8892969463e-13
4.6928000000e+00	1.6365540276e-13
4.8518000000e+00	1.3367393316e-13
5.0163000000e+00	1.0773348384e-13
5.1863000000e+00	8.0602284528e-14
5.3621000000e+00	6.3996639584e-14
5.5439000000e+00	5.0202881303e-14
5.7318000000e+00	4.5543240176e-14
5.9261000000e+00	3.2651074057e-14
6.1269000000e+00	2.7634687179e-14
6.3346000000e+00	2.1072312142e-14
6.5493000000e+00	1.7044174301e-14
6.7713000000e+00	1.4610553168e-14
7.0008000000e+00	1.1772099743e-14
7.2381000000e+00	8.9118945416e-15
7.4834000000e+00	7.7145637261e-15
7.7371000000e+00	6.0448391447e-15
7.9994000000e+00	5.0830800334e-15
8.2705000000e+00	3.7909949589e-15
8.5508000000e+00	2.8876576843e-15
8.8406000000e+00	2.4012478612e-15
9.1403000000e+00	1.9563264461e-15
9.4501000000e+00	1.5912454212e-15
9.7704000000e+00	1.2815906644e-15
1.0102000000e+01	1.0386635629e-15
1.0444000000e+01	8.0008634929e-16
1.0798000000e+01	6.9648311173e-16
1.1164000000e+01	5.2563516528e-16
1.1542000000e+01	4.1565366782e-16
1.1934000000e+01	3.4131967876e-16
1.2338000000e+01	2.6858125679e-16
1.2756000000e+01	2.1827873310e-16
1.3189000000e+01	1.8032718261e-16
1.3636000000e+01	1.4063639513e-16
1.4098000000e+01	1.1150393689e-16
1.4576000000e+01	9.7294946452e-17
1.5070000000e+01	7.1781688390e-17
1.5581000000e+01	5.9082437481e-17
1.6109000000e+01	4.5463500609e-17
1.6655000000e+01	3.9202118204e-17
1.7219000000e+01	3.1094838139e-17
1.7803000000e+01	2.3779298014e-17
1.8406000000e+01	2.0010366677e-17
1.9030000000e+01	1.5304044439e-17
1.9675000000e+01	1.2234371774e-17
2.0342000000e+01	9.9768277716e-18
2.1032000000e+01	7.8109265979e-18
2.1744000000e+01	6.5672520766e-18
2.2482000000e+01	5.0285844353e-18
2.3244000000e+01	3.7304655668e-18
2.4031000000e+01	3.3321477156e-18
2.4846000000e+01	2.5331798511e-18
2.5688000000e+01	2.0594169685e-18
2.6559000000e+01	1.5994599527e-18
2.7459000000e+01	1.3142469837e-18
2.8390000000e+01	1.2130431325e-18
2.9352000000e+01	8.5613375459e-19
3.0347000000e+01	6.6976316601e-19
3.1375000000e+01	5.4273144939e-19
3.2439000000e+01	3.8141199706e-19
3.3538000000e+01	3.4346082707e-19
3.4675000000e+01	2.6281350779e-19
3.5851000000e+01	2.3082910009e-19
3.7066000000e+01	1.7203690599e-19
3.8322000000e+01	1.3627773407e-19
3.9621000000e+01	1.1800557258e-19
4.0964000000e+01	9.0959167578e-20
4.2352000000e+01	7.2741149531e-20
4.3788000000e+01	5.8434117617e-20
4.5272000000e+01	3.9911548315e-20
4.6807000000e+01	3.8177207323e-20
4.8393000000e+01	3.0482770491e-20
5.0034000000e+01	2.3320678930e-20
