1.0534812274e-05	3.0158065283e+01
1.0780199575e-05	3.0833471908e+01
1.1031302680e-05	3.1524009961e+01
1.1288254728e-05	3.2230008985e+01
1.1551191959e-05	3.2951812991e+01
1.1820253784e-05	3.3689791975e+01
1.2095582864e-05	3.4444293053e+01
1.2377325182e-05	3.5215690717e+01
1.2665630122e-05	3.6004354293e+01
1.2960650547e-05	3.6810694419e+01
1.3262542880e-05	3.7635087582e+01
1.3571467189e-05	3.8477945066e+01
1.3887587269e-05	3.9339679278e+01
1.4211070732e-05	4.0220710339e+01
1.4542089093e-05	4.1121469847e+01
1.4880817862e-05	4.2042403590e+01
1.5227436638e-05	4.2983963186e+01
1.5582129202e-05	4.3946606499e+01
1.5945083617e-05	4.4930811423e+01
1.6316492327e-05	4.5937055205e+01
1.6696552257e-05	4.6965834520e+01
1.7085464919e-05	4.8017651760e+01
1.7483436522e-05	4.9093025595e+01
1.7890678074e-05	5.0192481620e+01
1.8307405500e-05	5.1316560771e+01
1.8733839755e-05	5.2465810003e+01
1.9170206940e-05	5.3640797905e+01
1.9616738422e-05	5.4842100160e+01
2.0073670959e-05	5.6070306960e+01
2.0541246822e-05	5.7326014154e+01
2.1019713925e-05	5.8609846859e+01
2.1509325959e-05	5.9922425260e+01
2.2010342523e-05	6.1264397921e+01
2.2523029261e-05	6.2636425188e+01
2.3047658008e-05	6.4039183318e+01
2.3584506928e-05	6.5473347777e+01
2.4133860666e-05	6.6939630427e+01
2.4696010496e-05	6.8438748387e+01
2.5271254478e-05	6.9971440627e+01
2.5859897614e-05	7.1538452672e+01
2.6462252009e-05	7.3140556452e+01
2.7078637041e-05	7.4778536110e+01
2.7709379524e-05	7.6453197809e+01
2.8354813888e-05	7.8165360590e+01
2.9015282349e-05	7.9915863963e+01
2.9691135097e-05	8.1705565191e+01
3.0382730477e-05	8.3535344158e+01
3.1090435184e-05	8.5406097351e+01
3.1814624450e-05	8.7318741344e+01
3.2555682252e-05	8.9274215986e+01
3.3314001508e-05	9.1273477637e+01
3.4089984288e-05	9.3317506980e+01
3.4884042028e-05	9.5407307135e+01
3.5696595750e-05	9.7543901968e+01
3.6528076279e-05	9.9728338856e+01
3.7378924478e-05	1.0196168919e+02
3.8249591478e-05	1.0424504774e+02
3.9140538917e-05	1.0657953383e+02
4.0052239187e-05	1.0896629122e+02
4.0985175686e-05	1.1140649009e+02
4.1939843066e-05	1.1390132704e+02
4.2916747507e-05	1.1645202484e+02
4.3916406976e-05	1.1905983227e+02
4.4939351504e-05	1.2172602854e+02
4.5986123472e-05	1.2445192037e+02
4.7057277891e-05	1.2723884329e+02
4.8153382702e-05	1.3008816249e+02
4.9275019073e-05	1.3300127464e+02
5.0422781712e-05	1.3597960605e+02
5.1597279177e-05	1.3902461733e+02
5.2799134203e-05	1.4213779872e+02
5.4028984028e-05	1.4532067625e+02
5.5287480736e-05	1.4857480965e+02
5.6575291598e-05	1.5190179066e+02
5.7893099429e-05	1.5530325024e+02
5.9241602947e-05	1.5878085442e+02
6.0621517147e-05	1.6233630448e+02
6.2033573678e-05	1.6597134277e+02
6.3478521231e-05	1.6968774765e+02
6.4957125936e-05	1.7348733979e+02
6.6470171769e-05	1.7737197921e+02
6.8018460967e-05	1.8134356590e+02
6.9602814453e-05	1.8540404456e+02
7.1224072273e-05	1.8955540180e+02
7.2883094039e-05	1.9379966748e+02
7.4580759385e-05	1.9813892128e+02
7.6317968438e-05	2.0257528168e+02
7.8095642288e-05	2.0711092189e+02
7.9914723481e-05	2.1174805784e+02
8.1776176518e-05	2.1648895811e+02
8.3680988366e-05	2.2133593878e+02
8.5630168982e-05	2.2629137098e+02
8.7624751847e-05	2.3135767444e+02
8.9665794516e-05	2.3653732618e+02
9.1754379175e-05	2.4183285509e+02
9.3891613221e-05	2.4724684901e+02
9.6078629843e-05	2.5278195106e+02
9.8316588626e-05	2.5844086371e+02
1.0060667617e-04	2.6422634869e+02
1.0295010670e-04	2.7014122955e+02
1.0534812274e-04	2.7618839287e+02
1.0780199575e-04	2.8237078646e+02
1.1031302680e-04	2.8869142633e+02
1.1288254728e-04	2.9515339291e+02
1.1551191959e-04	3.0175983568e+02
1.1820253784e-04	3.0851397312e+02
1.2095582864e-04	3.1541909465e+02
1.2377325182e-04	3.2247856184e+02
1.2665630122e-04	3.2969581077e+02
1.2960650547e-04	3.3707435243e+02
1.3262542880e-04	3.4461777549e+02
1.3571467189e-04	3.5232974616e+02
1.3887587269e-04	3.6021401255e+02
1.4211070732e-04	3.6827440332e+02
1.4542089093e-04	3.7651483330e+02
1.4880817862e-04	3.8493929854e+02
1.5227436638e-04	3.9355188673e+02
1.5582129202e-04	4.0235677127e+02
1.5945083617e-04	4.1135821900e+02
1.6316492327e-04	4.2056058757e+02
1.6696552257e-04	4.2996832984e+02
1.7085464919e-04	4.3958599529e+02
1.7483436522e-04	4.4941823368e+02
1.7890678074e-04	4.5946979000e+02
1.8307405500e-04	4.6974551604e+02
1.8733839755e-04	4.8025036830e+02
1.9170206940e-04	4.9098940672e+02
1.9616738422e-04	5.0196780292e+02
2.0073670959e-04	5.1319083622e+02
2.0541246822e-04	5.2466390104e+02
2.1019713925e-04	5.3639250615e+02
2.1509325959e-04	5.4838227758e+02
2.2010342523e-04	5.6063895981e+02
2.2523029261e-04	5.7316841950e+02
2.3047658008e-04	5.8597664836e+02
2.3584506928e-04	5.9906976243e+02
2.4133860666e-04	6.1245400725e+02
2.4696010496e-04	6.2613575855e+02
2.5271254478e-04	6.4012152552e+02
2.5859897614e-04	6.5441795445e+02
2.6462252009e-04	6.6903182523e+02
2.7078637041e-04	6.8397006138e+02
2.7709379524e-04	6.9923972930e+02
2.8354813888e-04	7.1484803722e+02
2.9015282349e-04	7.3080234299e+02
2.9691135097e-04	7.4711015497e+02
3.0382730477e-04	7.6377913215e+02
3.1090435184e-04	7.8081708784e+02
3.1814624450e-04	7.9823199483e+02
3.2555682252e-04	8.1603198087e+02
3.3314001508e-04	8.3422534030e+02
3.4089984288e-04	8.5282053017e+02
3.4884042028e-04	8.7182617041e+02
3.5696595750e-04	8.9125105394e+02
3.6528076279e-04	9.1110414128e+02
3.7378924478e-04	9.3139457142e+02
3.8249591478e-04	9.5213165508e+02
3.9140538917e-04	9.7332487993e+02
4.0052239187e-04	9.9498391874e+02
4.0985175686e-04	1.0171186140e+03
4.1939843066e-04	1.0397390110e+03
4.2916747507e-04	1.0628553259e+03
4.3916406976e-04	1.0864779687e+03
4.4939351504e-04	1.1106175385e+03
4.5986123472e-04	1.1352848233e+03
4.7057277891e-04	1.1604908128e+03
4.8153382702e-04	1.1862466763e+03
4.9275019073e-04	1.2125637958e+03
5.0422781712e-04	1.2394537439e+03
5.1597279177e-04	1.2669282838e+03
5.2799134203e-04	1.2949993989e+03
5.4028984028e-04	1.3236792501e+03
5.5287480736e-04	1.3529802145e+03
5.6575291598e-04	1.3829148688e+03
5.7893099429e-04	1.4134959898e+03
5.9241602947e-04	1.4447365637e+03
6.0621517147e-04	1.4766497694e+03
6.2033573678e-04	1.5092490038e+03
6.3478521231e-04	1.5425478411e+03
6.4957125936e-04	1.5765600832e+03
6.6470171769e-04	1.6112997211e+03
6.8018460967e-04	1.6467809452e+03
6.9602814453e-04	1.6830181452e+03
7.1224072273e-04	1.7200258839e+03
7.2883094039e-04	1.7578189798e+03
7.4580759385e-04	1.7964123812e+03
7.6317968438e-04	1.8358212368e+03
7.8095642288e-04	1.8760609014e+03
7.9914723481e-04	1.9171468600e+03
8.1776176518e-04	1.9590948326e+03
8.3680988366e-04	2.0019206227e+03
8.5630168982e-04	2.0456403200e+03
8.7624751847e-04	2.0902700940e+03
8.9665794516e-04	2.1358261729e+03
9.1754379175e-04	2.1823251550e+03
9.3891613221e-04	2.2297835554e+03
9.6078629843e-04	2.2782180604e+03
9.8316588626e-04	2.3276455950e+03
1.0060667617e-03	2.3780830289e+03
1.0295010670e-03	2.4295473152e+03
1.0534812274e-03	2.4820556886e+03
1.0780199575e-03	2.5356251855e+03
1.1031302680e-03	2.5902730779e+03
1.1288254728e-03	2.6460165403e+03
1.1551191959e-03	2.7028728643e+03
1.1820253784e-03	2.7608592858e+03
1.2095582864e-03	2.8199930441e+03
1.2377325182e-03	2.8802913330e+03
1.2665630122e-03	2.9417712972e+03
1.2960650547e-03	3.0044500102e+03
1.3262542880e-03	3.0683444430e+03
1.3571467189e-03	3.1334714552e+03
1.3887587269e-03	3.1998403121e+03
1.4211070732e-03	3.2674732579e+03
1.4542089093e-03	3.3363880619e+03
1.4880817862e-03	3.4066008215e+03
1.5227436638e-03	3.4781274174e+03
1.5582129202e-03	3.5509834627e+03
1.5945083617e-03	3.6251842318e+03
1.6316492327e-03	3.7007447093e+03
1.6696552257e-03	3.7776795076e+03
1.7085464919e-03	3.8560028062e+03
1.7483436522e-03	3.9357284024e+03
1.7890678074e-03	4.0168695797e+03
1.8307405500e-03	4.0994391425e+03
1.8733839755e-03	4.1834493674e+03
1.9170206940e-03	4.2689119475e+03
1.9616738422e-03	4.3558378810e+03
2.0073670959e-03	4.4442376583e+03
2.0541246822e-03	4.5341209686e+03
2.1019713925e-03	4.6254968015e+03
2.1509325959e-03	4.7183733760e+03
2.2010342523e-03	4.8127581411e+03
2.2523029261e-03	4.9086575354e+03
2.3047658008e-03	5.0060773479e+03
2.3584506928e-03	5.1050222721e+03
2.4133860666e-03	5.2054959611e+03
2.4696010496e-03	5.3075010400e+03
2.5271254478e-03	5.4110393705e+03
2.5859897614e-03	5.5161111047e+03
2.6462252009e-03	5.6227155715e+03
2.7078637041e-03	5.7308514181e+03
2.7709379524e-03	5.8405146577e+03
2.8354813888e-03	5.9517013149e+03
2.9015282349e-03	6.0644050702e+03
2.9691135097e-03	6.1786187618e+03
3.0382730477e-03	6.2943340194e+03
3.1090435184e-03	6.4115403588e+03
3.1814624450e-03	6.5302252505e+03
3.2555682252e-03	6.6503754669e+03
3.3314001508e-03	6.7719756514e+03
3.4089984288e-03	6.8950082680e+03
3.4884042028e-03	7.0194550131e+03
3.5696595750e-03	7.1452953797e+03
3.6528076279e-03	7.2725066701e+03
3.7378924478e-03	7.4010655192e+03
3.8249591478e-03	7.5309441464e+03
3.9140538917e-03	7.6621146284e+03
4.0052239187e-03	7.7945480637e+03
4.0985175686e-03	7.9282080971e+03
4.1939843066e-03	8.0630611363e+03
4.2916747507e-03	8.1990694595e+03
4.3916406976e-03	8.3361907949e+03
4.4939351504e-03	8.4743862556e+03
4.5986123472e-03	8.6136072216e+03
4.7057277891e-03	8.7538051823e+03
4.8153382702e-03	8.8949290872e+03
4.9275019073e-03	9.0369180378e+03
5.0422781712e-03	9.1797303571e+03
5.1597279177e-03	9.3233021655e+03
5.2799134203e-03	9.4675624229e+03
5.4028984028e-03	9.6124493661e+03
5.5287480736e-03	9.7578893306e+03
5.6575291598e-03	9.9038046633e+03
5.7893099429e-03	1.0050119222e+04
5.9241602947e-03	1.0196746754e+04
6.0621517147e-03	1.0343601048e+04
6.2033573678e-03	1.0490584401e+04
6.3478521231e-03	1.0637597363e+04
6.4957125936e-03	1.0784538162e+04
6.6470171769e-03	1.0931293330e+04
6.8018460967e-03	1.1077748022e+04
6.9602814453e-03	1.1223776946e+04
7.1224072273e-03	1.1369257513e+04
7.2883094039e-03	1.1514052907e+04
7.4580759385e-03	1.1658024054e+04
7.6317968438e-03	1.1801033225e+04
7.8095642288e-03	1.1942926269e+04
7.9914723481e-03	1.2083559327e+04
8.1776176518e-03	1.2222772445e+04
8.3680988366e-03	1.2360404116e+04
8.5630168982e-03	1.2496292309e+04
8.7624751847e-03	1.2630268447e+04
8.9665794516e-03	1.2762157148e+04
9.1754379175e-03	1.2891783162e+04
9.3891613221e-03	1.3018965402e+04
9.6078629843e-03	1.3143515618e+04
9.8316588626e-03	1.3265244091e+04
1.0060667617e-02	1.3383955641e+04
1.0295010670e-02	1.3499446772e+04
1.0534812274e-02	1.3611516366e+04
1.0780199575e-02	1.3719955638e+04
1.1031302680e-02	1.3824547830e+04
1.1288254728e-02	1.3925078685e+04
1.1551191959e-02	1.4021332657e+04
1.1820253784e-02	1.4113085423e+04
1.2095582864e-02	1.4200116844e+04
1.2377325182e-02	1.4282206466e+04
1.2665630122e-02	1.4359133004e+04
1.2960650547e-02	1.4430672932e+04
1.3262542880e-02	1.4496597546e+04
1.3571467189e-02	1.4556670820e+04
1.3887587269e-02	1.4610657222e+04
1.4211070732e-02	1.4658301749e+04
1.4542089093e-02	1.4699353870e+04
1.4880817862e-02	1.4733559242e+04
1.5227436638e-02	1.4760664450e+04
1.5582129202e-02	1.4780437821e+04
1.5945083617e-02	1.4792639674e+04
1.6316492327e-02	1.4797022598e+04
1.6696552257e-02	1.4793373716e+04
1.7085464921e-02	1.4781500199e+04
1.7483436525e-02	1.4761213860e+04
1.7890678080e-02	1.4732331342e+04
1.8307405513e-02	1.4694729020e+04
1.8733839781e-02	1.4648268722e+04
1.9170206991e-02	1.4592831640e+04
1.9616738522e-02	1.4528339216e+04
2.0073671150e-02	1.4454698735e+04
2.0541247183e-02	1.4371901874e+04
2.1019714595e-02	1.4279925598e+04
2.1509327181e-02	1.4178693189e+04
2.2010344713e-02	1.4068270656e+04
2.2523033127e-02	1.3948656466e+04
2.3047664720e-02	1.3819968829e+04
2.3584518405e-02	1.3682317363e+04
2.4133879991e-02	1.3535915517e+04
2.4696042554e-02	1.3380979263e+04
2.5271306889e-02	1.3217784411e+04
2.5859982084e-02	1.3046730654e+04
2.6462386266e-02	1.2868099580e+04
2.7078847542e-02	1.2682334064e+04
2.7709705208e-02	1.2489806545e+04
2.8355311279e-02	1.2291052693e+04
2.9016032411e-02	1.2086583937e+04
2.9692252285e-02	1.1876991646e+04
3.0384374538e-02	1.1662878123e+04
3.1092826311e-02	1.1444865139e+04
3.1818062479e-02	1.1223729622e+04
3.2560570646e-02	1.1000107194e+04
3.3320876921e-02	1.0774825203e+04
3.4099552527e-02	1.0548531753e+04
3.4897221224e-02	1.0322056352e+04
3.5714567528e-02	1.0096140772e+04
3.6552345648e-02	9.8715240424e+03
3.7411389048e-02	9.6489932942e+03
3.8292620482e-02	9.4292765139e+03
3.9197062338e-02	9.2131227895e+03
4.0125847057e-02	9.0012269303e+03
4.1080227387e-02	8.7942366748e+03
4.2061586206e-02	8.5927176994e+03
4.3071445583e-02	8.3972714017e+03
4.4111474794e-02	8.2083855324e+03
4.5183496940e-02	8.0265208589e+03
4.6289493851e-02	7.8520264402e+03
4.7431608957e-02	7.6851210070e+03
4.8612147830e-02	7.5259877547e+03
4.9833576140e-02	7.3746112665e+03
5.1098514838e-02	7.2308353308e+03
5.2409732420e-02	7.0943288796e+03
5.3770134273e-02	6.9645210868e+03
5.5182749179e-02	6.8406382592e+03
5.6650713207e-02	6.7215340427e+03
5.8177251367e-02	6.6058015700e+03
5.9765657534e-02	6.4917340519e+03
6.1419273271e-02	6.3772794761e+03
6.3141466323e-02	6.2600327491e+03
6.4935609562e-02	6.1374073904e+03
6.6805061227e-02	6.0066753266e+03
6.8753147243e-02	5.8651217480e+03
7.0783146315e-02	5.7102608224e+03
7.2898278375e-02	5.5401065966e+03
7.5101696769e-02	5.3534193195e+03
7.7396484400e-02	5.1499923314e+03
7.9785653869e-02	4.9309130434e+03
8.2272151453e-02	4.6986740144e+03
8.4858864652e-02	4.4571917091e+03
8.7548632911e-02	4.2116774057e+03
9.0344261039e-02	3.9682498992e+03
9.3248534844e-02	3.7334689648e+03
9.6264238456e-02	3.5136711085e+03
9.9394172879e-02	3.3143237510e+03
1.0264117529e-01	3.1393564784e+03
1.0600813873e-01	2.9906684385e+03
1.0949803175e-01	2.8677301418e+03
1.1311391791e-01	2.7674571968e+03
1.1685897460e-01	2.6842473282e+03
1.2073651127e-01	2.6104648996e+03
1.2474998678e-01	2.5372552259e+03
1.2890302576e-01	2.4559471417e+03
1.3319943385e-01	2.3597409827e+03
1.3764321189e-01	2.2454092235e+03
1.4223856883e-01	2.1143561208e+03
1.4698993335e-01	1.9725570528e+03
1.5190196423e-01	1.8292416227e+03
1.5697955921e-01	1.6946214974e+03
1.6222786241e-01	1.5773373151e+03
1.6765227008e-01	1.4822988828e+03
1.7325843462e-01	1.4094654243e+03
1.7905226660e-01	1.3538215747e+03
1.8503993471e-01	1.3067970007e+03
1.9122786313e-01	1.2587093468e+03
1.9762272628e-01	1.2008334289e+03
2.0423144041e-01	1.1305671226e+03
2.1106115172e-01	1.0516946208e+03
2.1811922047e-01	9.7238270801e+02
2.2541320070e-01	9.0122959474e+02
2.3295081490e-01	8.4350743052e+02
2.4073992324e-01	7.9913998966e+02
2.4878848664e-01	7.6305228245e+02
2.5710452319e-01	7.2779860029e+02
2.6569605744e-01	6.8763865954e+02
2.7457106214e-01	6.4192473692e+02
2.8373739190e-01	5.9513496460e+02
2.9320270889e-01	5.5320239331e+02
3.0297440042e-01	5.1905701613e+02
3.1305948871e-01	4.9092513494e+02
3.2346453372e-01	4.6434704863e+02
3.3419552988e-01	4.3603586000e+02
3.4525779856e-01	4.0634271386e+02
3.5665587829e-01	3.7823573845e+02
3.6839341576e-01	3.5398443439e+02
3.8047306088e-01	3.3302676176e+02
3.9289637039e-01	3.1311304493e+02
4.0566372464e-01	2.9303227465e+02
4.1877426325e-01	2.7352807191e+02
4.3222584520e-01	2.5579724189e+02
4.4601503952e-01	2.3997761109e+02
4.6013715211e-01	2.2526548507e+02
4.7458629378e-01	2.1102696922e+02
4.8935549322e-01	1.9748807329e+02
5.0443685690e-01	1.8512942238e+02
5.1982177566e-01	1.7383690195e+02
5.3550117499e-01	1.6318384190e+02
5.5146580292e-01	1.5311242361e+02
5.6770654686e-01	1.4378372362e+02
5.8421476776e-01	1.3517786708e+02
6.0098263821e-01	1.2714505410e+02
6.1800346994e-01	1.1960850400e+02
6.3527201631e-01	1.1259283011e+02
6.5278473649e-01	1.0608081763e+02
6.7054001023e-01	9.9998415119e+01
6.8853829544e-01	9.4305786510e+01
7.0678222374e-01	8.8992127914e+01
7.2527663368e-01	8.4030227181e+01
7.4402854372e-01	7.9381879983e+01
7.6304707083e-01	7.5024478551e+01
7.8234330210e-01	7.0939537579e+01
8.0193012855e-01	6.7104202219e+01
8.2182205061e-01	6.3497808454e+01
8.4203496522e-01	6.0104486719e+01
8.6258594345e-01	5.6908789863e+01
8.8349300704e-01	5.3895509294e+01
9.0477491123e-01	5.1051762398e+01
9.2645093979e-01	4.8366470154e+01
9.4854071716e-01	4.5828373824e+01
9.7106404146e-01	4.3427659496e+01
9.9404074103e-01	4.1155663443e+01
1.0174905558e+00	3.9004051865e+01
1.0414330447e+00	3.6965425362e+01
1.0658875175e+00	3.5033197201e+01
1.0908729924e+00	3.3201052014e+01
1.1164081746e+00	3.1463573712e+01
1.1425114566e+00	2.9815500403e+01
1.1692009350e+00	2.8252150321e+01
1.1964944428e+00	2.6768934584e+01
1.2244095926e+00	2.5361747042e+01
1.2529638289e+00	2.4026565814e+01
1.2821744853e+00	2.2759616295e+01
1.3120588451e+00	2.1557471235e+01
1.3426342022e+00	2.0416888094e+01
1.3739179205e+00	1.9334833615e+01
1.4059274907e+00	1.8308517733e+01
1.4386805828e+00	1.7335046942e+01
1.4721950944e+00	1.6411737653e+01
1.5064891939e+00	1.5536217951e+01
1.5415813588e+00	1.4705901565e+01
1.5774904093e+00	1.3918696332e+01
1.6142355381e+00	1.3172382840e+01
1.6518363357e+00	1.2464929047e+01
1.6903128132e+00	1.1794502983e+01
1.7296854224e+00	1.1159063804e+01
1.7699750731e+00	1.0556861801e+01
1.8112031500e+00	9.9862891369e+00
1.8533915272e+00	9.4457573431e+00
1.8965625828e+00	8.9336722627e+00
1.9407392125e+00	8.4486566899e+00
1.9859448427e+00	7.9892831503e+00
2.0322034444e+00	7.5542464314e+00
2.0795395455e+00	7.1422821753e+00
2.1279782452e+00	6.7522562720e+00
2.1775452266e+00	6.3830012164e+00
2.2282667710e+00	6.0334302027e+00
2.2801697719e+00	5.7025685270e+00
2.3332817488e+00	5.3893881915e+00
2.3876308626e+00	5.0930370554e+00
2.4432459299e+00	4.8126030770e+00
2.5001564385e+00	4.5472664087e+00
2.5583925631e+00	4.2962069679e+00
2.6179851813e+00	4.0587237424e+00
2.6789658900e+00	3.8340767305e+00
2.7413670218e+00	3.6215628472e+00
2.8052216626e+00	3.4206131642e+00
2.8705636692e+00	3.2305681915e+00
2.9374276866e+00	3.0508814353e+00
3.0058491670e+00	2.8809537675e+00
3.0758643884e+00	2.7203149939e+00
3.1475104739e+00	2.5684428571e+00
3.2208254110e+00	2.4248857788e+00
3.2958480725e+00	2.2892015505e+00
3.3726182362e+00	2.1609582807e+00
3.4511766067e+00	2.0397626867e+00
3.5315648368e+00	1.9252343986e+00
3.6138255493e+00	1.8170152079e+00
3.6980023599e+00	1.7147635422e+00
3.7841399003e+00	1.6181703351e+00
3.8722838418e+00	1.5269222457e+00
3.9624809195e+00	1.4407152054e+00
4.0547789569e+00	1.3592948737e+00
4.1492268919e+00	1.2823959710e+00
4.2458748018e+00	1.2097747037e+00
4.3447739308e+00	1.1411905077e+00
4.4459767164e+00	1.0764213371e+00
4.5495368178e+00	1.0152889715e+00
4.6555091438e+00	9.5755981045e-01
4.7639498823e+00	9.0305782883e-01
4.8749165301e+00	8.5161254507e-01
4.9884679232e+00	8.0305222235e-01
5.1046642681e+00	7.5721306223e-01
5.2235671735e+00	7.1394764187e-01
5.3452396833e+00	6.7311838995e-01
5.4697463100e+00	6.3458914991e-01
5.5971530686e+00	5.9823361595e-01
5.7275275118e+00	5.6392623027e-01
5.8609387659e+00	5.3155883200e-01
5.9974575674e+00	5.0102317515e-01
6.1371563002e+00	4.7221406044e-01
6.2801090345e+00	4.4503982944e-01
6.4263915658e+00	4.1940664441e-01
6.5760814549e+00	3.9522904972e-01
6.7292580695e+00	3.7242613980e-01
6.8860026257e+00	3.5092045204e-01
7.0463982317e+00	3.3063952186e-01
7.2105299314e+00	3.1151506808e-01
7.3784847494e+00	2.9348296127e-01
7.5503517377e+00	2.7647935024e-01
7.7262220224e+00	2.6044915928e-01
7.9061888524e+00	2.4533684044e-01
8.0903476483e+00	2.3108704289e-01
8.2787960536e+00	2.1765828807e-01
8.4716339862e+00	2.0499761624e-01
8.6689636912e+00	1.9306638944e-01
8.8708897956e+00	1.8181880008e-01
9.0775193631e+00	1.7121954186e-01
9.2889619515e+00	1.6123068401e-01
9.5053296706e+00	1.5181723780e-01
9.7267372412e+00	1.4294635743e-01
9.9533020567e+00	1.3458893846e-01
1.0185144245e+01	1.2671309446e-01
1.0422386731e+01	1.1929393084e-01
1.0665155305e+01	1.1230169615e-01
1.0913578685e+01	1.0571841715e-01
1.1167788589e+01	9.9515178611e-02
1.1427919802e+01	9.3671692413e-02
1.1694110250e+01	8.8167644863e-02
1.1966501070e+01	8.2983345773e-02
1.2245236687e+01	7.8100883422e-02
1.2530464890e+01	7.3502286142e-02
1.2822336912e+01	6.9171747482e-02
1.3121007507e+01	6.5093213527e-02
1.3426635034e+01	6.1252858031e-02
1.3739381540e+01	5.7636724551e-02
1.4059412848e+01	5.4231906250e-02
1.4386898643e+01	5.1026134554e-02
1.4722012562e+01	4.8008447161e-02
1.5064932287e+01	4.5166533067e-02
1.5415839638e+01	4.2491740960e-02
1.5774920672e+01	3.9973366977e-02
1.6142365778e+01	3.7603109410e-02
1.6518369779e+01	3.5371713066e-02
1.6903132039e+01	3.3271745283e-02
1.7296856563e+01	3.1294888103e-02
1.7699752109e+01	2.9434462213e-02
1.8112032299e+01	2.7683746959e-02
1.8533915727e+01	2.6036019346e-02
1.8965626083e+01	2.4485626775e-02
1.9407392265e+01	2.3026515021e-02
1.9859448503e+01	2.1653532196e-02
2.0322034484e+01	2.0361633074e-02
2.0795395476e+01	1.9146133757e-02
2.1279782463e+01	1.8002554381e-02
2.1775452271e+01	1.6926591179e-02
2.2282667713e+01	1.5914368635e-02
2.2801697720e+01	1.4962200452e-02
2.3332817489e+01	1.4066447531e-02
2.3876308627e+01	1.3223921751e-02
2.4432459299e+01	1.2431229810e-02
2.5001564385e+01	1.1685628441e-02
2.5583925631e+01	1.0984431468e-02
2.6179851813e+01	1.0324909935e-02
2.6789658900e+01	9.7047129461e-03
2.7413670218e+01	9.1213661597e-03
2.8052216626e+01	8.5727220251e-03
2.8705636692e+01	8.0568432085e-03
2.9374276866e+01	7.5717214986e-03
3.0058491670e+01	7.1155292070e-03
