5.4459000000e-06	9.8178628216e-01
5.6305000000e-06	9.8178628202e-01
5.8214000000e-06	9.8178628188e-01
6.0187000000e-06	9.8178628172e-01
6.2227000000e-06	9.8178628155e-01
6.4336000000e-06	9.8178628138e-01
6.6517000000e-06	9.8178628119e-01
6.8771000000e-06	9.8178628099e-01
7.1102000000e-06	9.8178628077e-01
7.3512000000e-06	9.8178628054e-01
7.6004000000e-06	9.8178628029e-01
7.8580000000e-06	9.8178628003e-01
8.1244000000e-06	9.8178627974e-01
8.3998000000e-06	9.8178627944e-01
8.6845000000e-06	9.8178627912e-01
8.9788000000e-06	9.8178627876e-01
9.2832000000e-06	9.8178627840e-01
9.5978000000e-06	9.8178627753e-01
9.9231000000e-06	9.8178627713e-01
1.0259000000e-05	9.8178627668e-01
1.0607000000e-05	9.8178627619e-01
1.0967000000e-05	9.8178627571e-01
1.1338000000e-05	9.8178627516e-01
1.1723000000e-05	9.8178627457e-01
1.2120000000e-05	9.8178627394e-01
1.2531000000e-05	9.8178627367e-01
1.2956000000e-05	9.8178627295e-01
1.3395000000e-05	9.8178627218e-01
1.3849000000e-05	9.8178627136e-01
1.4318000000e-05	9.8178627048e-01
1.4804000000e-05	9.8178626954e-01
1.5305000000e-05	9.8178626854e-01
1.5824000000e-05	9.8178626699e-01
1.6360000000e-05	9.8178626589e-01
1.6915000000e-05	9.8178626466e-01
1.7488000000e-05	9.8178626377e-01
1.8081000000e-05	9.8178626237e-01
1.8694000000e-05	9.8178626086e-01
1.9328000000e-05	9.8178625926e-01
1.9983000000e-05	9.8178625754e-01
2.0660000000e-05	9.8178625530e-01
2.1360000000e-05	9.8178625377e-01
2.2084000000e-05	9.8178625167e-01
2.2833000000e-05	9.8178624939e-01
2.3607000000e-05	9.8178624249e-01
2.4407000000e-05	9.8178623995e-01
2.5234000000e-05	9.8178623722e-01
2.6090000000e-05	9.8178620982e-01
2.6974000000e-05	9.8178620631e-01
2.7888000000e-05	9.8178620339e-01
2.8833000000e-05	9.8178619982e-01
2.9811000000e-05	9.8178619603e-01
3.0821000000e-05	9.8178619194e-01
3.1866000000e-05	9.8178618751e-01
3.2946000000e-05	9.8178618285e-01
3.4063000000e-05	9.8178617788e-01
3.5217000000e-05	9.8178617252e-01
3.6411000000e-05	9.8178616731e-01
3.7645000000e-05	9.8178616078e-01
3.8921000000e-05	9.8178615908e-01
4.0240000000e-05	9.8178615254e-01
4.1604000000e-05	9.8178614470e-01
4.3014000000e-05	9.8178616282e-01
4.4472000000e-05	9.8178615434e-01
4.5980000000e-05	9.8178614567e-01
4.7538000000e-05	9.8178613598e-01
4.9150000000e-05	9.8178612561e-01
5.0816000000e-05	9.8178611408e-01
5.2538000000e-05	9.8178610226e-01
5.4319000000e-05	9.8178608551e-01
5.6160000000e-05	9.8178607203e-01
5.8063000000e-05	9.8178605749e-01
6.0032000000e-05	9.8178601762e-01
6.2066000000e-05	9.8178600102e-01
6.4170000000e-05	9.8178598859e-01
6.6345000000e-05	9.8178596971e-01
6.8594000000e-05	9.8178597559e-01
7.0919000000e-05	9.8178595398e-01
7.3323000000e-05	9.8178592594e-01
7.5808000000e-05	9.8178590177e-01
7.8377000000e-05	9.8178585091e-01
8.1034000000e-05	9.8178582754e-01
8.3781000000e-05	9.8178579742e-01
8.6621000000e-05	9.8178578718e-01
8.9557000000e-05	9.8178575280e-01
9.2592000000e-05	9.8178571608e-01
9.5730000000e-05	9.8178565706e-01
9.8975000000e-05	9.8178561055e-01
1.0233000000e-04	9.8178559209e-01
1.0580000000e-04	9.8178554891e-01
1.0938000000e-04	9.8178546872e-01
1.1309000000e-04	9.8178541427e-01
1.1693000000e-04	9.8178538633e-01
1.2089000000e-04	9.8178529482e-01
1.2499000000e-04	9.8178522822e-01
1.2922000000e-04	9.8178518354e-01
1.3360000000e-04	9.8178508212e-01
1.3813000000e-04	9.8178502711e-01
1.4281000000e-04	9.8178491576e-01
1.4765000000e-04	9.8178484873e-01
1.5266000000e-04	9.8178472500e-01
1.5783000000e-04	9.8178464494e-01
1.6318000000e-04	9.8178450675e-01
1.6871000000e-04	9.8178438726e-01
1.7443000000e-04	9.8178425881e-01
1.8034000000e-04	9.8178412091e-01
1.8646000000e-04	9.8178397436e-01
1.9278000000e-04	9.8178381721e-01
1.9931000000e-04	9.8178365031e-01
2.0607000000e-04	9.8178347052e-01
2.1305000000e-04	9.8178327892e-01
2.2027000000e-04	9.8178306994e-01
2.2774000000e-04	9.8178285593e-01
2.3546000000e-04	9.8178259245e-01
2.4344000000e-04	9.8178237292e-01
2.5169000000e-04	9.8178208117e-01
2.6022000000e-04	9.8178181699e-01
2.6904000000e-04	9.8178148700e-01
2.7816000000e-04	9.8178116232e-01
2.8759000000e-04	9.8178081434e-01
2.9734000000e-04	9.8178044332e-01
3.0742000000e-04	9.8178004629e-01
3.1784000000e-04	9.8177959788e-01
3.2861000000e-04	9.8177916590e-01
3.3975000000e-04	9.8177866219e-01
3.5126000000e-04	9.8177814122e-01
3.6317000000e-04	9.8177759033e-01
3.7548000000e-04	9.8177699676e-01
3.8821000000e-04	9.8177636828e-01
4.0136000000e-04	9.8177567244e-01
4.1497000000e-04	9.8177495997e-01
4.2903000000e-04	9.8177419054e-01
4.4358000000e-04	9.8177337330e-01
4.5861000000e-04	9.8177250256e-01
4.7416000000e-04	9.8177154238e-01
4.9023000000e-04	9.8177054389e-01
5.0684000000e-04	9.8176948442e-01
5.2402000000e-04	9.8176832941e-01
5.4179000000e-04	9.8176712287e-01
5.6015000000e-04	9.8176583162e-01
5.7914000000e-04	9.8176442821e-01
5.9877000000e-04	9.8176293972e-01
6.1906000000e-04	9.8176138072e-01
6.4004000000e-04	9.8175969288e-01
6.6174000000e-04	9.8175791442e-01
6.8417000000e-04	9.8175602138e-01
7.0736000000e-04	9.8175397833e-01
7.3133000000e-04	9.8175180574e-01
7.5612000000e-04	9.8174949885e-01
7.8175000000e-04	9.8174706362e-01
8.0825000000e-04	9.8174442060e-01
8.3564000000e-04	9.8174166423e-01
8.6397000000e-04	9.8173870813e-01
8.9325000000e-04	9.8173556470e-01
9.2353000000e-04	9.8173222476e-01
9.5483000000e-04	9.8172868033e-01
9.8720000000e-04	9.8172488282e-01
1.0207000000e-03	9.8172088222e-01
1.0553000000e-03	9.8171664210e-01
1.0910000000e-03	9.8171213196e-01
1.1280000000e-03	9.8170732738e-01
1.1662000000e-03	9.8170228713e-01
1.2058000000e-03	9.8169690145e-01
1.2466000000e-03	9.8169122452e-01
1.2889000000e-03	9.8168520376e-01
1.3326000000e-03	9.8167884994e-01
1.3777000000e-03	9.8167211876e-01
1.4244000000e-03	9.8166500612e-01
1.4727000000e-03	9.8165753625e-01
1.5226000000e-03	9.8164963623e-01
1.5743000000e-03	9.8164129502e-01
1.6276000000e-03	9.8163252532e-01
1.6828000000e-03	9.8162331105e-01
1.7398000000e-03	9.8161362089e-01
1.7988000000e-03	9.8160343850e-01
1.8598000000e-03	9.8159275735e-01
1.9228000000e-03	9.8158155322e-01
1.9880000000e-03	9.8156981310e-01
2.0554000000e-03	9.8155752896e-01
2.1250000000e-03	9.8154471553e-01
2.1970000000e-03	9.8153129337e-01
2.2715000000e-03	9.8151727608e-01
2.3485000000e-03	9.8150263133e-01
2.4281000000e-03	9.8148736129e-01
2.5104000000e-03	9.8147142325e-01
2.5955000000e-03	9.8145484749e-01
2.6835000000e-03	9.8143752608e-01
2.7744000000e-03	9.8141948236e-01
2.8685000000e-03	9.8140062379e-01
2.9657000000e-03	9.8138097425e-01
3.0662000000e-03	9.8136046191e-01
3.1702000000e-03	9.8133891344e-01
3.2776000000e-03	9.8131641650e-01
3.3887000000e-03	9.8129281128e-01
3.5036000000e-03	9.8126795363e-01
3.6223000000e-03	9.8124178087e-01
3.7451000000e-03	9.8121415161e-01
3.8720000000e-03	9.8118493575e-01
4.0033000000e-03	9.8115390369e-01
4.1390000000e-03	9.8112100017e-01
4.2793000000e-03	9.8108601403e-01
4.4243000000e-03	9.8104880027e-01
4.5743000000e-03	9.8100917656e-01
4.7293000000e-03	9.8096704832e-01
4.8896000000e-03	9.8092227420e-01
5.0554000000e-03	9.8087478648e-01
5.2267000000e-03	9.8082464693e-01
5.4039000000e-03	9.8077186601e-01
5.5870000000e-03	9.8071653859e-01
5.7764000000e-03	9.8065888474e-01
5.9722000000e-03	9.8059914079e-01
6.1746000000e-03	9.8053766044e-01
6.3839000000e-03	9.8047474091e-01
6.6003000000e-03	9.8041081760e-01
6.8240000000e-03	9.8034623451e-01
7.0553000000e-03	9.8028130290e-01
7.2945000000e-03	9.8021615482e-01
7.5417000000e-03	9.8015100858e-01
7.7973000000e-03	9.8008574405e-01
8.0616000000e-03	9.8002017525e-01
8.3349000000e-03	9.7995393427e-01
8.6174000000e-03	9.7988674058e-01
8.9095000000e-03	9.7981815374e-01
9.2115000000e-03	9.7974792346e-01
9.5237000000e-03	9.7967594666e-01
9.8465000000e-03	9.7960226630e-01
1.0180000000e-02	9.7952716124e-01
1.0525000000e-02	9.7945085383e-01
1.0882000000e-02	9.7937348878e-01
1.1251000000e-02	9.7929505201e-01
1.1632000000e-02	9.7921528623e-01
1.2027000000e-02	9.7913309984e-01
1.2434000000e-02	9.7904810459e-01
1.2856000000e-02	9.7895915859e-01
1.3291000000e-02	9.7886669295e-01
1.3742000000e-02	9.7877126352e-01
1.4208000000e-02	9.7867496477e-01
1.4689000000e-02	9.7858027046e-01
1.5187000000e-02	9.7848894749e-01
1.5702000000e-02	9.7840196516e-01
1.6234000000e-02	9.7831891704e-01
1.6784000000e-02	9.7823798258e-01
1.7353000000e-02	9.7815713855e-01
1.7941000000e-02	9.7807540264e-01
1.8550000000e-02	9.7799218995e-01
1.9178000000e-02	9.7790774887e-01
1.9828000000e-02	9.7782087951e-01
2.0500000000e-02	9.7773048413e-01
2.1195000000e-02	9.7763686921e-01
2.1914000000e-02	9.7754343739e-01
2.2657000000e-02	9.7745570674e-01
2.3424000000e-02	9.7737727267e-01
2.4218000000e-02	9.7730628884e-01
2.5039000000e-02	9.7723701264e-01
2.5888000000e-02	9.7716444209e-01
2.6766000000e-02	9.7708775717e-01
2.7673000000e-02	9.7700786682e-01
2.8611000000e-02	9.7692580815e-01
2.9580000000e-02	9.7684587189e-01
3.0583000000e-02	9.7677562810e-01
3.1620000000e-02	9.7671734987e-01
3.2691000000e-02	9.7666169853e-01
3.3800000000e-02	9.7659849953e-01
3.4945000000e-02	9.7652877216e-01
3.6130000000e-02	9.7645857113e-01
3.7354000000e-02	9.7639458781e-01
3.8620000000e-02	9.7634376705e-01
3.9929000000e-02	9.7630026726e-01
4.1283000000e-02	9.7624733739e-01
4.2682000000e-02	9.7618557682e-01
4.4129000000e-02	9.7612859502e-01
4.5625000000e-02	9.7608452868e-01
4.7171000000e-02	9.7604995938e-01
4.8770000000e-02	9.7600494212e-01
5.0423000000e-02	9.7595070428e-01
5.2132000000e-02	9.7590820175e-01
5.3899000000e-02	9.7587932402e-01
5.5726000000e-02	9.7584516475e-01
5.7615000000e-02	9.7579741362e-01
5.9568000000e-02	9.7576306713e-01
6.1587000000e-02	9.7574114695e-01
6.3674000000e-02	9.7570639648e-01
6.5833000000e-02	9.7566744835e-01
6.8064000000e-02	9.7564856664e-01
7.0371000000e-02	9.7562339507e-01
7.2756000000e-02	9.7558705391e-01
7.5222000000e-02	9.7557148436e-01
7.7772000000e-02	9.7554873276e-01
8.0408000000e-02	9.7551820370e-01
8.3134000000e-02	9.7550786005e-01
8.5951000000e-02	9.7548108720e-01
8.8865000000e-02	9.7546397602e-01
9.1877000000e-02	9.7544967084e-01
9.4991000000e-02	9.7542565230e-01
9.8211000000e-02	9.7541864104e-01
1.0154000000e-01	9.7539483652e-01
1.0498000000e-01	9.7538991498e-01
1.0854000000e-01	9.7536803431e-01
1.1222000000e-01	9.7536393984e-01
1.1602000000e-01	9.7534404776e-01
1.1995000000e-01	9.7534024217e-01
1.2402000000e-01	9.7532416071e-01
1.2822000000e-01	9.7531646692e-01
1.3257000000e-01	9.7530876721e-01
1.3706000000e-01	9.7529414586e-01
1.4171000000e-01	9.7529162671e-01
1.4651000000e-01	9.7528321090e-01
1.5148000000e-01	9.7527159850e-01
1.5661000000e-01	9.7526789607e-01
1.6192000000e-01	9.7526427689e-01
1.6741000000e-01	9.7525473346e-01
1.7308000000e-01	9.7524668576e-01
1.7895000000e-01	9.7524235232e-01
1.8502000000e-01	9.7523989276e-01
1.9129000000e-01	9.7523642584e-01
1.9777000000e-01	9.7523252033e-01
2.0448000000e-01	9.7522813773e-01
2.1141000000e-01	9.7522382786e-01
2.1857000000e-01	9.7522008120e-01
2.2598000000e-01	9.7521678874e-01
2.3364000000e-01	9.7521363194e-01
2.4156000000e-01	9.7520995844e-01
2.4975000000e-01	9.7520546348e-01
2.5821000000e-01	9.7520131295e-01
2.6696000000e-01	9.7519990117e-01
2.7601000000e-01	9.7520016642e-01
2.8537000000e-01	9.7519586333e-01
2.9504000000e-01	9.7519298239e-01
3.0504000000e-01	9.7519354669e-01
3.1538000000e-01	9.7518906923e-01
3.2607000000e-01	9.7519022660e-01
3.3712000000e-01	9.7518568209e-01
3.4855000000e-01	9.7518646039e-01
3.6036000000e-01	9.7518453493e-01
3.7258000000e-01	9.7518159677e-01
3.8521000000e-01	9.7518161362e-01
3.9826000000e-01	9.7518178044e-01
4.1176000000e-01	9.7518061937e-01
4.2572000000e-01	9.7517979836e-01
4.4015000000e-01	9.7517880760e-01
4.5507000000e-01	9.7517763298e-01
4.7049000000e-01	9.7517611340e-01
4.8644000000e-01	9.7517400267e-01
5.0293000000e-01	9.7517470161e-01
5.1998000000e-01	9.7517430954e-01
5.3760000000e-01	9.7517259025e-01
5.5582000000e-01	9.7517290932e-01
5.7466000000e-01	9.7517262634e-01
5.9414000000e-01	9.7517083337e-01
6.1428000000e-01	9.7517041349e-01
6.3510000000e-01	9.7517024891e-01
6.5663000000e-01	9.7516977302e-01
6.7888000000e-01	9.7516906435e-01
7.0189000000e-01	9.7516917627e-01
7.2568000000e-01	9.7516975471e-01
7.5028000000e-01	9.7516826413e-01
7.7571000000e-01	9.7516916909e-01
8.0201000000e-01	9.7516813584e-01
8.2919000000e-01	9.7516733506e-01
8.5729000000e-01	9.7516724487e-01
8.8635000000e-01	9.7516686499e-01
9.1640000000e-01	9.7516727927e-01
9.4746000000e-01	9.7516746881e-01
9.7957000000e-01	9.7516656805e-01
1.0128000000e+00	9.7516660047e-01
1.0471000000e+00	9.7516697345e-01
1.0826000000e+00	9.7516683875e-01
1.1193000000e+00	9.7516630819e-01
1.1572000000e+00	9.7516576381e-01
1.1965000000e+00	9.7516643330e-01
1.2370000000e+00	9.7516579540e-01
1.2789000000e+00	9.7516547605e-01
1.3223000000e+00	9.7516546051e-01
1.3671000000e+00	9.7516597478e-01
1.4134000000e+00	9.7516510841e-01
1.4613000000e+00	9.7516549741e-01
1.5109000000e+00	9.7516554071e-01
1.5621000000e+00	9.7516503153e-01
1.6150000000e+00	9.7516511167e-01
1.6698000000e+00	9.7516482865e-01
1.7264000000e+00	9.7516482829e-01
1.7849000000e+00	9.7516468137e-01
1.8454000000e+00	9.7516524557e-01
1.9079000000e+00	9.7516495433e-01
1.9726000000e+00	9.7516498624e-01
2.0395000000e+00	9.7516473689e-01
2.1086000000e+00	9.7516486167e-01
2.1801000000e+00	9.7516486178e-01
2.2540000000e+00	9.7516451569e-01
2.3304000000e+00	9.7516483488e-01
2.4094000000e+00	9.7516473849e-01
2.4910000000e+00	9.7516442613e-01
2.5755000000e+00	9.7516437067e-01
2.6628000000e+00	9.7516446300e-01
2.7530000000e+00	9.7516438474e-01
2.8463000000e+00	9.7516438291e-01
2.9428000000e+00	9.7516455030e-01
3.0425000000e+00	9.7516444169e-01
3.1457000000e+00	9.7516425756e-01
3.2523000000e+00	9.7516428850e-01
3.3625000000e+00	9.7516441307e-01
3.4765000000e+00	9.7516436591e-01
3.5943000000e+00	9.7516432642e-01
3.7162000000e+00	9.7516419102e-01
3.8421000000e+00	9.7516434670e-01
3.9724000000e+00	9.7516424594e-01
4.1070000000e+00	9.7516431868e-01
4.2462000000e+00	9.7516424858e-01
4.3901000000e+00	9.7516441495e-01
4.5389000000e+00	9.7516427646e-01
4.6928000000e+00	9.7516420735e-01
4.8518000000e+00	9.7516416492e-01
5.0163000000e+00	9.7516421779e-01
5.1863000000e+00	9.7516415039e-01
5.3621000000e+00	9.7516423852e-01
5.5439000000e+00	9.7516418643e-01
5.7318000000e+00	9.7516432823e-01
5.9261000000e+00	9.7516415963e-01
6.1269000000e+00	9.7516418765e-01
6.3346000000e+00	9.7516405844e-01
6.5493000000e+00	9.7516416826e-01
6.7713000000e+00	9.7516423746e-01
7.0008000000e+00	9.7516422729e-01
7.2381000000e+00	9.7516415982e-01
7.4834000000e+00	9.7516414285e-01
7.7371000000e+00	9.7516416959e-01
7.9994000000e+00	9.7516423573e-01
8.2705000000e+00	9.7516424818e-01
8.5508000000e+00	9.7516408398e-01
8.8406000000e+00	9.7516423056e-01
9.1403000000e+00	9.7516418113e-01
9.4501000000e+00	9.7516411414e-01
9.7704000000e+00	9.7516412678e-01
1.0102000000e+01	9.7516419518e-01
1.0444000000e+01	9.7516420213e-01
1.0798000000e+01	9.7516409013e-01
1.1164000000e+01	9.7516410614e-01
1.1542000000e+01	9.7516415285e-01
1.1934000000e+01	9.7516416175e-01
1.2338000000e+01	9.7516412526e-01
1.2756000000e+01	9.7516412170e-01
1.3189000000e+01	9.7516418761e-01
1.3636000000e+01	9.7516412601e-01
1.4098000000e+01	9.7516414595e-01
1.4576000000e+01	9.7516406420e-01
1.5070000000e+01	9.7516411763e-01
1.5581000000e+01	9.7516411757e-01
1.6109000000e+01	9.7516411518e-01
1.6655000000e+01	9.7516417315e-01
1.7219000000e+01	9.7516414950e-01
1.7803000000e+01	9.7516412551e-01
1.8406000000e+01	9.7516409320e-01
1.9030000000e+01	9.7516411668e-01
1.9675000000e+01	9.7516410862e-01
2.0342000000e+01	9.7516412750e-01
2.1032000000e+01	9.7516410580e-01
2.1744000000e+01	9.7516406392e-01
2.2482000000e+01	9.7516411168e-01
2.3244000000e+01	9.7516414883e-01
2.4031000000e+01	9.7516409915e-01
2.4846000000e+01	9.7516407904e-01
2.5688000000e+01	9.7516409959e-01
2.6559000000e+01	9.7516410559e-01
2.7459000000e+01	9.7516409114e-01
2.8390000000e+01	9.7516405468e-01
2.9352000000e+01	9.7516403880e-01
3.0347000000e+01	9.7516407677e-01
3.1375000000e+01	9.7516409370e-01
3.2439000000e+01	9.7516405302e-01
3.3538000000e+01	9.7516405746e-01
3.4675000000e+01	9.7516408781e-01
3.5851000000e+01	9.7516409361e-01
3.7066000000e+01	9.7516404109e-01
3.8322000000e+01	9.7516402823e-01
3.9621000000e+01	9.7516406041e-01
4.0964000000e+01	9.7516404803e-01
4.2352000000e+01	9.7516407384e-01
4.3788000000e+01	9.7516410277e-01
4.5272000000e+01	9.7516407648e-01
4.6807000000e+01	9.7516400038e-01
4.8393000000e+01	9.7516405768e-01
5.0034000000e+01	9.7516404374e-01
