5.4459000000e-06	4.3088400702e-03
5.6305000000e-06	4.4491367830e-03
5.8214000000e-06	4.5942000956e-03
6.0187000000e-06	4.7438711134e-03
6.2227000000e-06	4.8983087231e-03
6.4336000000e-06	5.0579895931e-03
6.6517000000e-06	5.2227548282e-03
6.8771000000e-06	5.3929222162e-03
7.1102000000e-06	5.5686506248e-03
7.3512000000e-06	5.7500989506e-03
7.6004000000e-06	5.9374260860e-03
7.8580000000e-06	6.1309498049e-03
8.1244000000e-06	6.3306700980e-03
8.3998000000e-06	6.5369048346e-03
8.6845000000e-06	6.7499716192e-03
8.9788000000e-06	6.9698707628e-03
9.2832000000e-06	7.1970783295e-03
9.5978000000e-06	7.4314258134e-03
9.9231000000e-06	7.6735682938e-03
1.0259000000e-05	7.9236553525e-03
1.0607000000e-05	8.1818456285e-03
1.0967000000e-05	8.4484579707e-03
1.1338000000e-05	8.7236491322e-03
1.1723000000e-05	9.0078968451e-03
1.2120000000e-05	9.3015190222e-03
1.2531000000e-05	9.6045286276e-03
1.2956000000e-05	9.9175353226e-03
1.3395000000e-05	1.0240551880e-02
1.3849000000e-05	1.0574214038e-02
1.4318000000e-05	1.0918839422e-02
1.4804000000e-05	1.1274586628e-02
1.5305000000e-05	1.1641932948e-02
1.5824000000e-05	1.2021179271e-02
1.6360000000e-05	1.2412835866e-02
1.6915000000e-05	1.2817361309e-02
1.7488000000e-05	1.3234933206e-02
1.8081000000e-05	1.3666152227e-02
1.8694000000e-05	1.4111512877e-02
1.9328000000e-05	1.4571331752e-02
1.9983000000e-05	1.5046086516e-02
2.0660000000e-05	1.5536232860e-02
2.1360000000e-05	1.6042785986e-02
2.2084000000e-05	1.6565525097e-02
2.2833000000e-05	1.7104154254e-02
2.3607000000e-05	1.7662205104e-02
2.4407000000e-05	1.8237389561e-02
2.5234000000e-05	1.8831640586e-02
2.6090000000e-05	1.9447503343e-02
2.6974000000e-05	2.0079892720e-02
2.7888000000e-05	2.0734582840e-02
2.8833000000e-05	2.1409937259e-02
2.9811000000e-05	2.2107504466e-02
3.0821000000e-05	2.2828907762e-02
3.1866000000e-05	2.3572517657e-02
3.2946000000e-05	2.4340002305e-02
3.4063000000e-05	2.5132909209e-02
3.5217000000e-05	2.5951245253e-02
3.6411000000e-05	2.6798218241e-02
3.7645000000e-05	2.7670539851e-02
3.8921000000e-05	2.8570891241e-02
4.0240000000e-05	2.9502066341e-02
4.1604000000e-05	3.0463354527e-02
4.3014000000e-05	3.1454817687e-02
4.4472000000e-05	3.2479653318e-02
4.5980000000e-05	3.3537909038e-02
4.7538000000e-05	3.4629482353e-02
4.9150000000e-05	3.5759192998e-02
5.0816000000e-05	3.6923808857e-02
5.2538000000e-05	3.8126610022e-02
5.4319000000e-05	3.9369983849e-02
5.6160000000e-05	4.0652267672e-02
5.8063000000e-05	4.1975933134e-02
6.0032000000e-05	4.3346157583e-02
6.2066000000e-05	4.4758733952e-02
6.4170000000e-05	4.6214963274e-02
6.6345000000e-05	4.7721351886e-02
6.8594000000e-05	4.9272837655e-02
7.0919000000e-05	5.0877676911e-02
7.3323000000e-05	5.2537527080e-02
7.5808000000e-05	5.4249031369e-02
7.8377000000e-05	5.6018756637e-02
8.1034000000e-05	5.7841682144e-02
8.3781000000e-05	5.9726306516e-02
8.6621000000e-05	6.1669428178e-02
8.9557000000e-05	6.3678068781e-02
9.2592000000e-05	6.5753354002e-02
9.5730000000e-05	6.7895679343e-02
9.8975000000e-05	7.0109013941e-02
1.0233000000e-04	7.2389049741e-02
1.0580000000e-04	7.4745642810e-02
1.0938000000e-04	7.7185438072e-02
1.1309000000e-04	7.9699638559e-02
1.1693000000e-04	8.2288746501e-02
1.2089000000e-04	8.4973874111e-02
1.2499000000e-04	8.7740840887e-02
1.2922000000e-04	9.0593590472e-02
1.3360000000e-04	9.3547597698e-02
1.3813000000e-04	9.6589230578e-02
1.4281000000e-04	9.9739536180e-02
1.4765000000e-04	1.0298102342e-01
1.5266000000e-04	1.0633947354e-01
1.5783000000e-04	1.0979576629e-01
1.6318000000e-04	1.1337559370e-01
1.6871000000e-04	1.1706435190e-01
1.7443000000e-04	1.2087538986e-01
1.8034000000e-04	1.2480960734e-01
1.8646000000e-04	1.2887051769e-01
1.9278000000e-04	1.3306328223e-01
1.9931000000e-04	1.3739343740e-01
2.0607000000e-04	1.4186321435e-01
2.1305000000e-04	1.4647749126e-01
2.2027000000e-04	1.5124487225e-01
2.2774000000e-04	1.5616056602e-01
2.3546000000e-04	1.6125420561e-01
2.4344000000e-04	1.6647298413e-01
2.5169000000e-04	1.7190293523e-01
2.6022000000e-04	1.7747813888e-01
2.6904000000e-04	1.8325940850e-01
2.7816000000e-04	1.8920631449e-01
2.8759000000e-04	1.9535989714e-01
2.9734000000e-04	2.0170525451e-01
3.0742000000e-04	2.0825756765e-01
3.1784000000e-04	2.1502759980e-01
3.2861000000e-04	2.2200371957e-01
3.3975000000e-04	2.2921640655e-01
3.5126000000e-04	2.3664965337e-01
3.6317000000e-04	2.4431828612e-01
3.7548000000e-04	2.5224764352e-01
3.8821000000e-04	2.6042604441e-01
4.0136000000e-04	2.6887429635e-01
4.1497000000e-04	2.7759046558e-01
4.2903000000e-04	2.8657389502e-01
4.4358000000e-04	2.9585365272e-01
4.5861000000e-04	3.0542209570e-01
4.7416000000e-04	3.1531644924e-01
4.9023000000e-04	3.2551619707e-01
5.0684000000e-04	3.3602851499e-01
5.2402000000e-04	3.4689535469e-01
5.4179000000e-04	3.5808025108e-01
5.6015000000e-04	3.6964250726e-01
5.7914000000e-04	3.8157627878e-01
5.9877000000e-04	3.9388866308e-01
6.1906000000e-04	4.0656680864e-01
6.4004000000e-04	4.1965170518e-01
6.6174000000e-04	4.3314209594e-01
6.8417000000e-04	4.4706781665e-01
7.0736000000e-04	4.6143611079e-01
7.3133000000e-04	4.7625741395e-01
7.5612000000e-04	4.9152240584e-01
7.8175000000e-04	5.0725798142e-01
8.0825000000e-04	5.2353136269e-01
8.3564000000e-04	5.4023900792e-01
8.6397000000e-04	5.5749533990e-01
8.9325000000e-04	5.7528594712e-01
9.2353000000e-04	5.9361697541e-01
9.5483000000e-04	6.1250181156e-01
9.8720000000e-04	6.3200711929e-01
1.0207000000e-03	6.5205538667e-01
1.0553000000e-03	6.7271084424e-01
1.0910000000e-03	6.9401089885e-01
1.1280000000e-03	7.1598315134e-01
1.1662000000e-03	7.3853699420e-01
1.2058000000e-03	7.6180725208e-01
1.2466000000e-03	7.8575639911e-01
1.2889000000e-03	8.1042377186e-01
1.3326000000e-03	8.3579342762e-01
1.3777000000e-03	8.6194482355e-01
1.4244000000e-03	8.8885848750e-01
1.4727000000e-03	9.1648069504e-01
1.5226000000e-03	9.4493386072e-01
1.5743000000e-03	9.7420783439e-01
1.6276000000e-03	1.0043281642e+00
1.6828000000e-03	1.0352442704e+00
1.7398000000e-03	1.0670545730e+00
1.7988000000e-03	1.0997346352e+00
1.8598000000e-03	1.1333058116e+00
1.9228000000e-03	1.1678228292e+00
1.9880000000e-03	1.2032482968e+00
2.0554000000e-03	1.2395971053e+00
2.1250000000e-03	1.2768542963e+00
2.1970000000e-03	1.3151404792e+00
2.2715000000e-03	1.3543721165e+00
2.3485000000e-03	1.3946313284e+00
2.4281000000e-03	1.4359035604e+00
2.5104000000e-03	1.4782091805e+00
2.5955000000e-03	1.5214078435e+00
2.6835000000e-03	1.5657395240e+00
2.7744000000e-03	1.6110943244e+00
2.8685000000e-03	1.6575226824e+00
2.9657000000e-03	1.7049961288e+00
3.0662000000e-03	1.7532059422e+00
3.1702000000e-03	1.8029786451e+00
3.2776000000e-03	1.8534335684e+00
3.3887000000e-03	1.9047874007e+00
3.5036000000e-03	1.9572763824e+00
3.6223000000e-03	2.0108013951e+00
3.7451000000e-03	2.0652549814e+00
3.8720000000e-03	2.1206838846e+00
4.0033000000e-03	2.1770172562e+00
4.1390000000e-03	2.2341607314e+00
4.2793000000e-03	2.2921883430e+00
4.4243000000e-03	2.3510638168e+00
4.5743000000e-03	2.4107782167e+00
4.7293000000e-03	2.4712112933e+00
4.8896000000e-03	2.5323436427e+00
5.0554000000e-03	2.5940937833e+00
5.2267000000e-03	2.6565093140e+00
5.4039000000e-03	2.7194596246e+00
5.5870000000e-03	2.7829655619e+00
5.7764000000e-03	2.8470105178e+00
5.9722000000e-03	2.9114206618e+00
6.1746000000e-03	2.9760510947e+00
6.3839000000e-03	3.0413949038e+00
6.6003000000e-03	3.1065232095e+00
6.8240000000e-03	3.1721229110e+00
7.0553000000e-03	3.2375887423e+00
7.2945000000e-03	3.3032137922e+00
7.5417000000e-03	3.3686805461e+00
7.7973000000e-03	3.4338349765e+00
8.0616000000e-03	3.4982558430e+00
8.3349000000e-03	3.5624994544e+00
8.6174000000e-03	3.6258579858e+00
8.9095000000e-03	3.6884568981e+00
9.2115000000e-03	3.7500320351e+00
9.5237000000e-03	3.8104248296e+00
9.8465000000e-03	3.8694710521e+00
1.0180000000e-02	3.9270922665e+00
1.0525000000e-02	3.9826664395e+00
1.0882000000e-02	4.0363467510e+00
1.1251000000e-02	4.0882660240e+00
1.1632000000e-02	4.1376166043e+00
1.2027000000e-02	4.1845258073e+00
1.2434000000e-02	4.2287021923e+00
1.2856000000e-02	4.2698682354e+00
1.3291000000e-02	4.3083242455e+00
1.3742000000e-02	4.3429851268e+00
1.4208000000e-02	4.3744348832e+00
1.4689000000e-02	4.4023961263e+00
1.5187000000e-02	4.4262187640e+00
1.5702000000e-02	4.4462310380e+00
1.6234000000e-02	4.4617448879e+00
1.6784000000e-02	4.4729119215e+00
1.7353000000e-02	4.4797681053e+00
1.7941000000e-02	4.4814224058e+00
1.8550000000e-02	4.4783964286e+00
1.9178000000e-02	4.4697381877e+00
1.9828000000e-02	4.4557546621e+00
2.0500000000e-02	4.4366308067e+00
2.1195000000e-02	4.4120288557e+00
2.1914000000e-02	4.3814575409e+00
2.2657000000e-02	4.3451967822e+00
2.3424000000e-02	4.3038948366e+00
2.4218000000e-02	4.2563683501e+00
2.5039000000e-02	4.2033504527e+00
2.5888000000e-02	4.1453866302e+00
2.6766000000e-02	4.0814773199e+00
2.7673000000e-02	4.0130940705e+00
2.8611000000e-02	3.9400493929e+00
2.9580000000e-02	3.8623788322e+00
3.0583000000e-02	3.7807635919e+00
3.1620000000e-02	3.6955726019e+00
3.2691000000e-02	3.6074395786e+00
3.3800000000e-02	3.5167596599e+00
3.4945000000e-02	3.4240572220e+00
3.6130000000e-02	3.3299711314e+00
3.7354000000e-02	3.2353368157e+00
3.8620000000e-02	3.1405372307e+00
3.9929000000e-02	3.0462980580e+00
4.1283000000e-02	2.9533230216e+00
4.2682000000e-02	2.8619180836e+00
4.4129000000e-02	2.7729681687e+00
4.5625000000e-02	2.6868464270e+00
4.7171000000e-02	2.6037418361e+00
4.8770000000e-02	2.5241741783e+00
5.0423000000e-02	2.4480594268e+00
5.2132000000e-02	2.3756535493e+00
5.3899000000e-02	2.3067546099e+00
5.5726000000e-02	2.2410702413e+00
5.7615000000e-02	2.1782319386e+00
5.9568000000e-02	2.1176858704e+00
6.1587000000e-02	2.0588614038e+00
6.3674000000e-02	2.0008436203e+00
6.5833000000e-02	1.9430002067e+00
6.8064000000e-02	1.8843864769e+00
7.0371000000e-02	1.8242550187e+00
7.2756000000e-02	1.7619851464e+00
7.5222000000e-02	1.6972300018e+00
7.7772000000e-02	1.6297104428e+00
8.0408000000e-02	1.5596503607e+00
8.3134000000e-02	1.4876597222e+00
8.5951000000e-02	1.4144843133e+00
8.8865000000e-02	1.3413307976e+00
9.1877000000e-02	1.2694550355e+00
9.4991000000e-02	1.2003445651e+00
9.8211000000e-02	1.1353361880e+00
1.0154000000e-01	1.0754494071e+00
1.0498000000e-01	1.0213072683e+00
1.0854000000e-01	9.7332520392e-01
1.1222000000e-01	9.3096971708e-01
1.1602000000e-01	8.9341538211e-01
1.1995000000e-01	8.5922892754e-01
1.2402000000e-01	8.2679244831e-01
1.2822000000e-01	7.9434742050e-01
1.3257000000e-01	7.6035500147e-01
1.3706000000e-01	7.2388105064e-01
1.4171000000e-01	6.8482847416e-01
1.4651000000e-01	6.4397952696e-01
1.5148000000e-01	6.0290311260e-01
1.5661000000e-01	5.6352208446e-01
1.6192000000e-01	5.2747099071e-01
1.6741000000e-01	4.9606949220e-01
1.7308000000e-01	4.6942848175e-01
1.7895000000e-01	4.4692116975e-01
1.8502000000e-01	4.2689390474e-01
1.9129000000e-01	4.0737883772e-01
1.9777000000e-01	3.8687976402e-01
2.0448000000e-01	3.6456953242e-01
2.1141000000e-01	3.4104600916e-01
2.1857000000e-01	3.1766419402e-01
2.2598000000e-01	2.9616175792e-01
2.3364000000e-01	2.7756543559e-01
2.4156000000e-01	2.6192440689e-01
2.4975000000e-01	2.4826581353e-01
2.5821000000e-01	2.3507384597e-01
2.6696000000e-01	2.2131283291e-01
2.7601000000e-01	2.0687049951e-01
2.8537000000e-01	1.9263798358e-01
2.9504000000e-01	1.7968493835e-01
3.0504000000e-01	1.6848742154e-01
3.1538000000e-01	1.5863231702e-01
3.2607000000e-01	1.4923471055e-01
3.3712000000e-01	1.3970684498e-01
3.4855000000e-01	1.3021936482e-01
3.6036000000e-01	1.2137481084e-01
3.7258000000e-01	1.1350558405e-01
3.8521000000e-01	1.0638015079e-01
3.9826000000e-01	9.9530417144e-02
4.1176000000e-01	9.2815578804e-02
4.2572000000e-01	8.6471111705e-02
4.4015000000e-01	8.0689807526e-02
4.5507000000e-01	7.5369457175e-02
4.7049000000e-01	7.0297127704e-02
4.8644000000e-01	6.5464655934e-02
5.0293000000e-01	6.0977284970e-02
5.1998000000e-01	5.6830943403e-02
5.3760000000e-01	5.2929496377e-02
5.5582000000e-01	4.9251261170e-02
5.7466000000e-01	4.5825644636e-02
5.9414000000e-01	4.2640705049e-02
6.1428000000e-01	3.9652012280e-02
6.3510000000e-01	3.6858917526e-02
6.5663000000e-01	3.4259760429e-02
6.7888000000e-01	3.1833208484e-02
7.0189000000e-01	2.9565185933e-02
7.2568000000e-01	2.7456876703e-02
7.5028000000e-01	2.5488204457e-02
7.7571000000e-01	2.3654395423e-02
8.0201000000e-01	2.1948334000e-02
8.2919000000e-01	2.0358879478e-02
8.5729000000e-01	1.8877927986e-02
8.8635000000e-01	1.7501000579e-02
9.1640000000e-01	1.6222335017e-02
9.4746000000e-01	1.5031108951e-02
9.7957000000e-01	1.3924330158e-02
1.0128000000e+00	1.2896188830e-02
1.0471000000e+00	1.1941314542e-02
1.0826000000e+00	1.1054450961e-02
1.1193000000e+00	1.0230691231e-02
1.1572000000e+00	9.4664335152e-03
1.1965000000e+00	8.7573013036e-03
1.2370000000e+00	8.0993960422e-03
1.2789000000e+00	7.4894140979e-03
1.3223000000e+00	6.9237443128e-03
1.3671000000e+00	6.3995975041e-03
1.4134000000e+00	5.9134807882e-03
1.4613000000e+00	5.4635510689e-03
1.5109000000e+00	5.0468558030e-03
1.5621000000e+00	4.6610040900e-03
1.6150000000e+00	4.3035638021e-03
1.6698000000e+00	3.9728902966e-03
1.7264000000e+00	3.6670665228e-03
1.7849000000e+00	3.3838578190e-03
1.8454000000e+00	3.1221586182e-03
1.9079000000e+00	2.8801219621e-03
1.9726000000e+00	2.6564555615e-03
2.0395000000e+00	2.4495027293e-03
2.1086000000e+00	2.2583669898e-03
2.1801000000e+00	2.0819197482e-03
2.2540000000e+00	1.9188656984e-03
2.3304000000e+00	1.7683010084e-03
2.4094000000e+00	1.6291592250e-03
2.4910000000e+00	1.5009006855e-03
2.5755000000e+00	1.3824168306e-03
2.6628000000e+00	1.2730623365e-03
2.7530000000e+00	1.1721617324e-03
2.8463000000e+00	1.0791778451e-03
2.9428000000e+00	9.9339450631e-04
3.0425000000e+00	9.1434489090e-04
3.1457000000e+00	8.4136914363e-04
3.2523000000e+00	7.7410023474e-04
3.3625000000e+00	7.1213709726e-04
3.4765000000e+00	6.5506416607e-04
3.5943000000e+00	6.0242601884e-04
3.7162000000e+00	5.5399456621e-04
3.8421000000e+00	5.0937595384e-04
3.9724000000e+00	4.6826815594e-04
4.1070000000e+00	4.3045087194e-04
4.2462000000e+00	3.9561565171e-04
4.3901000000e+00	3.6356326784e-04
4.5389000000e+00	3.3405771883e-04
4.6928000000e+00	3.0692011113e-04
4.8518000000e+00	2.8193499245e-04
5.0163000000e+00	2.5896538715e-04
5.1863000000e+00	2.3783910228e-04
5.3621000000e+00	2.1839662672e-04
5.5439000000e+00	2.0053862591e-04
5.7318000000e+00	1.8410459708e-04
5.9261000000e+00	1.6900227747e-04
6.1269000000e+00	1.5512136267e-04
6.3346000000e+00	1.4236759574e-04
6.5493000000e+00	1.3064714664e-04
6.7713000000e+00	1.1987726027e-04
7.0008000000e+00	1.0998554602e-04
7.2381000000e+00	1.0089281518e-04
7.4834000000e+00	9.2553112088e-05
7.7371000000e+00	8.4885552418e-05
7.9994000000e+00	7.7849825618e-05
8.2705000000e+00	7.1383271398e-05
8.5508000000e+00	6.5453370430e-05
8.8406000000e+00	6.0008390125e-05
9.1403000000e+00	5.5011014117e-05
9.4501000000e+00	5.0427502113e-05
9.7704000000e+00	4.6220776457e-05
1.0102000000e+01	4.2357121157e-05
1.0444000000e+01	3.8813090509e-05
1.0798000000e+01	3.5566372955e-05
1.1164000000e+01	3.2588465757e-05
1.1542000000e+01	2.9853426267e-05
1.1934000000e+01	2.7346244442e-05
1.2338000000e+01	2.5047780130e-05
1.2756000000e+01	2.2942584300e-05
1.3189000000e+01	2.1009322996e-05
1.3636000000e+01	1.9240027403e-05
1.4098000000e+01	1.7615866263e-05
1.4576000000e+01	1.6129532446e-05
1.5070000000e+01	1.4766885102e-05
1.5581000000e+01	1.3518007477e-05
1.6109000000e+01	1.2373730633e-05
1.6655000000e+01	1.1325625477e-05
1.7219000000e+01	1.0365251658e-05
1.7803000000e+01	9.4855854608e-06
1.8406000000e+01	8.6799759286e-06
1.9030000000e+01	7.9423200688e-06
1.9675000000e+01	7.2666225408e-06
2.0342000000e+01	6.6479644681e-06
2.1032000000e+01	6.0816300630e-06
2.1744000000e+01	5.5628185613e-06
2.2482000000e+01	5.0881850685e-06
2.3244000000e+01	4.6535213990e-06
2.4031000000e+01	4.2557911971e-06
2.4846000000e+01	3.8917330343e-06
2.5688000000e+01	3.5587521035e-06
2.6559000000e+01	3.2538682031e-06
2.7459000000e+01	2.9748502258e-06
2.8390000000e+01	2.7196460736e-06
2.9352000000e+01	2.4861580721e-06
3.0347000000e+01	2.2727011137e-06
3.1375000000e+01	2.0771811090e-06
3.2439000000e+01	1.8984036428e-06
3.3538000000e+01	1.7349610747e-06
3.4675000000e+01	1.5855639931e-06
3.5851000000e+01	1.4488642688e-06
3.7066000000e+01	1.3238635575e-06
3.8322000000e+01	1.2095174291e-06
3.9621000000e+01	1.1049628849e-06
4.0964000000e+01	1.0095035032e-06
4.2352000000e+01	9.2207187977e-07
4.3788000000e+01	8.4223650578e-07
4.5272000000e+01	7.6929910681e-07
4.6807000000e+01	7.0260650355e-07
4.8393000000e+01	6.4161222117e-07
5.0034000000e+01	5.8595025515e-07
