5.4459000000e-06	9.9410639961e+00
5.6305000000e-06	1.0264747017e+01
5.8214000000e-06	1.0599427199e+01
6.0187000000e-06	1.0944737967e+01
6.2227000000e-06	1.1301045894e+01
6.4336000000e-06	1.1669450698e+01
6.6517000000e-06	1.2049585805e+01
6.8771000000e-06	1.2442184362e+01
7.1102000000e-06	1.2847612937e+01
7.3512000000e-06	1.3266238106e+01
7.6004000000e-06	1.3698426440e+01
7.8580000000e-06	1.4144911084e+01
8.1244000000e-06	1.4605692037e+01
8.3998000000e-06	1.5081502367e+01
8.6845000000e-06	1.5573075369e+01
8.9788000000e-06	1.6080411058e+01
9.2832000000e-06	1.6604608806e+01
9.5978000000e-06	1.7145300697e+01
9.9231000000e-06	1.7703956239e+01
1.0259000000e-05	1.8280940478e+01
1.0607000000e-05	1.8876619891e+01
1.0967000000e-05	1.9491727825e+01
1.1338000000e-05	2.0126630457e+01
1.1723000000e-05	2.0782427702e+01
1.2120000000e-05	2.1459852595e+01
1.2531000000e-05	2.2158907842e+01
1.2956000000e-05	2.2881054734e+01
1.3395000000e-05	2.3626295673e+01
1.3849000000e-05	2.4396096827e+01
1.4318000000e-05	2.5191191463e+01
1.4804000000e-05	2.6011946429e+01
1.5305000000e-05	2.6859460909e+01
1.5824000000e-05	2.7734465591e+01
1.6360000000e-05	2.8638065837e+01
1.6915000000e-05	2.9571358137e+01
1.7488000000e-05	3.0534712812e+01
1.8081000000e-05	3.1529589562e+01
1.8694000000e-05	3.2557091259e+01
1.9328000000e-05	3.3617951079e+01
1.9983000000e-05	3.4713268377e+01
2.0660000000e-05	3.5844139872e+01
2.1360000000e-05	3.7012775709e+01
2.2084000000e-05	3.8218797921e+01
2.2833000000e-05	3.9461478423e+01
2.3607000000e-05	4.0747818944e+01
2.4407000000e-05	4.2074800123e+01
2.5234000000e-05	4.3445769351e+01
2.6090000000e-05	4.4864749438e+01
2.6974000000e-05	4.6323702332e+01
2.7888000000e-05	4.7833985451e+01
2.8833000000e-05	4.9391896701e+01
2.9811000000e-05	5.1001148679e+01
3.0821000000e-05	5.2665386730e+01
3.1866000000e-05	5.4380968149e+01
3.2946000000e-05	5.6151513821e+01
3.4063000000e-05	5.7980711155e+01
3.5217000000e-05	5.9868560561e+01
3.6411000000e-05	6.1822399750e+01
3.7645000000e-05	6.3834877262e+01
3.8921000000e-05	6.5913910688e+01
4.0240000000e-05	6.8062052912e+01
4.1604000000e-05	7.0279831041e+01
4.3014000000e-05	7.2570317384e+01
4.4472000000e-05	7.4934714222e+01
4.5980000000e-05	7.7376101160e+01
4.7538000000e-05	7.9894460702e+01
4.9150000000e-05	8.2500798143e+01
5.0816000000e-05	8.5187772853e+01
5.2538000000e-05	8.7962733615e+01
5.4319000000e-05	9.0828618260e+01
5.6160000000e-05	9.3786847144e+01
5.8063000000e-05	9.6840342888e+01
6.0032000000e-05	9.9997313786e+01
6.2066000000e-05	1.0325619920e+02
6.4170000000e-05	1.0661861360e+02
6.6345000000e-05	1.1009376991e+02
6.8594000000e-05	1.1367794324e+02
7.0919000000e-05	1.1738035174e+02
7.3323000000e-05	1.2120641004e+02
7.5808000000e-05	1.2515435414e+02
7.8377000000e-05	1.2923167003e+02
8.1034000000e-05	1.3344115955e+02
8.3781000000e-05	1.3778879169e+02
8.6621000000e-05	1.4227339271e+02
8.9557000000e-05	1.4690682959e+02
9.2592000000e-05	1.5169428524e+02
9.5730000000e-05	1.5663463147e+02
9.8975000000e-05	1.6173620414e+02
1.0233000000e-04	1.6700247758e+02
1.0580000000e-04	1.7244394032e+02
1.0938000000e-04	1.7805991546e+02
1.1309000000e-04	1.8385923199e+02
1.1693000000e-04	1.8984551443e+02
1.2089000000e-04	1.9602605053e+02
1.2499000000e-04	2.0240825372e+02
1.2922000000e-04	2.0899777413e+02
1.3360000000e-04	2.1580318906e+02
1.3813000000e-04	2.2282886467e+02
1.4281000000e-04	2.3008526615e+02
1.4765000000e-04	2.3757272531e+02
1.5266000000e-04	2.4530983758e+02
1.5783000000e-04	2.5329189660e+02
1.6318000000e-04	2.6153862361e+02
1.6871000000e-04	2.7004720564e+02
1.7443000000e-04	2.7883806016e+02
1.8034000000e-04	2.8791142739e+02
1.8646000000e-04	2.9727793393e+02
1.9278000000e-04	3.0694872955e+02
1.9931000000e-04	3.1693476802e+02
2.0607000000e-04	3.2724338587e+02
2.1305000000e-04	3.3788597471e+02
2.2027000000e-04	3.4887029920e+02
2.2774000000e-04	3.6021598277e+02
2.3546000000e-04	3.7193639917e+02
2.4344000000e-04	3.8399776146e+02
2.5169000000e-04	3.9650267745e+02
2.6022000000e-04	4.0936442862e+02
2.6904000000e-04	4.2267603569e+02
2.7816000000e-04	4.3638778634e+02
2.8759000000e-04	4.5057617255e+02
2.9734000000e-04	4.6520474963e+02
3.0742000000e-04	4.8031012317e+02
3.1784000000e-04	4.9589649243e+02
3.2861000000e-04	5.1198351349e+02
3.3975000000e-04	5.2860162833e+02
3.5126000000e-04	5.4571999500e+02
3.6317000000e-04	5.6339305706e+02
3.7548000000e-04	5.8164804742e+02
3.8821000000e-04	6.0049448333e+02
4.0136000000e-04	6.1993361534e+02
4.1497000000e-04	6.4003315623e+02
4.2903000000e-04	6.6070953709e+02
4.4358000000e-04	6.8208812952e+02
4.5861000000e-04	7.0412748731e+02
4.7416000000e-04	7.2686410319e+02
4.9023000000e-04	7.5032874141e+02
5.0684000000e-04	7.7453340244e+02
5.2402000000e-04	7.9951557438e+02
5.4179000000e-04	8.2526239563e+02
5.6015000000e-04	8.5184647193e+02
5.7914000000e-04	8.7924586327e+02
5.9877000000e-04	9.0753364248e+02
6.1906000000e-04	9.3669607291e+02
6.4004000000e-04	9.6674831830e+02
6.6174000000e-04	9.9773981494e+02
6.8417000000e-04	1.0297225257e+03
7.0736000000e-04	1.0626694177e+03
7.3133000000e-04	1.0966455715e+03
7.5612000000e-04	1.1316605153e+03
7.8175000000e-04	1.1677597577e+03
8.0825000000e-04	1.2049823506e+03
8.3564000000e-04	1.2432888669e+03
8.6397000000e-04	1.2827822439e+03
8.9325000000e-04	1.3234911670e+03
9.2353000000e-04	1.3654146527e+03
9.5483000000e-04	1.4085904088e+03
9.8720000000e-04	1.4530556353e+03
1.0207000000e-03	1.4988466763e+03
1.0553000000e-03	1.5460032733e+03
1.0910000000e-03	1.5945358104e+03
1.1280000000e-03	1.6444824198e+03
1.1662000000e-03	1.6958802842e+03
1.2058000000e-03	1.7487557702e+03
1.2466000000e-03	1.8031453591e+03
1.2889000000e-03	1.8591239120e+03
1.3326000000e-03	1.9166555164e+03
1.3777000000e-03	1.9757784684e+03
1.4244000000e-03	2.0365649674e+03
1.4727000000e-03	2.0990556079e+03
1.5226000000e-03	2.1632145995e+03
1.5743000000e-03	2.2290959539e+03
1.6276000000e-03	2.2967942707e+03
1.6828000000e-03	2.3662360138e+03
1.7398000000e-03	2.4375179554e+03
1.7988000000e-03	2.5106570119e+03
1.8598000000e-03	2.5857282700e+03
1.9228000000e-03	2.6626234129e+03
1.9880000000e-03	2.7414542749e+03
2.0554000000e-03	2.8221606639e+03
2.1250000000e-03	2.9048656941e+03
2.1970000000e-03	2.9895498603e+03
2.2715000000e-03	3.0762061147e+03
2.3485000000e-03	3.1648069857e+03
2.4281000000e-03	3.2554344175e+03
2.5104000000e-03	3.3480685343e+03
2.5955000000e-03	3.4426907602e+03
2.6835000000e-03	3.5393904478e+03
2.7744000000e-03	3.6380154317e+03
2.8685000000e-03	3.7386887349e+03
2.9657000000e-03	3.8414212044e+03
3.0662000000e-03	3.9456581987e+03
3.1702000000e-03	4.0525702061e+03
3.2776000000e-03	4.1609167871e+03
3.3887000000e-03	4.2711366910e+03
3.5036000000e-03	4.3832635782e+03
3.6223000000e-03	4.4972640625e+03
3.7451000000e-03	4.6130974958e+03
3.8720000000e-03	4.7308451548e+03
4.0033000000e-03	4.8496930623e+03
4.1390000000e-03	4.9704598553e+03
4.2793000000e-03	5.0926952123e+03
4.4243000000e-03	5.2164490030e+03
4.5743000000e-03	5.3417249214e+03
4.7293000000e-03	5.4681079642e+03
4.8896000000e-03	5.5958094469e+03
5.0554000000e-03	5.7242173529e+03
5.2267000000e-03	5.8538116802e+03
5.4039000000e-03	5.9845439388e+03
5.5870000000e-03	6.1154208854e+03
5.7764000000e-03	6.2474523903e+03
5.9722000000e-03	6.3796478176e+03
6.1746000000e-03	6.5119521833e+03
6.3839000000e-03	6.6446809559e+03
6.6003000000e-03	6.7768986805e+03
6.8240000000e-03	6.9090347394e+03
7.0553000000e-03	7.0405875698e+03
7.2945000000e-03	7.1712499220e+03
7.5417000000e-03	7.3011110409e+03
7.7973000000e-03	7.4294782506e+03
8.0616000000e-03	7.5561896375e+03
8.3349000000e-03	7.6810151966e+03
8.6174000000e-03	7.8035014017e+03
8.9095000000e-03	7.9235605948e+03
9.2115000000e-03	8.0406174881e+03
9.5237000000e-03	8.1548127180e+03
9.8465000000e-03	8.2652311154e+03
1.0180000000e-02	8.3719679854e+03
1.0525000000e-02	8.4741781742e+03
1.0882000000e-02	8.5720244730e+03
1.1251000000e-02	8.6646634968e+03
1.1632000000e-02	8.7516223015e+03
1.2027000000e-02	8.8330830160e+03
1.2434000000e-02	8.9077334062e+03
1.2856000000e-02	8.9754790287e+03
1.3291000000e-02	9.0360600683e+03
1.3742000000e-02	9.0889956944e+03
1.4208000000e-02	9.1338073551e+03
1.4689000000e-02	9.1697930005e+03
1.5187000000e-02	9.1969757855e+03
1.5702000000e-02	9.2143593506e+03
1.6234000000e-02	9.2216948611e+03
1.6784000000e-02	9.2187086927e+03
1.7353000000e-02	9.2046240704e+03
1.7941000000e-02	9.1794756628e+03
1.8550000000e-02	9.1431237193e+03
1.9178000000e-02	9.0949597040e+03
1.9828000000e-02	9.0346154327e+03
2.0500000000e-02	8.9623531199e+03
2.1195000000e-02	8.8780346192e+03
2.1914000000e-02	8.7815454784e+03
2.2657000000e-02	8.6730217066e+03
2.3424000000e-02	8.5528969047e+03
2.4218000000e-02	8.4206401039e+03
2.5039000000e-02	8.2777812584e+03
2.5888000000e-02	8.1242562656e+03
2.6766000000e-02	7.9604937009e+03
2.7673000000e-02	7.7879337698e+03
2.8611000000e-02	7.6072306837e+03
2.9580000000e-02	7.4191633115e+03
3.0583000000e-02	7.2252534743e+03
3.1620000000e-02	7.0266740732e+03
3.2691000000e-02	6.8250036919e+03
3.3800000000e-02	6.6214282560e+03
3.4945000000e-02	6.4174675163e+03
3.6130000000e-02	6.2146201246e+03
3.7354000000e-02	6.0147773929e+03
3.8620000000e-02	5.8191131516e+03
3.9929000000e-02	5.6291426379e+03
4.1283000000e-02	5.4464280801e+03
4.2682000000e-02	5.2716229356e+03
4.4129000000e-02	5.1062639053e+03
4.5625000000e-02	4.9510648007e+03
4.7171000000e-02	4.8060398730e+03
4.8770000000e-02	4.6718733217e+03
5.0423000000e-02	4.5480833268e+03
5.2132000000e-02	4.4342552107e+03
5.3899000000e-02	4.3295609185e+03
5.5726000000e-02	4.2324154408e+03
5.7615000000e-02	4.1411195057e+03
5.9568000000e-02	4.0533614304e+03
6.1587000000e-02	3.9670812838e+03
6.3674000000e-02	3.8791362177e+03
6.5833000000e-02	3.7871262724e+03
6.8064000000e-02	3.6881862026e+03
7.0371000000e-02	3.5800918349e+03
7.2756000000e-02	3.4612016350e+03
7.5222000000e-02	3.3306583838e+03
7.7772000000e-02	3.1885616141e+03
8.0408000000e-02	3.0363949075e+03
8.3134000000e-02	2.8765534332e+03
8.5951000000e-02	2.7126577695e+03
8.8865000000e-02	2.5490366584e+03
9.1877000000e-02	2.3903836129e+03
9.4991000000e-02	2.2412748277e+03
9.8211000000e-02	2.1057808237e+03
1.0154000000e-01	1.9867770269e+03
1.0498000000e-01	1.8858515780e+03
1.0854000000e-01	1.8028541721e+03
1.1222000000e-01	1.7359519836e+03
1.1602000000e-01	1.6814717090e+03
1.1995000000e-01	1.6344250842e+03
1.2402000000e-01	1.5888570339e+03
1.2822000000e-01	1.5389549245e+03
1.3257000000e-01	1.4798405649e+03
1.3706000000e-01	1.4090552729e+03
1.4171000000e-01	1.3270939677e+03
1.4651000000e-01	1.2375473135e+03
1.5148000000e-01	1.1463898703e+03
1.5661000000e-01	1.0603645772e+03
1.6192000000e-01	9.8521994488e+02
1.6741000000e-01	9.2437829502e+02
1.7308000000e-01	8.7799970532e+02
1.7895000000e-01	8.4293297684e+02
1.8502000000e-01	8.1351909448e+02
1.9129000000e-01	7.8314949269e+02
1.9777000000e-01	7.4670759706e+02
2.0448000000e-01	7.0234854149e+02
2.1141000000e-01	6.5244891187e+02
2.1857000000e-01	6.0230458556e+02
2.2598000000e-01	5.5772389703e+02
2.3364000000e-01	5.2203195564e+02
2.4156000000e-01	4.9483935336e+02
2.4975000000e-01	4.7252351416e+02
2.5821000000e-01	4.5004127428e+02
2.6696000000e-01	4.2411569552e+02
2.7601000000e-01	3.9484237198e+02
2.8537000000e-01	3.6554323251e+02
2.9504000000e-01	3.3985033467e+02
3.0504000000e-01	3.1913742906e+02
3.1538000000e-01	3.0179621551e+02
3.2607000000e-01	2.8483217141e+02
3.3712000000e-01	2.6649266996e+02
3.4855000000e-01	2.4760814880e+02
3.6036000000e-01	2.3028002518e+02
3.7258000000e-01	2.1552894504e+02
3.8521000000e-01	2.0248042803e+02
3.9826000000e-01	1.8961364489e+02
4.1176000000e-01	1.7659143512e+02
4.2572000000e-01	1.6430020314e+02
4.4015000000e-01	1.5337667303e+02
4.5507000000e-01	1.4342500221e+02
4.7049000000e-01	1.3378367137e+02
4.8644000000e-01	1.2448804876e+02
5.0293000000e-01	1.1593967030e+02
5.1998000000e-01	1.0811277605e+02
5.3760000000e-01	1.0069849645e+02
5.5582000000e-01	9.3669296891e+01
5.7466000000e-01	8.7156277042e+01
5.9414000000e-01	8.1113976673e+01
6.1428000000e-01	7.5425220230e+01
6.3510000000e-01	7.0106793597e+01
6.5663000000e-01	6.5165570172e+01
6.7888000000e-01	6.0550920112e+01
7.0189000000e-01	5.6237102530e+01
7.2568000000e-01	5.2226245308e+01
7.5028000000e-01	4.8483283189e+01
7.7571000000e-01	4.4993762394e+01
8.0201000000e-01	4.1749626674e+01
8.2919000000e-01	3.8725372714e+01
8.5729000000e-01	3.5910100261e+01
8.8635000000e-01	3.3291346388e+01
9.1640000000e-01	3.0856650369e+01
9.4746000000e-01	2.8591877513e+01
9.7957000000e-01	2.6487378652e+01
1.0128000000e+00	2.4531585069e+01
1.0471000000e+00	2.2715124312e+01
1.0826000000e+00	2.1028214192e+01
1.1193000000e+00	1.9461286415e+01
1.1572000000e+00	1.8007545465e+01
1.1965000000e+00	1.6658493475e+01
1.2370000000e+00	1.5407016497e+01
1.2789000000e+00	1.4246775357e+01
1.3223000000e+00	1.3170683770e+01
1.3671000000e+00	1.2173595773e+01
1.4134000000e+00	1.1249107087e+01
1.4613000000e+00	1.0393175914e+01
1.5109000000e+00	9.6005576901e+00
1.5621000000e+00	8.8664624599e+00
1.6150000000e+00	8.1866403687e+00
1.6698000000e+00	7.5575734794e+00
1.7264000000e+00	6.9757845032e+00
1.7849000000e+00	6.4371481362e+00
1.8454000000e+00	5.9391650952e+00
1.9079000000e+00	5.4787987332e+00
1.9726000000e+00	5.0534183371e+00
2.0395000000e+00	4.6597095131e+00
2.1086000000e+00	4.2961384720e+00
2.1801000000e+00	3.9605665572e+00
2.2540000000e+00	3.6502439837e+00
2.3304000000e+00	3.3637955923e+00
2.4094000000e+00	3.0992689171e+00
2.4910000000e+00	2.8551171627e+00
2.5755000000e+00	2.6297395483e+00
2.6628000000e+00	2.4218007309e+00
2.7530000000e+00	2.2299142007e+00
2.8463000000e+00	2.0529660538e+00
2.9428000000e+00	1.8897391776e+00
3.0425000000e+00	1.7392681772e+00
3.1457000000e+00	1.6005185124e+00
3.2523000000e+00	1.4726011211e+00
3.3625000000e+00	1.3547456277e+00
3.4765000000e+00	1.2461356099e+00
3.5943000000e+00	1.1460763268e+00
3.7162000000e+00	1.0538944609e+00
3.8421000000e+00	9.6900893909e-01
3.9724000000e+00	8.9082381845e-01
4.1070000000e+00	8.1886141595e-01
4.2462000000e+00	7.5259844321e-01
4.3901000000e+00	6.9162280365e-01
4.5389000000e+00	6.3549170029e-01
4.6928000000e+00	5.8386383219e-01
4.8518000000e+00	5.3633499490e-01
5.0163000000e+00	4.9264369221e-01
5.1863000000e+00	4.5245324709e-01
5.3621000000e+00	4.1546545857e-01
5.5439000000e+00	3.8149394492e-01
5.7318000000e+00	3.5023164304e-01
5.9261000000e+00	3.2150334090e-01
6.1269000000e+00	2.9509777472e-01
6.3346000000e+00	2.7083096056e-01
6.5493000000e+00	2.4853392190e-01
6.7713000000e+00	2.2804760878e-01
7.0008000000e+00	2.0922641424e-01
7.2381000000e+00	1.9193529908e-01
7.4834000000e+00	1.7606122633e-01
7.7371000000e+00	1.6147704417e-01
7.9994000000e+00	1.4809168851e-01
8.2705000000e+00	1.3579491474e-01
8.5508000000e+00	1.2451261555e-01
8.8406000000e+00	1.1415439572e-01
9.1403000000e+00	1.0464788189e-01
9.4501000000e+00	9.5924574728e-02
9.7704000000e+00	8.7920331045e-02
1.0102000000e+01	8.0574155022e-02
1.0444000000e+01	7.3835911585e-02
1.0798000000e+01	6.7656947106e-02
1.1164000000e+01	6.1988361251e-02
1.1542000000e+01	5.6787927528e-02
1.1934000000e+01	5.2019999778e-02
1.2338000000e+01	4.7647113401e-02
1.2756000000e+01	4.3639617240e-02
1.3189000000e+01	3.9966206383e-02
1.3636000000e+01	3.6597584204e-02
1.4098000000e+01	3.3510122968e-02
1.4576000000e+01	3.0680937065e-02
1.5070000000e+01	2.8088490011e-02
1.5581000000e+01	2.5712852776e-02
1.6109000000e+01	2.3536031650e-02
1.6655000000e+01	2.1542187689e-02
1.7219000000e+01	1.9715148831e-02
1.7803000000e+01	1.8041917937e-02
1.8406000000e+01	1.6509578817e-02
1.9030000000e+01	1.5106063176e-02
1.9675000000e+01	1.3820654322e-02
2.0342000000e+01	1.2643986473e-02
2.1032000000e+01	1.1566444205e-02
2.1744000000e+01	1.0579751656e-02
2.2482000000e+01	9.6768258551e-03
2.3244000000e+01	8.8499096074e-03
2.4031000000e+01	8.0934139960e-03
2.4846000000e+01	7.4009989024e-03
2.5688000000e+01	6.7674100632e-03
2.6559000000e+01	6.1874608836e-03
2.7459000000e+01	5.6566832820e-03
2.8390000000e+01	5.1713137171e-03
2.9352000000e+01	4.7270259237e-03
3.0347000000e+01	4.3210377574e-03
3.1375000000e+01	3.9492490623e-03
3.2439000000e+01	3.6092685040e-03
3.3538000000e+01	3.2983479604e-03
3.4675000000e+01	3.0140419529e-03
3.5851000000e+01	2.7540529325e-03
3.7066000000e+01	2.5162540057e-03
3.8322000000e+01	2.2988732538e-03
3.9621000000e+01	2.1000794479e-03
4.0964000000e+01	1.9183998527e-03
4.2352000000e+01	1.7522618693e-03
4.3788000000e+01	1.6004122108e-03
4.5272000000e+01	1.4616429785e-03
4.6807000000e+01	1.3348220763e-03
4.8393000000e+01	1.2188702943e-03
5.0034000000e+01	1.1129562367e-03
