1.0534812274e-05	9.9994746275e-01	9.9994746192e-01	0.0000000000e+00	0.0000000000e+00	1.0046255578e+00	1.0000000000e+00	
1.0780199575e-05	9.9994746408e-01	9.9994746321e-01	0.0000000000e+00	0.0000000000e+00	1.0046254413e+00	1.0000000000e+00	
1.1031302680e-05	9.9994746547e-01	9.9994746456e-01	0.0000000000e+00	0.0000000000e+00	1.0046253193e+00	1.0000000000e+00	
1.1288254728e-05	9.9994746693e-01	9.9994746597e-01	0.0000000000e+00	0.0000000000e+00	1.0046251915e+00	1.0000000000e+00	
1.1551191959e-05	9.9994746845e-01	9.9994746745e-01	0.0000000000e+00	0.0000000000e+00	1.0046250577e+00	1.0000000000e+00	
1.1820253784e-05	9.9994747005e-01	9.9994746900e-01	0.0000000000e+00	0.0000000000e+00	1.0046249176e+00	1.0000000000e+00	
1.2095582864e-05	9.9994747172e-01	9.9994747063e-01	0.0000000000e+00	0.0000000000e+00	1.0046247710e+00	1.0000000000e+00	
1.2377325182e-05	9.9994747348e-01	9.9994747233e-01	0.0000000000e+00	0.0000000000e+00	1.0046246174e+00	1.0000000000e+00	
1.2665630122e-05	9.9994747531e-01	9.9994747411e-01	0.0000000000e+00	0.0000000000e+00	1.0046244565e+00	1.0000000000e+00	
1.2960650547e-05	9.9994747723e-01	9.9994747598e-01	0.0000000000e+00	0.0000000000e+00	1.0046242881e+00	1.0000000000e+00	
1.3262542880e-05	9.9994747925e-01	9.9994747793e-01	0.0000000000e+00	0.0000000000e+00	1.0046241117e+00	1.0000000000e+00	
1.3571467189e-05	9.9994748135e-01	9.9994747997e-01	0.0000000000e+00	0.0000000000e+00	1.0046239271e+00	1.0000000000e+00	
1.3887587269e-05	9.9994748356e-01	9.9994748212e-01	0.0000000000e+00	0.0000000000e+00	1.0046237337e+00	1.0000000000e+00	
1.4211070732e-05	9.9994748587e-01	9.9994748436e-01	0.0000000000e+00	0.0000000000e+00	1.0046235312e+00	1.0000000000e+00	
1.4542089093e-05	9.9994748829e-01	9.9994748671e-01	0.0000000000e+00	0.0000000000e+00	1.0046233192e+00	1.0000000000e+00	
1.4880817862e-05	9.9994749082e-01	9.9994748916e-01	0.0000000000e+00	0.0000000000e+00	1.0046230972e+00	1.0000000000e+00	
1.5227436638e-05	9.9994749347e-01	9.9994749174e-01	0.0000000000e+00	0.0000000000e+00	1.0046228647e+00	1.0000000000e+00	
1.5582129202e-05	9.9994749625e-01	9.9994749444e-01	0.0000000000e+00	0.0000000000e+00	1.0046226213e+00	1.0000000000e+00	
1.5945083617e-05	9.9994749916e-01	9.9994749726e-01	0.0000000000e+00	0.0000000000e+00	1.0046223664e+00	1.0000000000e+00	
1.6316492327e-05	9.9994750221e-01	9.9994750021e-01	0.0000000000e+00	0.0000000000e+00	1.0046220994e+00	1.0000000000e+00	
1.6696552257e-05	9.9994750540e-01	9.9994750331e-01	0.0000000000e+00	0.0000000000e+00	1.0046218199e+00	1.0000000000e+00	
1.7085464919e-05	9.9994750874e-01	9.9994750655e-01	0.0000000000e+00	0.0000000000e+00	1.0046215273e+00	1.0000000000e+00	
1.7483436522e-05	9.9994751223e-01	9.9994750994e-01	0.0000000000e+00	0.0000000000e+00	1.0046212208e+00	1.0000000000e+00	
1.7890678074e-05	9.9994751589e-01	9.9994751350e-01	0.0000000000e+00	0.0000000000e+00	1.0046208999e+00	1.0000000000e+00	
1.8307405500e-05	9.9994751973e-01	9.9994751722e-01	0.0000000000e+00	0.0000000000e+00	1.0046205638e+00	1.0000000000e+00	
1.8733839755e-05	9.9994752374e-01	9.9994752112e-01	0.0000000000e+00	0.0000000000e+00	1.0046202120e+00	1.0000000000e+00	
1.9170206940e-05	9.9994752795e-01	9.9994752520e-01	0.0000000000e+00	0.0000000000e+00	1.0046198435e+00	1.0000000000e+00	
1.9616738422e-05	9.9994753235e-01	9.9994752947e-01	0.0000000000e+00	0.0000000000e+00	1.0046194577e+00	1.0000000000e+00	
2.0073670959e-05	9.9994753696e-01	9.9994753394e-01	0.0000000000e+00	0.0000000000e+00	1.0046190537e+00	1.0000000000e+00	
2.0541246822e-05	9.9994754179e-01	9.9994753863e-01	0.0000000000e+00	0.0000000000e+00	1.0046186307e+00	1.0000000000e+00	
2.1019713925e-05	9.9994754684e-01	9.9994754353e-01	0.0000000000e+00	0.0000000000e+00	1.0046181877e+00	1.0000000000e+00	
2.1509325959e-05	9.9994755213e-01	9.9994754867e-01	0.0000000000e+00	0.0000000000e+00	1.0046177239e+00	1.0000000000e+00	
2.2010342523e-05	9.9994755767e-01	9.9994755405e-01	0.0000000000e+00	0.0000000000e+00	1.0046172381e+00	1.0000000000e+00	
2.2523029261e-05	9.9994756348e-01	9.9994755968e-01	0.0000000000e+00	0.0000000000e+00	1.0046167296e+00	1.0000000000e+00	
2.3047658008e-05	9.9994756955e-01	9.9994756558e-01	0.0000000000e+00	0.0000000000e+00	1.0046161970e+00	1.0000000000e+00	
2.3584506928e-05	9.9994757592e-01	9.9994757176e-01	0.0000000000e+00	0.0000000000e+00	1.0046156393e+00	1.0000000000e+00	
2.4133860666e-05	9.9994758258e-01	9.9994757822e-01	0.0000000000e+00	0.0000000000e+00	1.0046150554e+00	1.0000000000e+00	
2.4696010496e-05	9.9994758956e-01	9.9994758499e-01	0.0000000000e+00	0.0000000000e+00	1.0046144439e+00	1.0000000000e+00	
2.5271254478e-05	9.9994759686e-01	9.9994759208e-01	0.0000000000e+00	0.0000000000e+00	1.0046138036e+00	1.0000000000e+00	
2.5859897614e-05	9.9994760451e-01	9.9994759951e-01	0.0000000000e+00	0.0000000000e+00	1.0046131332e+00	1.0000000000e+00	
2.6462252009e-05	9.9994761252e-01	9.9994760728e-01	0.0000000000e+00	0.0000000000e+00	1.0046124312e+00	1.0000000000e+00	
2.7078637041e-05	9.9994762091e-01	9.9994761542e-01	0.0000000000e+00	0.0000000000e+00	1.0046116960e+00	1.0000000000e+00	
2.7709379524e-05	9.9994762970e-01	9.9994762395e-01	0.0000000000e+00	0.0000000000e+00	1.0046109263e+00	1.0000000000e+00	
2.8354813888e-05	9.9994763889e-01	9.9994763288e-01	0.0000000000e+00	0.0000000000e+00	1.0046101202e+00	1.0000000000e+00	
2.9015282349e-05	9.9994764852e-01	9.9994764222e-01	0.0000000000e+00	0.0000000000e+00	1.0046092762e+00	1.0000000000e+00	
2.9691135097e-05	9.9994765861e-01	9.9994765201e-01	0.0000000000e+00	0.0000000000e+00	1.0046083924e+00	1.0000000000e+00	
3.0382730477e-05	9.9994766917e-01	9.9994766226e-01	0.0000000000e+00	0.0000000000e+00	1.0046074669e+00	1.0000000000e+00	
3.1090435184e-05	9.9994768022e-01	9.9994767299e-01	0.0000000000e+00	0.0000000000e+00	1.0046064979e+00	1.0000000000e+00	
3.1814624450e-05	9.9994769180e-01	9.9994768423e-01	0.0000000000e+00	0.0000000000e+00	1.0046054831e+00	1.0000000000e+00	
3.2555682252e-05	9.9994770393e-01	9.9994769600e-01	0.0000000000e+00	0.0000000000e+00	1.0046044206e+00	1.0000000000e+00	
3.3314001508e-05	9.9994771662e-01	9.9994770832e-01	0.0000000000e+00	0.0000000000e+00	1.0046033080e+00	1.0000000000e+00	
3.4089984288e-05	9.9994772992e-01	9.9994772122e-01	0.0000000000e+00	0.0000000000e+00	1.0046021429e+00	1.0000000000e+00	
3.4884042028e-05	9.9994774384e-01	9.9994773473e-01	0.0000000000e+00	0.0000000000e+00	1.0046009230e+00	1.0000000000e+00	
3.5696595750e-05	9.9994775841e-01	9.9994774888e-01	0.0000000000e+00	0.0000000000e+00	1.0045996455e+00	1.0000000000e+00	
3.6528076279e-05	9.9994777367e-01	9.9994776369e-01	0.0000000000e+00	0.0000000000e+00	1.0045983079e+00	1.0000000000e+00	
3.7378924478e-05	9.9994778966e-01	9.9994777920e-01	0.0000000000e+00	0.0000000000e+00	1.0045969073e+00	1.0000000000e+00	
3.8249591478e-05	9.9994780639e-01	9.9994779544e-01	0.0000000000e+00	0.0000000000e+00	1.0045954406e+00	1.0000000000e+00	
3.9140538917e-05	9.9994782391e-01	9.9994781245e-01	0.0000000000e+00	0.0000000000e+00	1.0045939048e+00	1.0000000000e+00	
4.0052239187e-05	9.9994784226e-01	9.9994783026e-01	0.0000000000e+00	0.0000000000e+00	1.0045922967e+00	1.0000000000e+00	
4.0985175686e-05	9.9994786148e-01	9.9994784891e-01	0.0000000000e+00	0.0000000000e+00	1.0045906128e+00	1.0000000000e+00	
4.1939843066e-05	9.9994788160e-01	9.9994786843e-01	0.0000000000e+00	0.0000000000e+00	1.0045888496e+00	1.0000000000e+00	
4.2916747507e-05	9.9994790266e-01	9.9994788888e-01	0.0000000000e+00	0.0000000000e+00	1.0045870032e+00	1.0000000000e+00	
4.3916406976e-05	9.9994792472e-01	9.9994791029e-01	0.0000000000e+00	0.0000000000e+00	1.0045850699e+00	1.0000000000e+00	
4.4939351504e-05	9.9994794782e-01	9.9994793271e-01	0.0000000000e+00	0.0000000000e+00	1.0045830455e+00	1.0000000000e+00	
4.5986123472e-05	9.9994797201e-01	9.9994795618e-01	0.0000000000e+00	0.0000000000e+00	1.0045809257e+00	1.0000000000e+00	
4.7057277891e-05	9.9994799734e-01	9.9994798077e-01	0.0000000000e+00	0.0000000000e+00	1.0045787060e+00	1.0000000000e+00	
4.8153382702e-05	9.9994802386e-01	9.9994800651e-01	0.0000000000e+00	0.0000000000e+00	1.0045763817e+00	1.0000000000e+00	
4.9275019073e-05	9.9994805163e-01	9.9994803346e-01	0.0000000000e+00	0.0000000000e+00	1.0045739479e+00	1.0000000000e+00	
5.0422781712e-05	9.9994808071e-01	9.9994806168e-01	0.0000000000e+00	0.0000000000e+00	1.0045713995e+00	1.0000000000e+00	
5.1597279177e-05	9.9994811115e-01	9.9994809123e-01	0.0000000000e+00	0.0000000000e+00	1.0045687309e+00	1.0000000000e+00	
5.2799134203e-05	9.9994814304e-01	9.9994812218e-01	0.0000000000e+00	0.0000000000e+00	1.0045659367e+00	1.0000000000e+00	
5.4028984028e-05	9.9994817642e-01	9.9994815458e-01	0.0000000000e+00	0.0000000000e+00	1.0045630108e+00	1.0000000000e+00	
5.5287480736e-05	9.9994821138e-01	9.9994818851e-01	0.0000000000e+00	0.0000000000e+00	1.0045599471e+00	1.0000000000e+00	
5.6575291598e-05	9.9994824799e-01	9.9994822403e-01	0.0000000000e+00	0.0000000000e+00	1.0045567390e+00	1.0000000000e+00	
5.7893099429e-05	9.9994828632e-01	9.9994826123e-01	0.0000000000e+00	0.0000000000e+00	1.0045533798e+00	1.0000000000e+00	
5.9241602947e-05	9.9994832645e-01	9.9994830019e-01	0.0000000000e+00	0.0000000000e+00	1.0045498623e+00	1.0000000000e+00	
6.0621517147e-05	9.9994836848e-01	9.9994834098e-01	0.0000000000e+00	0.0000000000e+00	1.0045461791e+00	1.0000000000e+00	
6.2033573678e-05	9.9994841248e-01	9.9994838369e-01	0.0000000000e+00	0.0000000000e+00	1.0045423224e+00	1.0000000000e+00	
6.3478521231e-05	9.9994845856e-01	9.9994842841e-01	0.0000000000e+00	0.0000000000e+00	1.0045382841e+00	1.0000000000e+00	
6.4957125936e-05	9.9994850681e-01	9.9994847524e-01	0.0000000000e+00	0.0000000000e+00	1.0045340555e+00	1.0000000000e+00	
6.6470171769e-05	9.9994855733e-01	9.9994852427e-01	0.0000000000e+00	0.0000000000e+00	1.0045296277e+00	1.0000000000e+00	
6.8018460967e-05	9.9994861024e-01	9.9994857561e-01	0.0000000000e+00	0.0000000000e+00	1.0045249913e+00	1.0000000000e+00	
6.9602814453e-05	9.9994866563e-01	9.9994862938e-01	0.0000000000e+00	0.0000000000e+00	1.0045201366e+00	1.0000000000e+00	
7.1224072273e-05	9.9994872363e-01	9.9994868567e-01	0.0000000000e+00	0.0000000000e+00	1.0045150532e+00	1.0000000000e+00	
7.2883094039e-05	9.9994878437e-01	9.9994874462e-01	0.0000000000e+00	0.0000000000e+00	1.0045097303e+00	1.0000000000e+00	
7.4580759385e-05	9.9994884796e-01	9.9994880634e-01	0.0000000000e+00	0.0000000000e+00	1.0045041568e+00	1.0000000000e+00	
7.6317968438e-05	9.9994891456e-01	9.9994887097e-01	0.0000000000e+00	0.0000000000e+00	1.0044983207e+00	1.0000000000e+00	
7.8095642288e-05	9.9994898428e-01	9.9994893864e-01	0.0000000000e+00	0.0000000000e+00	1.0044922098e+00	1.0000000000e+00	
7.9914723481e-05	9.9994905729e-01	9.9994900950e-01	0.0000000000e+00	0.0000000000e+00	1.0044858111e+00	1.0000000000e+00	
8.1776176518e-05	9.9994913374e-01	9.9994908370e-01	0.0000000000e+00	0.0000000000e+00	1.0044791110e+00	1.0000000000e+00	
8.3680988366e-05	9.9994921379e-01	9.9994916139e-01	0.0000000000e+00	0.0000000000e+00	1.0044720955e+00	1.0000000000e+00	
8.5630168982e-05	9.9994929761e-01	9.9994924274e-01	0.0000000000e+00	0.0000000000e+00	1.0044647495e+00	1.0000000000e+00	
8.7624751847e-05	9.9994938538e-01	9.9994932792e-01	0.0000000000e+00	0.0000000000e+00	1.0044570577e+00	1.0000000000e+00	
8.9665794516e-05	9.9994947728e-01	9.9994941711e-01	0.0000000000e+00	0.0000000000e+00	1.0044490036e+00	1.0000000000e+00	
9.1754379175e-05	9.9994957350e-01	9.9994951050e-01	0.0000000000e+00	0.0000000000e+00	1.0044405704e+00	1.0000000000e+00	
9.3891613221e-05	9.9994967426e-01	9.9994960829e-01	0.0000000000e+00	0.0000000000e+00	1.0044317401e+00	1.0000000000e+00	
9.6078629843e-05	9.9994977976e-01	9.9994971068e-01	0.0000000000e+00	0.0000000000e+00	1.0044224940e+00	1.0000000000e+00	
9.8316588626e-05	9.9994989023e-01	9.9994981789e-01	0.0000000000e+00	0.0000000000e+00	1.0044128127e+00	1.0000000000e+00	
1.0060667617e-04	9.9995000590e-01	9.9994993015e-01	0.0000000000e+00	0.0000000000e+00	1.0044026756e+00	1.0000000000e+00	
1.0295010670e-04	9.9995012701e-01	9.9995004769e-01	0.0000000000e+00	0.0000000000e+00	1.0043920613e+00	1.0000000000e+00	
1.0534812274e-04	9.9995025382e-01	9.9995017077e-01	0.0000000000e+00	0.0000000000e+00	1.0043809474e+00	1.0000000000e+00	
1.0780199575e-04	9.9995038660e-01	9.9995029963e-01	0.0000000000e+00	0.0000000000e+00	1.0043693104e+00	1.0000000000e+00	
1.1031302680e-04	9.9995052563e-01	9.9995043457e-01	0.0000000000e+00	0.0000000000e+00	1.0043571256e+00	1.0000000000e+00	
1.1288254728e-04	9.9995067121e-01	9.9995057585e-01	0.0000000000e+00	0.0000000000e+00	1.0043443675e+00	1.0000000000e+00	
1.1551191959e-04	9.9995082364e-01	9.9995072378e-01	0.0000000000e+00	0.0000000000e+00	1.0043310089e+00	1.0000000000e+00	
1.1820253784e-04	9.9995098323e-01	9.9995087867e-01	0.0000000000e+00	0.0000000000e+00	1.0043170217e+00	1.0000000000e+00	
1.2095582864e-04	9.9995115034e-01	9.9995104085e-01	0.0000000000e+00	0.0000000000e+00	1.0043023765e+00	1.0000000000e+00	
1.2377325182e-04	9.9995132531e-01	9.9995121066e-01	0.0000000000e+00	0.0000000000e+00	1.0042870421e+00	1.0000000000e+00	
1.2665630122e-04	9.9995150851e-01	9.9995138846e-01	0.0000000000e+00	0.0000000000e+00	1.0042709864e+00	1.0000000000e+00	
1.2960650547e-04	9.9995170033e-01	9.9995157462e-01	0.0000000000e+00	0.0000000000e+00	1.0042541754e+00	1.0000000000e+00	
1.3262542880e-04	9.9995190117e-01	9.9995176954e-01	0.0000000000e+00	0.0000000000e+00	1.0042365736e+00	1.0000000000e+00	
1.3571467189e-04	9.9995211146e-01	9.9995197362e-01	0.0000000000e+00	0.0000000000e+00	1.0042181440e+00	1.0000000000e+00	
1.3887587269e-04	9.9995233164e-01	9.9995218731e-01	0.0000000000e+00	0.0000000000e+00	1.0041988476e+00	1.0000000000e+00	
1.4211070732e-04	9.9995256217e-01	9.9995241104e-01	0.0000000000e+00	0.0000000000e+00	1.0041786439e+00	1.0000000000e+00	
1.4542089093e-04	9.9995280355e-01	9.9995264528e-01	0.0000000000e+00	0.0000000000e+00	1.0041574902e+00	1.0000000000e+00	
1.4880817862e-04	9.9995305627e-01	9.9995289054e-01	0.0000000000e+00	0.0000000000e+00	1.0041353420e+00	1.0000000000e+00	
1.5227436638e-04	9.9995332086e-01	9.9995314733e-01	0.0000000000e+00	0.0000000000e+00	1.0041121527e+00	1.0000000000e+00	
1.5582129202e-04	9.9995359790e-01	9.9995341619e-01	0.0000000000e+00	0.0000000000e+00	1.0040878734e+00	1.0000000000e+00	
1.5945083617e-04	9.9995388796e-01	9.9995369768e-01	0.0000000000e+00	0.0000000000e+00	1.0040624531e+00	1.0000000000e+00	
1.6316492327e-04	9.9995419164e-01	9.9995399240e-01	0.0000000000e+00	0.0000000000e+00	1.0040358383e+00	1.0000000000e+00	
1.6696552257e-04	9.9995450960e-01	9.9995430096e-01	0.0000000000e+00	0.0000000000e+00	1.0040079730e+00	1.0000000000e+00	
1.7085464919e-04	9.9995484249e-01	9.9995462402e-01	0.0000000000e+00	0.0000000000e+00	1.0039787986e+00	1.0000000000e+00	
1.7483436522e-04	9.9995519102e-01	9.9995496225e-01	0.0000000000e+00	0.0000000000e+00	1.0039482540e+00	1.0000000000e+00	
1.7890678074e-04	9.9995555591e-01	9.9995531637e-01	0.0000000000e+00	0.0000000000e+00	1.0039162749e+00	1.0000000000e+00	
1.8307405500e-04	9.9995593794e-01	9.9995568711e-01	0.0000000000e+00	0.0000000000e+00	1.0038827943e+00	1.0000000000e+00	
1.8733839755e-04	9.9995633791e-01	9.9995607525e-01	0.0000000000e+00	0.0000000000e+00	1.0038477418e+00	1.0000000000e+00	
1.9170206940e-04	9.9995675665e-01	9.9995648161e-01	0.0000000000e+00	0.0000000000e+00	1.0038110441e+00	1.0000000000e+00	
1.9616738422e-04	9.9995719503e-01	9.9995690703e-01	0.0000000000e+00	0.0000000000e+00	1.0037726242e+00	1.0000000000e+00	
2.0073670959e-04	9.9995765399e-01	9.9995735242e-01	0.0000000000e+00	0.0000000000e+00	1.0037324017e+00	1.0000000000e+00	
2.0541246822e-04	9.9995813448e-01	9.9995781869e-01	0.0000000000e+00	0.0000000000e+00	1.0036902924e+00	1.0000000000e+00	
2.1019713925e-04	9.9995863751e-01	9.9995830683e-01	0.0000000000e+00	0.0000000000e+00	1.0036462081e+00	1.0000000000e+00	
2.1509325959e-04	9.9995916412e-01	9.9995881785e-01	0.0000000000e+00	0.0000000000e+00	1.0036000569e+00	1.0000000000e+00	
2.2010342523e-04	9.9995971541e-01	9.9995935283e-01	0.0000000000e+00	0.0000000000e+00	1.0035517422e+00	1.0000000000e+00	
2.2523029261e-04	9.9996029255e-01	9.9995991287e-01	0.0000000000e+00	0.0000000000e+00	1.0035011633e+00	1.0000000000e+00	
2.3047658008e-04	9.9996089672e-01	9.9996049915e-01	0.0000000000e+00	0.0000000000e+00	1.0034482145e+00	1.0000000000e+00	
2.3584506928e-04	9.9996152920e-01	9.9996111289e-01	0.0000000000e+00	0.0000000000e+00	1.0033927857e+00	1.0000000000e+00	
2.4133860666e-04	9.9996219129e-01	9.9996175536e-01	0.0000000000e+00	0.0000000000e+00	1.0033347614e+00	1.0000000000e+00	
2.4696010496e-04	9.9996288438e-01	9.9996242790e-01	0.0000000000e+00	0.0000000000e+00	1.0032740208e+00	1.0000000000e+00	
2.5271254478e-04	9.9996360990e-01	9.9996313190e-01	0.0000000000e+00	0.0000000000e+00	1.0032104378e+00	1.0000000000e+00	
2.5859897614e-04	9.9996436937e-01	9.9996386884e-01	0.0000000000e+00	0.0000000000e+00	1.0031438803e+00	1.0000000000e+00	
2.6462252009e-04	9.9996516435e-01	9.9996464022e-01	0.0000000000e+00	0.0000000000e+00	1.0030742102e+00	1.0000000000e+00	
2.7078637041e-04	9.9996599650e-01	9.9996544767e-01	0.0000000000e+00	0.0000000000e+00	1.0030012832e+00	1.0000000000e+00	
2.7709379524e-04	9.9996686753e-01	9.9996629283e-01	0.0000000000e+00	0.0000000000e+00	1.0029249484e+00	1.0000000000e+00	
2.8354813888e-04	9.9996777926e-01	9.9996717746e-01	0.0000000000e+00	0.0000000000e+00	1.0028450479e+00	1.0000000000e+00	
2.9015282349e-04	9.9996873355e-01	9.9996810339e-01	0.0000000000e+00	0.0000000000e+00	1.0027614167e+00	1.0000000000e+00	
2.9691135097e-04	9.9996973239e-01	9.9996907252e-01	0.0000000000e+00	0.0000000000e+00	1.0026738823e+00	1.0000000000e+00	
3.0382730477e-04	9.9997077782e-01	9.9997008685e-01	0.0000000000e+00	0.0000000000e+00	1.0025822646e+00	1.0000000000e+00	
3.1090435184e-04	9.9997187200e-01	9.9997114845e-01	0.0000000000e+00	0.0000000000e+00	1.0024863750e+00	1.0000000000e+00	
3.1814624450e-04	9.9997301718e-01	9.9997225952e-01	0.0000000000e+00	0.0000000000e+00	1.0023860167e+00	1.0000000000e+00	
3.2555682252e-04	9.9997421570e-01	9.9997342232e-01	0.0000000000e+00	0.0000000000e+00	1.0022809839e+00	1.0000000000e+00	
3.3314001508e-04	9.9997547001e-01	9.9997463924e-01	0.0000000000e+00	0.0000000000e+00	1.0021710615e+00	1.0000000000e+00	
3.4089984288e-04	9.9997678269e-01	9.9997591275e-01	0.0000000000e+00	0.0000000000e+00	1.0020560250e+00	1.0000000000e+00	
3.4884042028e-04	9.9997815641e-01	9.9997724545e-01	0.0000000000e+00	0.0000000000e+00	1.0019356397e+00	1.0000000000e+00	
3.5696595750e-04	9.9997959396e-01	9.9997864005e-01	0.0000000000e+00	0.0000000000e+00	1.0018096604e+00	1.0000000000e+00	
3.6528076279e-04	9.9998109827e-01	9.9998009939e-01	0.0000000000e+00	0.0000000000e+00	1.0016778312e+00	1.0000000000e+00	
3.7378924478e-04	9.9998267239e-01	9.9998162642e-01	0.0000000000e+00	0.0000000000e+00	1.0015398846e+00	1.0000000000e+00	
3.8249591478e-04	9.9998431951e-01	9.9998322423e-01	0.0000000000e+00	0.0000000000e+00	1.0013955417e+00	1.0000000000e+00	
3.9140538917e-04	9.9998604295e-01	9.9998489603e-01	0.0000000000e+00	0.0000000000e+00	1.0012445108e+00	1.0000000000e+00	
4.0052239187e-04	9.9998784619e-01	9.9998664519e-01	0.0000000000e+00	0.0000000000e+00	1.0010864878e+00	1.0000000000e+00	
4.0985175686e-04	9.9998973285e-01	9.9998847521e-01	0.0000000000e+00	0.0000000000e+00	1.0009211551e+00	1.0000000000e+00	
4.1939843066e-04	9.9999170670e-01	9.9999038977e-01	0.0000000000e+00	0.0000000000e+00	1.0007481816e+00	1.0000000000e+00	
4.2916747507e-04	9.9999377171e-01	9.9999239268e-01	0.0000000000e+00	0.0000000000e+00	1.0005672213e+00	1.0000000000e+00	
4.3916406976e-04	9.9999593198e-01	9.9999448792e-01	0.0000000000e+00	0.0000000000e+00	1.0003779138e+00	1.0000000000e+00	
4.4939351504e-04	9.9999819181e-01	9.9999667965e-01	0.0000000000e+00	0.0000000000e+00	1.0001798829e+00	1.0000000000e+00	
4.5986123472e-04	1.0000005557e+00	9.9999897221e-01	0.0000000000e+00	0.0000000000e+00	9.9997273644e-01	1.0000000000e+00	
4.7057277891e-04	1.0000030282e+00	1.0000013701e+00	0.0000000000e+00	0.0000000000e+00	9.9975606543e-01	1.0000000000e+00	
4.8153382702e-04	1.0000056144e+00	1.0000038780e+00	0.0000000000e+00	0.0000000000e+00	9.9952944369e-01	1.0000000000e+00	
4.9275019073e-04	1.0000083191e+00	1.0000065009e+00	0.0000000000e+00	0.0000000000e+00	9.9929242706e-01	1.0000000000e+00	
5.0422781712e-04	1.0000111478e+00	1.0000092439e+00	0.0000000000e+00	0.0000000000e+00	9.9904455279e-01	1.0000000000e+00	
5.1597279177e-04	1.0000141059e+00	1.0000121122e+00	0.0000000000e+00	0.0000000000e+00	9.9878533887e-01	1.0000000000e+00	
5.2799134203e-04	1.0000171992e+00	1.0000151114e+00	0.0000000000e+00	0.0000000000e+00	9.9851428339e-01	1.0000000000e+00	
5.4028984028e-04	1.0000204336e+00	1.0000182474e+00	0.0000000000e+00	0.0000000000e+00	9.9823086383e-01	1.0000000000e+00	
5.5287480736e-04	1.0000238153e+00	1.0000215260e+00	0.0000000000e+00	0.0000000000e+00	9.9793453639e-01	1.0000000000e+00	
5.6575291598e-04	1.0000273509e+00	1.0000249535e+00	0.0000000000e+00	0.0000000000e+00	9.9762473530e-01	1.0000000000e+00	
5.7893099429e-04	1.0000310469e+00	1.0000285364e+00	0.0000000000e+00	0.0000000000e+00	9.9730087210e-01	1.0000000000e+00	
5.9241602947e-04	1.0000349104e+00	1.0000322815e+00	0.0000000000e+00	0.0000000000e+00	9.9696233498e-01	1.0000000000e+00	
6.0621517147e-04	1.0000389487e+00	1.0000361958e+00	0.0000000000e+00	0.0000000000e+00	9.9660848804e-01	1.0000000000e+00	
6.2033573678e-04	1.0000431693e+00	1.0000402865e+00	0.0000000000e+00	0.0000000000e+00	9.9623867059e-01	1.0000000000e+00	
6.3478521231e-04	1.0000475800e+00	1.0000445612e+00	0.0000000000e+00	0.0000000000e+00	9.9585219650e-01	1.0000000000e+00	
6.4957125936e-04	1.0000521890e+00	1.0000490278e+00	0.0000000000e+00	0.0000000000e+00	9.9544835350e-01	1.0000000000e+00	
6.6470171769e-04	1.0000570047e+00	1.0000536943e+00	0.0000000000e+00	0.0000000000e+00	9.9502640247e-01	1.0000000000e+00	
6.8018460967e-04	1.0000620359e+00	1.0000585693e+00	0.0000000000e+00	0.0000000000e+00	9.9458557685e-01	1.0000000000e+00	
6.9602814453e-04	1.0000672917e+00	1.0000636615e+00	0.0000000000e+00	0.0000000000e+00	9.9412508199e-01	1.0000000000e+00	
7.1224072273e-04	1.0000727814e+00	1.0000689798e+00	0.0000000000e+00	0.0000000000e+00	9.9364409452e-01	1.0000000000e+00	
7.2883094039e-04	1.0000785148e+00	1.0000745338e+00	0.0000000000e+00	0.0000000000e+00	9.9314176185e-01	1.0000000000e+00	
7.4580759385e-04	1.0000845020e+00	1.0000803331e+00	0.0000000000e+00	0.0000000000e+00	9.9261720159e-01	1.0000000000e+00	
7.6317968438e-04	1.0000907534e+00	1.0000863877e+00	0.0000000000e+00	0.0000000000e+00	9.9206950110e-01	1.0000000000e+00	
7.8095642288e-04	1.0000972797e+00	1.0000927080e+00	0.0000000000e+00	0.0000000000e+00	9.9149771707e-01	1.0000000000e+00	
7.9914723481e-04	1.0001040922e+00	1.0000993047e+00	0.0000000000e+00	0.0000000000e+00	9.9090087516e-01	1.0000000000e+00	
8.1776176518e-04	1.0001112024e+00	1.0001061887e+00	0.0000000000e+00	0.0000000000e+00	9.9027796973e-01	1.0000000000e+00	
8.3680988366e-04	1.0001186219e+00	1.0001133716e+00	0.0000000000e+00	0.0000000000e+00	9.8962796367e-01	1.0000000000e+00	
8.5630168982e-04	1.0001263632e+00	1.0001208650e+00	0.0000000000e+00	0.0000000000e+00	9.8894978825e-01	1.0000000000e+00	
8.7624751847e-04	1.0001344388e+00	1.0001286808e+00	0.0000000000e+00	0.0000000000e+00	9.8824234317e-01	1.0000000000e+00	
8.9665794516e-04	1.0001428615e+00	1.0001368317e+00	0.0000000000e+00	0.0000000000e+00	9.8750449670e-01	1.0000000000e+00	
9.1754379175e-04	1.0001516448e+00	1.0001453301e+00	0.0000000000e+00	0.0000000000e+00	9.8673508594e-01	1.0000000000e+00	
9.3891613221e-04	1.0001608022e+00	1.0001541892e+00	0.0000000000e+00	0.0000000000e+00	9.8593291722e-01	1.0000000000e+00	
9.6078629843e-04	1.0001703478e+00	1.0001634224e+00	0.0000000000e+00	0.0000000000e+00	9.8509676674e-01	1.0000000000e+00	
9.8316588626e-04	1.0001802959e+00	1.0001730433e+00	0.0000000000e+00	0.0000000000e+00	9.8422538130e-01	1.0000000000e+00	
1.0060667617e-03	1.0001906612e+00	1.0001830658e+00	0.0000000000e+00	0.0000000000e+00	9.8331747931e-01	1.0000000000e+00	
1.0295010670e-03	1.0002014586e+00	1.0001935042e+00	0.0000000000e+00	0.0000000000e+00	9.8237175196e-01	1.0000000000e+00	
1.0534812274e-03	1.0002127034e+00	1.0002043731e+00	0.0000000000e+00	0.0000000000e+00	9.8138686470e-01	1.0000000000e+00	
1.0780199575e-03	1.0002244112e+00	1.0002156871e+00	0.0000000000e+00	0.0000000000e+00	9.8036145893e-01	1.0000000000e+00	
1.1031302680e-03	1.0002365978e+00	1.0002274612e+00	0.0000000000e+00	0.0000000000e+00	9.7929415400e-01	1.0000000000e+00	
1.1288254728e-03	1.0002492792e+00	1.0002397106e+00	0.0000000000e+00	0.0000000000e+00	9.7818354951e-01	1.0000000000e+00	
1.1551191959e-03	1.0002624717e+00	1.0002524506e+00	0.0000000000e+00	0.0000000000e+00	9.7702822799e-01	1.0000000000e+00	
1.1820253784e-03	1.0002761918e+00	1.0002656967e+00	0.0000000000e+00	0.0000000000e+00	9.7582675788e-01	1.0000000000e+00	
1.2095582864e-03	1.0002904558e+00	1.0002794642e+00	0.0000000000e+00	0.0000000000e+00	9.7457769692e-01	1.0000000000e+00	
1.2377325182e-03	1.0003052805e+00	1.0002937689e+00	0.0000000000e+00	0.0000000000e+00	9.7327959597e-01	1.0000000000e+00	
1.2665630122e-03	1.0003206825e+00	1.0003086262e+00	0.0000000000e+00	0.0000000000e+00	9.7193100324e-01	1.0000000000e+00	
1.2960650547e-03	1.0003366786e+00	1.0003240516e+00	0.0000000000e+00	0.0000000000e+00	9.7053046901e-01	1.0000000000e+00	
1.3262542880e-03	1.0003532851e+00	1.0003400604e+00	0.0000000000e+00	0.0000000000e+00	9.6907655082e-01	1.0000000000e+00	
1.3571467189e-03	1.0003705187e+00	1.0003566678e+00	0.0000000000e+00	0.0000000000e+00	9.6756781916e-01	1.0000000000e+00	
1.3887587269e-03	1.0003883956e+00	1.0003738843e+00	0.0000000000e+00	0.0000000000e+00	9.6600291400e-01	1.0000000000e+00	
1.4211070732e-03	1.0004069316e+00	1.0003917281e+00	0.0000000000e+00	0.0000000000e+00	9.6438040755e-01	1.0000000000e+00	
1.4542089093e-03	1.0004261425e+00	1.0004102140e+00	0.0000000000e+00	0.0000000000e+00	9.6269893866e-01	1.0000000000e+00	
1.4880817862e-03	1.0004460433e+00	1.0004293555e+00	0.0000000000e+00	0.0000000000e+00	9.6095719745e-01	1.0000000000e+00	
1.5227436638e-03	1.0004666485e+00	1.0004491657e+00	0.0000000000e+00	0.0000000000e+00	9.5915392379e-01	1.0000000000e+00	
1.5582129202e-03	1.0004879721e+00	1.0004696566e+00	0.0000000000e+00	0.0000000000e+00	9.5728791644e-01	1.0000000000e+00	
1.5945083617e-03	1.0005100272e+00	1.0004908396e+00	0.0000000000e+00	0.0000000000e+00	9.5535804274e-01	1.0000000000e+00	
1.6316492327e-03	1.0005328261e+00	1.0005127251e+00	0.0000000000e+00	0.0000000000e+00	9.5336324879e-01	1.0000000000e+00	
1.6696552257e-03	1.0005563801e+00	1.0005353222e+00	0.0000000000e+00	0.0000000000e+00	9.5130257030e-01	1.0000000000e+00	
1.7085464919e-03	1.0005806993e+00	1.0005586391e+00	0.0000000000e+00	0.0000000000e+00	9.4917514383e-01	1.0000000000e+00	
1.7483436522e-03	1.0006057925e+00	1.0005826824e+00	0.0000000000e+00	0.0000000000e+00	9.4698021851e-01	1.0000000000e+00	
1.7890678074e-03	1.0006316672e+00	1.0006074572e+00	0.0000000000e+00	0.0000000000e+00	9.4471716815e-01	1.0000000000e+00	
1.8307405500e-03	1.0006583294e+00	1.0006329672e+00	0.0000000000e+00	0.0000000000e+00	9.4238550364e-01	1.0000000000e+00	
1.8733839755e-03	1.0006857834e+00	1.0006592139e+00	0.0000000000e+00	0.0000000000e+00	9.3998488549e-01	1.0000000000e+00	
1.9170206940e-03	1.0007140314e+00	1.0006861972e+00	0.0000000000e+00	0.0000000000e+00	9.3751513649e-01	1.0000000000e+00	
1.9616738422e-03	1.0007430741e+00	1.0007139147e+00	0.0000000000e+00	0.0000000000e+00	9.3497625423e-01	1.0000000000e+00	
2.0073670959e-03	1.0007729097e+00	1.0007423619e+00	0.0000000000e+00	0.0000000000e+00	9.3236842332e-01	1.0000000000e+00	
2.0541246822e-03	1.0008035344e+00	1.0007715318e+00	0.0000000000e+00	0.0000000000e+00	9.2969202721e-01	1.0000000000e+00	
2.1019713925e-03	1.0008349419e+00	1.0008014150e+00	0.0000000000e+00	0.0000000000e+00	9.2694765913e-01	1.0000000000e+00	
2.1509325959e-03	1.0008671236e+00	1.0008319993e+00	0.0000000000e+00	0.0000000000e+00	9.2413613216e-01	1.0000000000e+00	
2.2010342523e-03	1.0009000681e+00	1.0008632700e+00	0.0000000000e+00	0.0000000000e+00	9.2125848786e-01	1.0000000000e+00	
2.2523029261e-03	1.0009337615e+00	1.0008952094e+00	0.0000000000e+00	0.0000000000e+00	9.1831600330e-01	1.0000000000e+00	
2.3047658008e-03	1.0009681873e+00	1.0009277970e+00	0.0000000000e+00	0.0000000000e+00	9.1531019596e-01	1.0000000000e+00	
2.3584506928e-03	1.0010033259e+00	1.0009610094e+00	0.0000000000e+00	0.0000000000e+00	9.1224282621e-01	1.0000000000e+00	
2.4133860666e-03	1.0010391554e+00	1.0009948201e+00	0.0000000000e+00	0.0000000000e+00	9.0911589676e-01	1.0000000000e+00	
2.4696010496e-03	1.0010756510e+00	1.0010292000e+00	0.0000000000e+00	0.0000000000e+00	9.0593164873e-01	1.0000000000e+00	
2.5271254478e-03	1.0011127854e+00	1.0010641170e+00	0.0000000000e+00	0.0000000000e+00	9.0269255372e-01	1.0000000000e+00	
2.5859897614e-03	1.0011505287e+00	1.0010995363e+00	0.0000000000e+00	0.0000000000e+00	8.9940130139e-01	1.0000000000e+00	
2.6462252009e-03	1.0011888489e+00	1.0011354207e+00	0.0000000000e+00	0.0000000000e+00	8.9606078196e-01	1.0000000000e+00	
2.7078637041e-03	1.0012277121e+00	1.0011717309e+00	0.0000000000e+00	0.0000000000e+00	8.9267406311e-01	1.0000000000e+00	
2.7709379524e-03	1.0012670827e+00	1.0012084255e+00	0.0000000000e+00	0.0000000000e+00	8.8924436065e-01	1.0000000000e+00	
2.8354813888e-03	1.0013069236e+00	1.0012454616e+00	0.0000000000e+00	0.0000000000e+00	8.8577500261e-01	1.0000000000e+00	
2.9015282349e-03	1.0013471974e+00	1.0012827953e+00	0.0000000000e+00	0.0000000000e+00	8.8226938609e-01	1.0000000000e+00	
2.9691135097e-03	1.0013878662e+00	1.0013203823e+00	0.0000000000e+00	0.0000000000e+00	8.7873092663e-01	1.0000000000e+00	
3.0382730477e-03	1.0014288929e+00	1.0013581784e+00	0.0000000000e+00	0.0000000000e+00	8.7516299973e-01	1.0000000000e+00	
3.1090435184e-03	1.0014702413e+00	1.0013961404e+00	0.0000000000e+00	0.0000000000e+00	8.7156887450e-01	1.0000000000e+00	
3.1814624450e-03	1.0015118776e+00	1.0014342268e+00	0.0000000000e+00	0.0000000000e+00	8.6795163929e-01	1.0000000000e+00	
3.2555682252e-03	1.0015537709e+00	1.0014723988e+00	0.0000000000e+00	0.0000000000e+00	8.6431411982e-01	1.0000000000e+00	
3.3314001508e-03	1.0015958945e+00	1.0015106211e+00	0.0000000000e+00	0.0000000000e+00	8.6065879001e-01	1.0000000000e+00	
3.4089984288e-03	1.0016382266e+00	1.0015488635e+00	0.0000000000e+00	0.0000000000e+00	8.5698767675e-01	1.0000000000e+00	
3.4884042028e-03	1.0016807519e+00	1.0015871012e+00	0.0000000000e+00	0.0000000000e+00	8.5330225945e-01	1.0000000000e+00	
3.5696595750e-03	1.0017234625e+00	1.0016253169e+00	0.0000000000e+00	0.0000000000e+00	8.4960336613e-01	1.0000000000e+00	
3.6528076279e-03	1.0017663592e+00	1.0016635010e+00	0.0000000000e+00	0.0000000000e+00	8.4589106818e-01	1.0000000000e+00	
3.7378924478e-03	1.0018094525e+00	1.0017016537e+00	0.0000000000e+00	0.0000000000e+00	8.4216457613e-01	1.0000000000e+00	
3.8249591478e-03	1.0018527641e+00	1.0017397854e+00	0.0000000000e+00	0.0000000000e+00	8.3842213969e-01	1.0000000000e+00	
3.9140538917e-03	1.0018963276e+00	1.0017779181e+00	0.0000000000e+00	0.0000000000e+00	8.3466095545e-01	1.0000000000e+00	
4.0052239187e-03	1.0019401897e+00	1.0018160860e+00	0.0000000000e+00	0.0000000000e+00	8.3087708627e-01	1.0000000000e+00	
4.0985175686e-03	1.0019844106e+00	1.0018543368e+00	0.0000000000e+00	0.0000000000e+00	8.2706539720e-01	1.0000000000e+00	
4.1939843066e-03	1.0020290649e+00	1.0018927313e+00	0.0000000000e+00	0.0000000000e+00	8.2321951236e-01	1.0000000000e+00	
4.2916747507e-03	1.0020742415e+00	1.0019313444e+00	0.0000000000e+00	0.0000000000e+00	8.1933179829e-01	1.0000000000e+00	
4.3916406976e-03	1.0021200436e+00	1.0019702642e+00	0.0000000000e+00	0.0000000000e+00	8.1539337916e-01	1.0000000000e+00	
4.4939351504e-03	1.0021665878e+00	1.0020095918e+00	0.0000000000e+00	0.0000000000e+00	8.1139418859e-01	1.0000000000e+00	
4.5986123472e-03	1.0022140036e+00	1.0020494403e+00	0.0000000000e+00	0.0000000000e+00	8.0732306361e-01	1.0000000000e+00	
4.7057277891e-03	1.0022624312e+00	1.0020899326e+00	0.0000000000e+00	0.0000000000e+00	8.0316788443e-01	1.0000000000e+00	
4.8153382702e-03	1.0023120199e+00	1.0021311998e+00	0.0000000000e+00	0.0000000000e+00	7.9891576357e-01	1.0000000000e+00	
4.9275019073e-03	1.0023629249e+00	1.0021733782e+00	0.0000000000e+00	0.0000000000e+00	7.9455328590e-01	1.0000000000e+00	
5.0422781712e-03	1.0024153046e+00	1.0022166061e+00	0.0000000000e+00	0.0000000000e+00	7.9006679962e-01	1.0000000000e+00	
5.1597279177e-03	1.0024693159e+00	1.0022610193e+00	0.0000000000e+00	0.0000000000e+00	7.8544275552e-01	1.0000000000e+00	
5.2799134203e-03	1.0025251108e+00	1.0023067478e+00	0.0000000000e+00	0.0000000000e+00	7.8066808949e-01	1.0000000000e+00	
5.4028984028e-03	1.0025828312e+00	1.0023539088e+00	0.0000000000e+00	0.0000000000e+00	7.7573063979e-01	1.0000000000e+00	
5.5287480736e-03	1.0026426035e+00	1.0024026056e+00	0.0000000000e+00	0.0000000000e+00	7.7061958637e-01	1.0000000000e+00	
5.6575291598e-03	1.0027045344e+00	1.0024529193e+00	0.0000000000e+00	0.0000000000e+00	7.6532589796e-01	1.0000000000e+00	
5.7893099429e-03	1.0027687054e+00	1.0025049045e+00	0.0000000000e+00	0.0000000000e+00	7.5984276682e-01	1.0000000000e+00	
5.9241602947e-03	1.0028351683e+00	1.0025585848e+00	0.0000000000e+00	0.0000000000e+00	7.5416600871e-01	1.0000000000e+00	
6.0621517147e-03	1.0029039416e+00	1.0026139490e+00	0.0000000000e+00	0.0000000000e+00	7.4829440317e-01	1.0000000000e+00	
6.2033573678e-03	1.0029750075e+00	1.0026709480e+00	0.0000000000e+00	0.0000000000e+00	7.4222994726e-01	1.0000000000e+00	
6.3478521231e-03	1.0030483102e+00	1.0027294935e+00	0.0000000000e+00	0.0000000000e+00	7.3597799611e-01	1.0000000000e+00	
6.4957125936e-03	1.0031237562e+00	1.0027894575e+00	0.0000000000e+00	0.0000000000e+00	7.2954726516e-01	1.0000000000e+00	
6.6470171769e-03	1.0032012155e+00	1.0028506741e+00	0.0000000000e+00	0.0000000000e+00	7.2294967360e-01	1.0000000000e+00	
6.8018460967e-03	1.0032805260e+00	1.0029129438e+00	0.0000000000e+00	0.0000000000e+00	7.1620001468e-01	1.0000000000e+00	
6.9602814453e-03	1.0033614990e+00	1.0029760381e+00	0.0000000000e+00	0.0000000000e+00	7.0931544899e-01	1.0000000000e+00	
7.1224072273e-03	1.0034439266e+00	1.0030397082e+00	0.0000000000e+00	0.0000000000e+00	7.0231482831e-01	1.0000000000e+00	
7.2883094039e-03	1.0035275917e+00	1.0031036938e+00	0.0000000000e+00	0.0000000000e+00	6.9521787301e-01	1.0000000000e+00	
7.4580759385e-03	1.0036122780e+00	1.0031677333e+00	0.0000000000e+00	0.0000000000e+00	6.8804424175e-01	1.0000000000e+00	
7.6317968438e-03	1.0036977812e+00	1.0032315757e+00	0.0000000000e+00	0.0000000000e+00	6.8081254867e-01	1.0000000000e+00	
7.8095642288e-03	1.0037839206e+00	1.0032949906e+00	0.0000000000e+00	0.0000000000e+00	6.7353939839e-01	1.0000000000e+00	
7.9914723481e-03	1.0038705481e+00	1.0033577791e+00	0.0000000000e+00	0.0000000000e+00	6.6623851997e-01	1.0000000000e+00	
8.1776176518e-03	1.0039575565e+00	1.0034197799e+00	0.0000000000e+00	0.0000000000e+00	6.5892008678e-01	1.0000000000e+00	
8.3680988366e-03	1.0040448840e+00	1.0034808756e+00	0.0000000000e+00	0.0000000000e+00	6.5159030503e-01	1.0000000000e+00	
8.5630168982e-03	1.0041325151e+00	1.0035409920e+00	0.0000000000e+00	0.0000000000e+00	6.4425134035e-01	1.0000000000e+00	
8.7624751847e-03	1.0042204770e+00	1.0036000957e+00	0.0000000000e+00	0.0000000000e+00	6.3690162550e-01	1.0000000000e+00	
8.9665794516e-03	1.0043088320e+00	1.0036581852e+00	0.0000000000e+00	0.0000000000e+00	6.2953655410e-01	1.0000000000e+00	
9.1754379175e-03	1.0043976654e+00	1.0037152795e+00	0.0000000000e+00	0.0000000000e+00	6.2214951810e-01	1.0000000000e+00	
9.3891613221e-03	1.0044870712e+00	1.0037714037e+00	0.0000000000e+00	0.0000000000e+00	6.1473319254e-01	1.0000000000e+00	
9.6078629843e-03	1.0045771360e+00	1.0038265724e+00	0.0000000000e+00	0.0000000000e+00	6.0728091949e-01	1.0000000000e+00	
9.8316588626e-03	1.0046679251e+00	1.0038807755e+00	0.0000000000e+00	0.0000000000e+00	5.9978800057e-01	1.0000000000e+00	
1.0060667617e-02	1.0047594702e+00	1.0039339672e+00	0.0000000000e+00	0.0000000000e+00	5.9225268630e-01	1.0000000000e+00	
1.0295010670e-02	1.0048517651e+00	1.0039860594e+00	0.0000000000e+00	0.0000000000e+00	5.8467665891e-01	1.0000000000e+00	
1.0534812274e-02	1.0049447668e+00	1.0040369249e+00	0.0000000000e+00	0.0000000000e+00	5.7706485318e-01	1.0000000000e+00	
1.0780199575e-02	1.0050384062e+00	1.0040864067e+00	0.0000000000e+00	0.0000000000e+00	5.6942454774e-01	1.0000000000e+00	
1.1031302680e-02	1.0051326061e+00	1.0041343364e+00	0.0000000000e+00	0.0000000000e+00	5.6176378499e-01	1.0000000000e+00	
1.1288254728e-02	1.0052273046e+00	1.0041805571e+00	0.0000000000e+00	0.0000000000e+00	5.5408932531e-01	1.0000000000e+00	
1.1551191959e-02	1.0053224792e+00	1.0042249482e+00	0.0000000000e+00	0.0000000000e+00	5.4640448690e-01	1.0000000000e+00	
1.1820253784e-02	1.0054181678e+00	1.0042674455e+00	0.0000000000e+00	0.0000000000e+00	5.3870733276e-01	1.0000000000e+00	
1.2095582864e-02	1.0055144794e+00	1.0043080523e+00	0.0000000000e+00	0.0000000000e+00	5.3098970294e-01	1.0000000000e+00	
1.2377325182e-02	1.0056115910e+00	1.0043468362e+00	0.0000000000e+00	0.0000000000e+00	5.2323752094e-01	1.0000000000e+00	
1.2665630122e-02	1.0057097266e+00	1.0043839076e+00	0.0000000000e+00	0.0000000000e+00	5.1543260984e-01	1.0000000000e+00	
1.2960650547e-02	1.0058091206e+00	1.0044193833e+00	0.0000000000e+00	0.0000000000e+00	5.0755594699e-01	1.0000000000e+00	
1.3262542880e-02	1.0059099692e+00	1.0044533382e+00	0.0000000000e+00	0.0000000000e+00	4.9959191000e-01	1.0000000000e+00	
1.3571467189e-02	1.0060123805e+00	1.0044857552e+00	0.0000000000e+00	0.0000000000e+00	4.9153270408e-01	1.0000000000e+00	
1.3887587269e-02	1.0061163336e+00	1.0045164847e+00	0.0000000000e+00	0.0000000000e+00	4.8338191875e-01	1.0000000000e+00	
1.4211070732e-02	1.0062216607e+00	1.0045452269e+00	0.0000000000e+00	0.0000000000e+00	4.7515614980e-01	1.0000000000e+00	
1.4542089093e-02	1.0063280586e+00	1.0045715437e+00	0.0000000000e+00	0.0000000000e+00	4.6688391580e-01	1.0000000000e+00	
1.4880817862e-02	1.0064351345e+00	1.0045949049e+00	0.0000000000e+00	0.0000000000e+00	4.5860169735e-01	1.0000000000e+00	
1.5227436638e-02	1.0065424756e+00	1.0046147586e+00	0.0000000000e+00	0.0000000000e+00	4.5034772648e-01	1.0000000000e+00	
1.5582129202e-02	1.0066497299e+00	1.0046306118e+00	0.0000000000e+00	0.0000000000e+00	4.4215493900e-01	1.0000000000e+00	
1.5945083617e-02	1.0067566733e+00	1.0046420989e+00	0.0000000000e+00	0.0000000000e+00	4.3404499166e-01	1.0000000000e+00	
1.6316492327e-02	1.0068632450e+00	1.0046490174e+00	0.0000000000e+00	0.0000000000e+00	4.2602517350e-01	1.0000000000e+00	
1.6696552257e-02	1.0069695374e+00	1.0046513184e+00	0.0000000000e+00	0.0000000000e+00	4.1808928306e-01	1.0000000000e+00	
1.7085464921e-02	1.0070757437e+00	1.0046490555e+00	0.0000000000e+00	0.0000000000e+00	4.1022222488e-01	1.0000000000e+00	
1.7483436525e-02	1.0071820826e+00	1.0046423104e+00	0.0000000000e+00	0.0000000000e+00	4.0240662116e-01	1.0000000000e+00	
1.7890678080e-02	1.0072887302e+00	1.0046311268e+00	0.0000000000e+00	0.0000000000e+00	3.9462876220e-01	1.0000000000e+00	
1.8307405513e-02	1.0073957896e+00	1.0046154806e+00	0.0000000000e+00	0.0000000000e+00	3.8688132842e-01	1.0000000000e+00	
1.8733839781e-02	1.0075033086e+00	1.0045953000e+00	0.0000000000e+00	0.0000000000e+00	3.7916173629e-01	1.0000000000e+00	
1.9170206991e-02	1.0076113352e+00	1.0045705223e+00	0.0000000000e+00	0.0000000000e+00	3.7146728034e-01	1.0000000000e+00	
1.9616738522e-02	1.0077199707e+00	1.0045411489e+00	0.0000000000e+00	0.0000000000e+00	3.6379040078e-01	1.0000000000e+00	
2.0073671150e-02	1.0078293768e+00	1.0045072540e+00	0.0000000000e+00	0.0000000000e+00	3.5611806359e-01	1.0000000000e+00	
2.0541247183e-02	1.0079397098e+00	1.0044689215e+00	0.0000000000e+00	0.0000000000e+00	3.4843750084e-01	1.0000000000e+00	
2.1019714595e-02	1.0080510006e+00	1.0044261272e+00	0.0000000000e+00	0.0000000000e+00	3.4074673515e-01	1.0000000000e+00	
2.1509327181e-02	1.0081630446e+00	1.0043786326e+00	0.0000000000e+00	0.0000000000e+00	3.3306425210e-01	1.0000000000e+00	
2.2010344713e-02	1.0082753823e+00	1.0043259683e+00	0.0000000000e+00	0.0000000000e+00	3.2543064700e-01	1.0000000000e+00	
2.2523033127e-02	1.0083874181e+00	1.0042675577e+00	0.0000000000e+00	0.0000000000e+00	3.1789808848e-01	1.0000000000e+00	
2.3047664720e-02	1.0084986460e+00	1.0042029455e+00	0.0000000000e+00	0.0000000000e+00	3.1051043514e-01	1.0000000000e+00	
2.3584518405e-02	1.0086088676e+00	1.0041320206e+00	0.0000000000e+00	0.0000000000e+00	3.0328396213e-01	1.0000000000e+00	
2.4133879991e-02	1.0087182691e+00	1.0040550974e+00	0.0000000000e+00	0.0000000000e+00	2.9620052519e-01	1.0000000000e+00	
2.4696042554e-02	1.0088272951e+00	1.0039727958e+00	0.0000000000e+00	0.0000000000e+00	2.8921858456e-01	1.0000000000e+00	
2.5271306889e-02	1.0089363914e+00	1.0038857919e+00	0.0000000000e+00	0.0000000000e+00	2.8229573087e-01	1.0000000000e+00	
2.5859982084e-02	1.0090457879e+00	1.0037946088e+00	0.0000000000e+00	0.0000000000e+00	2.7540771718e-01	1.0000000000e+00	
2.6462386266e-02	1.0091554597e+00	1.0036995864e+00	0.0000000000e+00	0.0000000000e+00	2.6855174339e-01	1.0000000000e+00	
2.7078847542e-02	1.0092652499e+00	1.0036010120e+00	0.0000000000e+00	0.0000000000e+00	2.6173555609e-01	1.0000000000e+00	
2.7709705208e-02	1.0093749846e+00	1.0034992429e+00	0.0000000000e+00	0.0000000000e+00	2.5496718882e-01	1.0000000000e+00	
2.8355311279e-02	1.0094844303e+00	1.0033946719e+00	0.0000000000e+00	0.0000000000e+00	2.4825864685e-01	1.0000000000e+00	
2.9016032411e-02	1.0095931432e+00	1.0032875848e+00	0.0000000000e+00	0.0000000000e+00	2.4163900717e-01	1.0000000000e+00	
2.9692252285e-02	1.0097004542e+00	1.0031781535e+00	0.0000000000e+00	0.0000000000e+00	2.3515569128e-01	1.0000000000e+00	
3.0384374538e-02	1.0098057533e+00	1.0030667258e+00	0.0000000000e+00	0.0000000000e+00	2.2884928726e-01	1.0000000000e+00	
3.1092826311e-02	1.0099088981e+00	1.0029542383e+00	0.0000000000e+00	0.0000000000e+00	2.2271759554e-01	1.0000000000e+00	
3.1818062479e-02	1.0100103123e+00	1.0028423196e+00	0.0000000000e+00	0.0000000000e+00	2.1670680957e-01	1.0000000000e+00	
3.2560570646e-02	1.0101105683e+00	1.0027328802e+00	0.0000000000e+00	0.0000000000e+00	2.1074824695e-01	1.0000000000e+00	
3.3320876921e-02	1.0102098007e+00	1.0026275359e+00	0.0000000000e+00	0.0000000000e+00	2.0480978844e-01	1.0000000000e+00	
3.4099552527e-02	1.0103075373e+00	1.0025274452e+00	0.0000000000e+00	0.0000000000e+00	1.9891070026e-01	1.0000000000e+00	
3.4897221224e-02	1.0104030431e+00	1.0024336556e+00	0.0000000000e+00	0.0000000000e+00	1.9309131805e-01	1.0000000000e+00	
3.5714567528e-02	1.0104956536e+00	1.0023474354e+00	0.0000000000e+00	0.0000000000e+00	1.8738370881e-01	1.0000000000e+00	
3.6552345648e-02	1.0105847370e+00	1.0022702328e+00	0.0000000000e+00	0.0000000000e+00	1.8181504892e-01	1.0000000000e+00	
3.7411389048e-02	1.0106696611e+00	1.0022036355e+00	0.0000000000e+00	0.0000000000e+00	1.7641062582e-01	1.0000000000e+00	
3.8292620482e-02	1.0107501769e+00	1.0021497367e+00	0.0000000000e+00	0.0000000000e+00	1.7116033272e-01	1.0000000000e+00	
3.9197062338e-02	1.0108266918e+00	1.0021113867e+00	0.0000000000e+00	0.0000000000e+00	1.6599488078e-01	1.0000000000e+00	
4.0125847057e-02	1.0108996489e+00	1.0020915477e+00	0.0000000000e+00	0.0000000000e+00	1.6084080317e-01	1.0000000000e+00	
4.1080227387e-02	1.0109685880e+00	1.0020923281e+00	0.0000000000e+00	0.0000000000e+00	1.5570349008e-01	1.0000000000e+00	
4.2061586206e-02	1.0110322836e+00	1.0021150780e+00	0.0000000000e+00	0.0000000000e+00	1.5065559784e-01	1.0000000000e+00	
4.3071445583e-02	1.0110897414e+00	1.0021613244e+00	0.0000000000e+00	0.0000000000e+00	1.4575018344e-01	1.0000000000e+00	
4.4111474794e-02	1.0111405352e+00	1.0022330380e+00	0.0000000000e+00	0.0000000000e+00	1.4099198489e-01	1.0000000000e+00	
4.5183496940e-02	1.0111845825e+00	1.0023323271e+00	0.0000000000e+00	0.0000000000e+00	1.3635830896e-01	1.0000000000e+00	
4.6289493851e-02	1.0112223240e+00	1.0024615119e+00	0.0000000000e+00	0.0000000000e+00	1.3178462946e-01	1.0000000000e+00	
4.7431608957e-02	1.0112543123e+00	1.0026225910e+00	0.0000000000e+00	0.0000000000e+00	1.2720253014e-01	1.0000000000e+00	
4.8612147830e-02	1.0112799309e+00	1.0028158233e+00	0.0000000000e+00	0.0000000000e+00	1.2265430090e-01	1.0000000000e+00	
4.9833576140e-02	1.0112979324e+00	1.0030400955e+00	0.0000000000e+00	0.0000000000e+00	1.1824794776e-01	1.0000000000e+00	
5.1098514838e-02	1.0113083207e+00	1.0032946105e+00	0.0000000000e+00	0.0000000000e+00	1.1399407141e-01	1.0000000000e+00	
5.2409732420e-02	1.0113121764e+00	1.0035785263e+00	0.0000000000e+00	0.0000000000e+00	1.0982383910e-01	1.0000000000e+00	
5.3770134273e-02	1.0113108000e+00	1.0038899227e+00	0.0000000000e+00	0.0000000000e+00	1.0566680335e-01	1.0000000000e+00	
5.5182749179e-02	1.0113050180e+00	1.0042249375e+00	0.0000000000e+00	0.0000000000e+00	1.0151432062e-01	1.0000000000e+00	
5.6650713207e-02	1.0112944021e+00	1.0045768400e+00	0.0000000000e+00	0.0000000000e+00	9.7490321612e-02	1.0000000000e+00	
5.8177251367e-02	1.0112797776e+00	1.0049384142e+00	0.0000000000e+00	0.0000000000e+00	9.3632125933e-02	1.0000000000e+00	
5.9765657534e-02	1.0112640495e+00	1.0053027392e+00	0.0000000000e+00	0.0000000000e+00	8.9818369416e-02	1.0000000000e+00	
6.1419273271e-02	1.0112495315e+00	1.0056605873e+00	0.0000000000e+00	0.0000000000e+00	8.6003217521e-02	1.0000000000e+00	
6.3141466323e-02	1.0112371886e+00	1.0059998365e+00	0.0000000000e+00	0.0000000000e+00	8.2280719066e-02	1.0000000000e+00	
6.4935609562e-02	1.0112281961e+00	1.0063073126e+00	0.0000000000e+00	0.0000000000e+00	7.8743676545e-02	1.0000000000e+00	
6.6805061227e-02	1.0112265685e+00	1.0065718326e+00	0.0000000000e+00	0.0000000000e+00	7.5246511293e-02	1.0000000000e+00	
6.8753147243e-02	1.0112349742e+00	1.0067806171e+00	0.0000000000e+00	0.0000000000e+00	7.1765590738e-02	1.0000000000e+00	
7.0783146315e-02	1.0112540814e+00	1.0069193946e+00	0.0000000000e+00	0.0000000000e+00	6.8446437572e-02	1.0000000000e+00	
7.2898278375e-02	1.0112863443e+00	1.0069771227e+00	0.0000000000e+00	0.0000000000e+00	6.5257587731e-02	1.0000000000e+00	
7.5101696769e-02	1.0113349869e+00	1.0069461255e+00	0.0000000000e+00	0.0000000000e+00	6.2064279659e-02	1.0000000000e+00	
7.7396484400e-02	1.0113992473e+00	1.0068187145e+00	0.0000000000e+00	0.0000000000e+00	5.9028341719e-02	1.0000000000e+00	
7.9785653869e-02	1.0114796201e+00	1.0065939959e+00	0.0000000000e+00	0.0000000000e+00	5.6125217476e-02	1.0000000000e+00	
8.2272151453e-02	1.0115765657e+00	1.0062783759e+00	0.0000000000e+00	0.0000000000e+00	5.3233048124e-02	1.0000000000e+00	
8.4858864652e-02	1.0116857015e+00	1.0058826423e+00	0.0000000000e+00	0.0000000000e+00	5.0530175547e-02	1.0000000000e+00	
8.7548632911e-02	1.0118044136e+00	1.0054302064e+00	0.0000000000e+00	0.0000000000e+00	4.7890757729e-02	1.0000000000e+00	
9.0344261039e-02	1.0119264798e+00	1.0049527635e+00	0.0000000000e+00	0.0000000000e+00	4.5343967995e-02	1.0000000000e+00	
9.3248534844e-02	1.0120435532e+00	1.0044914192e+00	0.0000000000e+00	0.0000000000e+00	4.2948262485e-02	1.0000000000e+00	
9.6264238456e-02	1.0121478863e+00	1.0040967326e+00	0.0000000000e+00	0.0000000000e+00	4.0588221710e-02	1.0000000000e+00	
9.9394172879e-02	1.0122283452e+00	1.0038189677e+00	0.0000000000e+00	0.0000000000e+00	3.8404285731e-02	1.0000000000e+00	
1.0264117529e-01	1.0122780292e+00	1.0037065186e+00	0.0000000000e+00	0.0000000000e+00	3.6247660213e-02	1.0000000000e+00	
1.0600813873e-01	1.0122894986e+00	1.0037895988e+00	0.0000000000e+00	0.0000000000e+00	3.4258341887e-02	1.0000000000e+00	
1.0949803175e-01	1.0122629819e+00	1.0040768856e+00	0.0000000000e+00	0.0000000000e+00	3.2300634628e-02	1.0000000000e+00	
1.1311391791e-01	1.0122015392e+00	1.0045429586e+00	0.0000000000e+00	0.0000000000e+00	3.0494690718e-02	1.0000000000e+00	
1.1685897460e-01	1.0121166664e+00	1.0051331638e+00	0.0000000000e+00	0.0000000000e+00	2.8733199152e-02	1.0000000000e+00	
1.2073651127e-01	1.0120224555e+00	1.0057656087e+00	0.0000000000e+00	0.0000000000e+00	2.7088353107e-02	1.0000000000e+00	
1.2474998678e-01	1.0119365360e+00	1.0063468920e+00	0.0000000000e+00	0.0000000000e+00	2.5526740263e-02	1.0000000000e+00	
1.2890302576e-01	1.0118759374e+00	1.0067862622e+00	0.0000000000e+00	0.0000000000e+00	2.4023274664e-02	1.0000000000e+00	
1.3319943385e-01	1.0118534350e+00	1.0070100523e+00	0.0000000000e+00	0.0000000000e+00	2.2635573426e-02	1.0000000000e+00	
1.3764321189e-01	1.0118774294e+00	1.0069772018e+00	0.0000000000e+00	0.0000000000e+00	2.1300576737e-02	1.0000000000e+00	
1.4223856883e-01	1.0119477683e+00	1.0066876238e+00	0.0000000000e+00	0.0000000000e+00	2.0030789842e-02	1.0000000000e+00	
1.4698993335e-01	1.0120550904e+00	1.0061902170e+00	0.0000000000e+00	0.0000000000e+00	1.8853521544e-02	1.0000000000e+00	
1.5190196423e-01	1.0121814092e+00	1.0055851387e+00	0.0000000000e+00	0.0000000000e+00	1.7736334899e-02	1.0000000000e+00	
1.5697955921e-01	1.0123010639e+00	1.0050127312e+00	0.0000000000e+00	0.0000000000e+00	1.6667837225e-02	1.0000000000e+00	
1.6222786241e-01	1.0123858602e+00	1.0046252156e+00	0.0000000000e+00	0.0000000000e+00	1.5662557419e-02	1.0000000000e+00	
1.6765227008e-01	1.0124140226e+00	1.0045407072e+00	0.0000000000e+00	0.0000000000e+00	1.4724197260e-02	1.0000000000e+00	
1.7325843462e-01	1.0123794133e+00	1.0047933907e+00	0.0000000000e+00	0.0000000000e+00	1.3841616493e-02	1.0000000000e+00	
1.7905226660e-01	1.0122961149e+00	1.0053072477e+00	0.0000000000e+00	0.0000000000e+00	1.3007361574e-02	1.0000000000e+00	
1.8503993471e-01	1.0121949925e+00	1.0059147117e+00	0.0000000000e+00	0.0000000000e+00	1.2218194651e-02	1.0000000000e+00	
1.9122786313e-01	1.0121129761e+00	1.0064150040e+00	0.0000000000e+00	0.0000000000e+00	1.1474140267e-02	1.0000000000e+00	
1.9762272628e-01	1.0120800881e+00	1.0066449922e+00	0.0000000000e+00	0.0000000000e+00	1.0773989346e-02	1.0000000000e+00	
2.0423144041e-01	1.0121090160e+00	1.0065358538e+00	0.0000000000e+00	0.0000000000e+00	1.0115607928e-02	1.0000000000e+00	
2.1106115172e-01	1.0121897474e+00	1.0061421920e+00	0.0000000000e+00	0.0000000000e+00	9.4966800994e-03	1.0000000000e+00	
2.1811922047e-01	1.0122908539e+00	1.0056350657e+00	0.0000000000e+00	0.0000000000e+00	8.9145788642e-03	1.0000000000e+00	
2.2541320070e-01	1.0123697873e+00	1.0052460174e+00	0.0000000000e+00	0.0000000000e+00	8.3662560674e-03	1.0000000000e+00	
2.3295081490e-01	1.0123923465e+00	1.0051612070e+00	0.0000000000e+00	0.0000000000e+00	7.8487112234e-03	1.0000000000e+00	
2.4073992324e-01	1.0123528860e+00	1.0054113984e+00	0.0000000000e+00	0.0000000000e+00	7.3609772794e-03	1.0000000000e+00	
2.4878848664e-01	1.0122798509e+00	1.0058417623e+00	0.0000000000e+00	0.0000000000e+00	6.9055415365e-03	1.0000000000e+00	
2.5710452319e-01	1.0122193846e+00	1.0062014533e+00	0.0000000000e+00	0.0000000000e+00	6.4821234974e-03	1.0000000000e+00	
2.6569605744e-01	1.0122076307e+00	1.0062947211e+00	0.0000000000e+00	0.0000000000e+00	6.0804443324e-03	1.0000000000e+00	
2.7457106214e-01	1.0122493757e+00	1.0060956468e+00	0.0000000000e+00	0.0000000000e+00	5.6990986066e-03	1.0000000000e+00	
2.8373739190e-01	1.0123150490e+00	1.0057641843e+00	0.0000000000e+00	0.0000000000e+00	5.3491797396e-03	1.0000000000e+00	
2.9320270889e-01	1.0123598641e+00	1.0055450077e+00	0.0000000000e+00	0.0000000000e+00	5.0144928385e-03	1.0000000000e+00	
3.0297440042e-01	1.0123559949e+00	1.0055887545e+00	0.0000000000e+00	0.0000000000e+00	4.7038389580e-03	1.0000000000e+00	
3.1305948871e-01	1.0123155216e+00	1.0058302449e+00	0.0000000000e+00	0.0000000000e+00	4.4104369735e-03	1.0000000000e+00	
3.2346453372e-01	1.0122788060e+00	1.0060497548e+00	0.0000000000e+00	0.0000000000e+00	4.1382443528e-03	1.0000000000e+00	
3.3419552988e-01	1.0122782790e+00	1.0060716257e+00	0.0000000000e+00	0.0000000000e+00	3.8782796021e-03	1.0000000000e+00	
3.4525779856e-01	1.0123105832e+00	1.0059134068e+00	0.0000000000e+00	0.0000000000e+00	3.6401643121e-03	1.0000000000e+00	
3.5665587829e-01	1.0123427199e+00	1.0057551419e+00	0.0000000000e+00	0.0000000000e+00	3.4151295903e-03	1.0000000000e+00	
3.6839341576e-01	1.0123459492e+00	1.0057531507e+00	0.0000000000e+00	0.0000000000e+00	3.2022138122e-03	1.0000000000e+00	
3.8047306088e-01	1.0123250250e+00	1.0058813848e+00	0.0000000000e+00	0.0000000000e+00	3.0042046341e-03	1.0000000000e+00	
3.9289637039e-01	1.0123093001e+00	1.0059803420e+00	0.0000000000e+00	0.0000000000e+00	2.8200166942e-03	1.0000000000e+00	
4.0566372464e-01	1.0123168067e+00	1.0059521150e+00	0.0000000000e+00	0.0000000000e+00	2.6478833440e-03	1.0000000000e+00	
4.1877426325e-01	1.0123355857e+00	1.0058618061e+00	0.0000000000e+00	0.0000000000e+00	2.4866692995e-03	1.0000000000e+00	
4.3222584520e-01	1.0123427394e+00	1.0058339490e+00	0.0000000000e+00	0.0000000000e+00	2.3357259854e-03	1.0000000000e+00	
4.4601503952e-01	1.0123344974e+00	1.0058890775e+00	0.0000000000e+00	0.0000000000e+00	2.1945691893e-03	1.0000000000e+00	
4.6013715211e-01	1.0123273036e+00	1.0059378069e+00	0.0000000000e+00	0.0000000000e+00	2.0630004867e-03	1.0000000000e+00	
4.7458629378e-01	1.0123319345e+00	1.0059215460e+00	0.0000000000e+00	0.0000000000e+00	1.9410411994e-03	1.0000000000e+00	
4.8935549322e-01	1.0123403765e+00	1.0058839430e+00	0.0000000000e+00	0.0000000000e+00	1.8276029677e-03	1.0000000000e+00	
5.0443685690e-01	1.0123415027e+00	1.0058856691e+00	0.0000000000e+00	0.0000000000e+00	1.7202426943e-03	1.0000000000e+00	
5.1982177566e-01	1.0123376319e+00	1.0059140528e+00	0.0000000000e+00	0.0000000000e+00	1.6198517134e-03	1.0000000000e+00	
5.3550117499e-01	1.0123374663e+00	1.0059216472e+00	0.0000000000e+00	0.0000000000e+00	1.5282899679e-03	1.0000000000e+00	
5.5146580292e-01	1.0123414004e+00	1.0059066525e+00	0.0000000000e+00	0.0000000000e+00	1.4408312745e-03	1.0000000000e+00	
5.6770654686e-01	1.0123433955e+00	1.0059016802e+00	0.0000000000e+00	0.0000000000e+00	1.3604846218e-03	1.0000000000e+00	
5.8421476776e-01	1.0123423767e+00	1.0059127408e+00	0.0000000000e+00	0.0000000000e+00	1.2849507608e-03	1.0000000000e+00	
6.0098263821e-01	1.0123422490e+00	1.0059185542e+00	0.0000000000e+00	0.0000000000e+00	1.2149301484e-03	1.0000000000e+00	
6.1800346994e-01	1.0123440176e+00	1.0059137788e+00	0.0000000000e+00	0.0000000000e+00	1.1487318975e-03	1.0000000000e+00	
6.3527201631e-01	1.0123451602e+00	1.0059119857e+00	0.0000000000e+00	0.0000000000e+00	1.0882889550e-03	1.0000000000e+00	
6.5278473649e-01	1.0123450910e+00	1.0059166091e+00	0.0000000000e+00	0.0000000000e+00	1.0301933510e-03	1.0000000000e+00	
6.7054001023e-01	1.0123453699e+00	1.0059190024e+00	0.0000000000e+00	0.0000000000e+00	9.7671753262e-04	1.0000000000e+00	
6.8853829544e-01	1.0123462865e+00	1.0059176449e+00	0.0000000000e+00	0.0000000000e+00	9.2712240883e-04	1.0000000000e+00	
7.0678222374e-01	1.0123468723e+00	1.0059179199e+00	0.0000000000e+00	0.0000000000e+00	8.7979984059e-04	1.0000000000e+00	
7.2527663368e-01	1.0123470783e+00	1.0059200559e+00	0.0000000000e+00	0.0000000000e+00	8.3525792233e-04	1.0000000000e+00	
7.4402854372e-01	1.0123474859e+00	1.0059208686e+00	0.0000000000e+00	0.0000000000e+00	7.9383170321e-04	1.0000000000e+00	
7.6304707083e-01	1.0123480136e+00	1.0059208316e+00	0.0000000000e+00	0.0000000000e+00	7.5509894967e-04	1.0000000000e+00	
7.8234330210e-01	1.0123483531e+00	1.0059216539e+00	0.0000000000e+00	0.0000000000e+00	7.1860535137e-04	1.0000000000e+00	
8.0193012855e-01	1.0123486366e+00	1.0059226336e+00	0.0000000000e+00	0.0000000000e+00	6.8411763203e-04	1.0000000000e+00	
8.2182205061e-01	1.0123490016e+00	1.0059230346e+00	0.0000000000e+00	0.0000000000e+00	6.5149347684e-04	1.0000000000e+00	
8.4203496522e-01	1.0123493316e+00	1.0059234996e+00	0.0000000000e+00	0.0000000000e+00	6.2059284850e-04	1.0000000000e+00	
8.6258594345e-01	1.0123495958e+00	1.0059242055e+00	0.0000000000e+00	0.0000000000e+00	5.9128879583e-04	1.0000000000e+00	
8.8349300704e-01	1.0123498720e+00	1.0059247290e+00	0.0000000000e+00	0.0000000000e+00	5.6358706000e-04	1.0000000000e+00	
9.0477491123e-01	1.0123501428e+00	1.0059251537e+00	0.0000000000e+00	0.0000000000e+00	5.3763691298e-04	1.0000000000e+00	
9.2645093979e-01	1.0123503764e+00	1.0059256766e+00	0.0000000000e+00	0.0000000000e+00	5.1311941727e-04	1.0000000000e+00	
9.4854071716e-01	1.0123506064e+00	1.0059261717e+00	0.0000000000e+00	0.0000000000e+00	4.8923773044e-04	1.0000000000e+00	
9.7106404146e-01	1.0123508294e+00	1.0059265913e+00	0.0000000000e+00	0.0000000000e+00	4.6692026493e-04	1.0000000000e+00	
9.9404074103e-01	1.0123510354e+00	1.0059270206e+00	0.0000000000e+00	0.0000000000e+00	4.4572288580e-04	1.0000000000e+00	
1.0174905558e+00	1.0123512320e+00	1.0059274387e+00	0.0000000000e+00	0.0000000000e+00	4.2538642689e-04	1.0000000000e+00	
1.0414330447e+00	1.0123514217e+00	1.0059278261e+00	0.0000000000e+00	0.0000000000e+00	4.0598185918e-04	1.0000000000e+00	
1.0658875175e+00	1.0123515968e+00	1.0059281976e+00	0.0000000000e+00	0.0000000000e+00	3.8787627198e-04	1.0000000000e+00	
1.0908729924e+00	1.0123517671e+00	1.0059285593e+00	0.0000000000e+00	0.0000000000e+00	3.7026884315e-04	1.0000000000e+00	
1.1164081746e+00	1.0123519287e+00	1.0059289125e+00	0.0000000000e+00	0.0000000000e+00	3.5341518239e-04	1.0000000000e+00	
1.1425114566e+00	1.0123520802e+00	1.0059292576e+00	0.0000000000e+00	0.0000000000e+00	3.3743235009e-04	1.0000000000e+00	
1.1692009350e+00	1.0123522234e+00	1.0059295888e+00	0.0000000000e+00	0.0000000000e+00	3.2225183388e-04	1.0000000000e+00	
1.1964944428e+00	1.0123523583e+00	1.0059299089e+00	0.0000000000e+00	0.0000000000e+00	3.0784225973e-04	1.0000000000e+00	
1.2244095926e+00	1.0123524867e+00	1.0059302168e+00	0.0000000000e+00	0.0000000000e+00	2.9408485023e-04	1.0000000000e+00	
1.2529638289e+00	1.0123526128e+00	1.0059305120e+00	0.0000000000e+00	0.0000000000e+00	2.8066872450e-04	1.0000000000e+00	
1.2821744853e+00	1.0123527304e+00	1.0059307923e+00	0.0000000000e+00	0.0000000000e+00	2.6808636794e-04	1.0000000000e+00	
1.3120588451e+00	1.0123528427e+00	1.0059310627e+00	0.0000000000e+00	0.0000000000e+00	2.5603695351e-04	1.0000000000e+00	
1.3426342022e+00	1.0123529485e+00	1.0059313239e+00	0.0000000000e+00	0.0000000000e+00	2.4459967696e-04	1.0000000000e+00	
1.3739179205e+00	1.0123530506e+00	1.0059315838e+00	0.0000000000e+00	0.0000000000e+00	2.3344937623e-04	1.0000000000e+00	
1.4059274907e+00	1.0123531453e+00	1.0059318377e+00	0.0000000000e+00	0.0000000000e+00	2.2293738528e-04	1.0000000000e+00	
1.4386805828e+00	1.0123532348e+00	1.0059320824e+00	0.0000000000e+00	0.0000000000e+00	2.1292964486e-04	1.0000000000e+00	
1.4721950944e+00	1.0123533208e+00	1.0059323163e+00	0.0000000000e+00	0.0000000000e+00	2.0333822488e-04	1.0000000000e+00	
1.5064891939e+00	1.0123534026e+00	1.0059325385e+00	0.0000000000e+00	0.0000000000e+00	1.9421514059e-04	1.0000000000e+00	
1.5415813588e+00	1.0123534795e+00	1.0059327499e+00	0.0000000000e+00	0.0000000000e+00	1.8560642322e-04	1.0000000000e+00	
1.5774904093e+00	1.0123535550e+00	1.0059329579e+00	0.0000000000e+00	0.0000000000e+00	1.7714454388e-04	1.0000000000e+00	
1.6142355381e+00	1.0123536233e+00	1.0059331606e+00	0.0000000000e+00	0.0000000000e+00	1.6928941853e-04	1.0000000000e+00	
1.6518363357e+00	1.0123536901e+00	1.0059333635e+00	0.0000000000e+00	0.0000000000e+00	1.6155189175e-04	1.0000000000e+00	
1.6903128132e+00	1.0123537521e+00	1.0059335576e+00	0.0000000000e+00	0.0000000000e+00	1.5428770407e-04	1.0000000000e+00	
1.7296854224e+00	1.0123538114e+00	1.0059337413e+00	0.0000000000e+00	0.0000000000e+00	1.4736406251e-04	1.0000000000e+00	
1.7699750731e+00	1.0123538686e+00	1.0059339166e+00	0.0000000000e+00	0.0000000000e+00	1.4070910082e-04	1.0000000000e+00	
1.8112031500e+00	1.0123539222e+00	1.0059340854e+00	0.0000000000e+00	0.0000000000e+00	1.3441169340e-04	1.0000000000e+00	
1.8533915272e+00	1.0123539718e+00	1.0059342517e+00	0.0000000000e+00	0.0000000000e+00	1.2845017197e-04	1.0000000000e+00	
1.8965625828e+00	1.0123540202e+00	1.0059344183e+00	0.0000000000e+00	0.0000000000e+00	1.2256984871e-04	1.0000000000e+00	
1.9407392125e+00	1.0123540646e+00	1.0059345766e+00	0.0000000000e+00	0.0000000000e+00	1.1710587527e-04	1.0000000000e+00	
1.9859448427e+00	1.0123541074e+00	1.0059347262e+00	0.0000000000e+00	0.0000000000e+00	1.1187734009e-04	1.0000000000e+00	
2.0322034444e+00	1.0123541486e+00	1.0059348695e+00	0.0000000000e+00	0.0000000000e+00	1.0685522198e-04	1.0000000000e+00	
2.0795395455e+00	1.0123541878e+00	1.0059350107e+00	0.0000000000e+00	0.0000000000e+00	1.0200969366e-04	1.0000000000e+00	
2.1279782452e+00	1.0123542244e+00	1.0059351508e+00	0.0000000000e+00	0.0000000000e+00	9.7371663458e-05	1.0000000000e+00	
2.1775452266e+00	1.0123542575e+00	1.0059352846e+00	0.0000000000e+00	0.0000000000e+00	9.3074386941e-05	1.0000000000e+00	
2.2282667710e+00	1.0123542911e+00	1.0059354124e+00	0.0000000000e+00	0.0000000000e+00	8.8830980225e-05	1.0000000000e+00	
2.2801697719e+00	1.0123543227e+00	1.0059355343e+00	0.0000000000e+00	0.0000000000e+00	8.4814044659e-05	1.0000000000e+00	
2.3332817488e+00	1.0123543520e+00	1.0059356540e+00	0.0000000000e+00	0.0000000000e+00	8.0997537121e-05	1.0000000000e+00	
2.3876308626e+00	1.0123543789e+00	1.0059357714e+00	0.0000000000e+00	0.0000000000e+00	7.7389267515e-05	1.0000000000e+00	
2.4432459299e+00	1.0123544049e+00	1.0059358835e+00	0.0000000000e+00	0.0000000000e+00	7.3920638254e-05	1.0000000000e+00	
2.5001564385e+00	1.0123544303e+00	1.0059359899e+00	0.0000000000e+00	0.0000000000e+00	7.0582635323e-05	1.0000000000e+00	
2.5583925631e+00	1.0123544543e+00	1.0059360936e+00	0.0000000000e+00	0.0000000000e+00	6.7376145428e-05	1.0000000000e+00	
2.6179851813e+00	1.0123544765e+00	1.0059361953e+00	0.0000000000e+00	0.0000000000e+00	6.4337688418e-05	1.0000000000e+00	
2.6789658900e+00	1.0123544971e+00	1.0059362921e+00	0.0000000000e+00	0.0000000000e+00	6.1482639951e-05	1.0000000000e+00	
2.7413670218e+00	1.0123545174e+00	1.0059363840e+00	0.0000000000e+00	0.0000000000e+00	5.8712917539e-05	1.0000000000e+00	
2.8052216626e+00	1.0123545364e+00	1.0059364730e+00	0.0000000000e+00	0.0000000000e+00	5.6082994428e-05	1.0000000000e+00	
2.8705636692e+00	1.0123545545e+00	1.0059365601e+00	0.0000000000e+00	0.0000000000e+00	5.3542194654e-05	1.0000000000e+00	
2.9374276866e+00	1.0123545716e+00	1.0059366425e+00	0.0000000000e+00	0.0000000000e+00	5.1146233488e-05	1.0000000000e+00	
3.0058491670e+00	1.0123545882e+00	1.0059367208e+00	0.0000000000e+00	0.0000000000e+00	4.8841825349e-05	1.0000000000e+00	
3.0758643884e+00	1.0123546038e+00	1.0059367968e+00	0.0000000000e+00	0.0000000000e+00	4.6637964269e-05	1.0000000000e+00	
3.1475104739e+00	1.0123546189e+00	1.0059368697e+00	0.0000000000e+00	0.0000000000e+00	4.4521439565e-05	1.0000000000e+00	
3.2208254110e+00	1.0123546332e+00	1.0059369381e+00	0.0000000000e+00	0.0000000000e+00	4.2523712042e-05	1.0000000000e+00	
3.2958480725e+00	1.0123546466e+00	1.0059370033e+00	0.0000000000e+00	0.0000000000e+00	4.0634664099e-05	1.0000000000e+00	
3.3726182362e+00	1.0123546600e+00	1.0059370663e+00	0.0000000000e+00	0.0000000000e+00	3.8775972862e-05	1.0000000000e+00	
3.4511766067e+00	1.0123546726e+00	1.0059371249e+00	0.0000000000e+00	0.0000000000e+00	3.7033412649e-05	1.0000000000e+00	
3.5315648368e+00	1.0123546848e+00	1.0059371804e+00	0.0000000000e+00	0.0000000000e+00	3.5367421275e-05	1.0000000000e+00	
3.6138255493e+00	1.0123546963e+00	1.0059372326e+00	0.0000000000e+00	0.0000000000e+00	3.3799937019e-05	1.0000000000e+00	
3.6980023599e+00	1.0123547079e+00	1.0059372814e+00	0.0000000000e+00	0.0000000000e+00	3.2267633940e-05	1.0000000000e+00	
3.7841399003e+00	1.0123547191e+00	1.0059373269e+00	0.0000000000e+00	0.0000000000e+00	3.0817612880e-05	1.0000000000e+00	
3.8722838418e+00	1.0123547299e+00	1.0059373690e+00	0.0000000000e+00	0.0000000000e+00	2.9439231139e-05	1.0000000000e+00	
3.9624809195e+00	1.0123547407e+00	1.0059374078e+00	0.0000000000e+00	0.0000000000e+00	2.8101853612e-05	1.0000000000e+00	
4.0547789569e+00	1.0123547513e+00	1.0059374431e+00	0.0000000000e+00	0.0000000000e+00	2.6832982351e-05	1.0000000000e+00	
4.1492268919e+00	1.0123547615e+00	1.0059374746e+00	0.0000000000e+00	0.0000000000e+00	2.5642278099e-05	1.0000000000e+00	
4.2458748018e+00	1.0123547721e+00	1.0059375030e+00	0.0000000000e+00	0.0000000000e+00	2.4465508627e-05	1.0000000000e+00	
4.3447739308e+00	1.0123547824e+00	1.0059375275e+00	0.0000000000e+00	0.0000000000e+00	2.3363631935e-05	1.0000000000e+00	
4.4459767164e+00	1.0123547926e+00	1.0059375482e+00	0.0000000000e+00	0.0000000000e+00	2.2326295014e-05	1.0000000000e+00	
4.5495368178e+00	1.0123548030e+00	1.0059375654e+00	0.0000000000e+00	0.0000000000e+00	2.1310877679e-05	1.0000000000e+00	
4.6555091438e+00	1.0123548135e+00	1.0059375787e+00	0.0000000000e+00	0.0000000000e+00	2.0348593121e-05	1.0000000000e+00	
4.7639498823e+00	1.0123548239e+00	1.0059375879e+00	0.0000000000e+00	0.0000000000e+00	1.9448774803e-05	1.0000000000e+00	
4.8749165301e+00	1.0123548349e+00	1.0059375933e+00	0.0000000000e+00	0.0000000000e+00	1.8562286743e-05	1.0000000000e+00	
4.9884679232e+00	1.0123548458e+00	1.0059375944e+00	0.0000000000e+00	0.0000000000e+00	1.7733384606e-05	1.0000000000e+00	
5.1046642681e+00	1.0123548571e+00	1.0059375915e+00	0.0000000000e+00	0.0000000000e+00	1.6931262624e-05	1.0000000000e+00	
5.2235671735e+00	1.0123548687e+00	1.0059375841e+00	0.0000000000e+00	0.0000000000e+00	1.6171208161e-05	1.0000000000e+00	
5.3452396833e+00	1.0123548807e+00	1.0059375723e+00	0.0000000000e+00	0.0000000000e+00	1.5440736379e-05	1.0000000000e+00	
5.4697463100e+00	1.0123548931e+00	1.0059375560e+00	0.0000000000e+00	0.0000000000e+00	1.4744194775e-05	1.0000000000e+00	
5.5971530686e+00	1.0123549058e+00	1.0059375350e+00	0.0000000000e+00	0.0000000000e+00	1.4085194402e-05	1.0000000000e+00	
5.7275275118e+00	1.0123549191e+00	1.0059375093e+00	0.0000000000e+00	0.0000000000e+00	1.3446584564e-05	1.0000000000e+00	
5.8609387659e+00	1.0123549329e+00	1.0059374786e+00	0.0000000000e+00	0.0000000000e+00	1.2841690463e-05	1.0000000000e+00	
5.9974575674e+00	1.0123549472e+00	1.0059374426e+00	0.0000000000e+00	0.0000000000e+00	1.2269691320e-05	1.0000000000e+00	
6.1371563002e+00	1.0123549622e+00	1.0059374015e+00	0.0000000000e+00	0.0000000000e+00	1.1714198628e-05	1.0000000000e+00	
6.2801090345e+00	1.0123549779e+00	1.0059373547e+00	0.0000000000e+00	0.0000000000e+00	1.1193087423e-05	1.0000000000e+00	
6.4263915658e+00	1.0123549943e+00	1.0059373022e+00	0.0000000000e+00	0.0000000000e+00	1.0689840661e-05	1.0000000000e+00	
6.5760814549e+00	1.0123550116e+00	1.0059372440e+00	0.0000000000e+00	0.0000000000e+00	1.0201098913e-05	1.0000000000e+00	
6.7292580695e+00	1.0123550295e+00	1.0059371794e+00	0.0000000000e+00	0.0000000000e+00	9.7466348694e-06	1.0000000000e+00	
6.8860026257e+00	1.0123550485e+00	1.0059371086e+00	0.0000000000e+00	0.0000000000e+00	9.3022013307e-06	1.0000000000e+00	
7.0463982317e+00	1.0123550684e+00	1.0059370311e+00	0.0000000000e+00	0.0000000000e+00	8.8873360200e-06	1.0000000000e+00	
7.2105299314e+00	1.0123550893e+00	1.0059369468e+00	0.0000000000e+00	0.0000000000e+00	8.4840994727e-06	1.0000000000e+00	
7.3784847494e+00	1.0123551112e+00	1.0059368552e+00	0.0000000000e+00	0.0000000000e+00	8.1091219604e-06	1.0000000000e+00	
7.5503517377e+00	1.0123551343e+00	1.0059367563e+00	0.0000000000e+00	0.0000000000e+00	7.7438862540e-06	1.0000000000e+00	
7.7262220224e+00	1.0123551587e+00	1.0059366498e+00	0.0000000000e+00	0.0000000000e+00	7.3881188479e-06	1.0000000000e+00	
7.9061888524e+00	1.0123551842e+00	1.0059365351e+00	0.0000000000e+00	0.0000000000e+00	7.0567595898e-06	1.0000000000e+00	
8.0903476483e+00	1.0123552111e+00	1.0059364121e+00	0.0000000000e+00	0.0000000000e+00	6.7390785191e-06	1.0000000000e+00	
8.2787960536e+00	1.0123552394e+00	1.0059362803e+00	0.0000000000e+00	0.0000000000e+00	6.4411425317e-06	1.0000000000e+00	
8.4716339862e+00	1.0123552692e+00	1.0059361395e+00	0.0000000000e+00	0.0000000000e+00	6.1515708410e-06	1.0000000000e+00	
8.6689636912e+00	1.0123553005e+00	1.0059359892e+00	0.0000000000e+00	0.0000000000e+00	5.8734269786e-06	1.0000000000e+00	
8.8708897956e+00	1.0123553336e+00	1.0059358291e+00	0.0000000000e+00	0.0000000000e+00	5.6056954624e-06	1.0000000000e+00	
9.0775193631e+00	1.0123553683e+00	1.0059356587e+00	0.0000000000e+00	0.0000000000e+00	5.3538397164e-06	1.0000000000e+00	
9.2889619515e+00	1.0123554049e+00	1.0059354775e+00	0.0000000000e+00	0.0000000000e+00	5.1121843570e-06	1.0000000000e+00	
9.5053296706e+00	1.0123554434e+00	1.0059352851e+00	0.0000000000e+00	0.0000000000e+00	4.8843522066e-06	1.0000000000e+00	
9.7267372412e+00	1.0123554839e+00	1.0059350810e+00	0.0000000000e+00	0.0000000000e+00	4.6639854111e-06	1.0000000000e+00	
9.9533020567e+00	1.0123555264e+00	1.0059348647e+00	0.0000000000e+00	0.0000000000e+00	4.4563516734e-06	1.0000000000e+00	
1.0185144245e+01	1.0123555713e+00	1.0059346357e+00	0.0000000000e+00	0.0000000000e+00	4.2560698005e-06	1.0000000000e+00	
1.0422386731e+01	1.0123556184e+00	1.0059343934e+00	0.0000000000e+00	0.0000000000e+00	4.0636368456e-06	1.0000000000e+00	
1.0665155305e+01	1.0123556680e+00	1.0059341372e+00	0.0000000000e+00	0.0000000000e+00	3.8777243282e-06	1.0000000000e+00	
1.0913578685e+01	1.0123557201e+00	1.0059338664e+00	0.0000000000e+00	0.0000000000e+00	3.7070111828e-06	1.0000000000e+00	
1.1167788589e+01	1.0123557750e+00	1.0059335805e+00	0.0000000000e+00	0.0000000000e+00	3.5365675283e-06	1.0000000000e+00	
1.1427919802e+01	1.0123558326e+00	1.0059332788e+00	0.0000000000e+00	0.0000000000e+00	3.3792396530e-06	1.0000000000e+00	
1.1694110250e+01	1.0123558932e+00	1.0059329605e+00	0.0000000000e+00	0.0000000000e+00	3.2284435421e-06	1.0000000000e+00	
1.1966501070e+01	1.0123559569e+00	1.0059326249e+00	0.0000000000e+00	0.0000000000e+00	3.0834916640e-06	1.0000000000e+00	
1.2245236687e+01	1.0123560238e+00	1.0059322712e+00	0.0000000000e+00	0.0000000000e+00	2.9431578811e-06	1.0000000000e+00	
1.2530464890e+01	1.0123560942e+00	1.0059318985e+00	0.0000000000e+00	0.0000000000e+00	2.8097505731e-06	1.0000000000e+00	
1.2822336912e+01	1.0123561680e+00	1.0059315061e+00	0.0000000000e+00	0.0000000000e+00	2.6835656987e-06	1.0000000000e+00	
1.3121007507e+01	1.0123562457e+00	1.0059310930e+00	0.0000000000e+00	0.0000000000e+00	2.5622070772e-06	1.0000000000e+00	
1.3426635034e+01	1.0123563272e+00	1.0059306582e+00	0.0000000000e+00	0.0000000000e+00	2.4481090951e-06	1.0000000000e+00	
1.3739381540e+01	1.0123564128e+00	1.0059302008e+00	0.0000000000e+00	0.0000000000e+00	2.3393295216e-06	1.0000000000e+00	
1.4059412848e+01	1.0123565027e+00	1.0059297198e+00	0.0000000000e+00	0.0000000000e+00	2.2318003663e-06	1.0000000000e+00	
1.4386898643e+01	1.0123565971e+00	1.0059292140e+00	0.0000000000e+00	0.0000000000e+00	2.1331510397e-06	1.0000000000e+00	
1.4722012562e+01	1.0123566962e+00	1.0059286823e+00	0.0000000000e+00	0.0000000000e+00	2.0353393267e-06	1.0000000000e+00	
1.5064932287e+01	1.0123568002e+00	1.0059281234e+00	0.0000000000e+00	0.0000000000e+00	1.9444294912e-06	1.0000000000e+00	
1.5415839638e+01	1.0123569094e+00	1.0059275363e+00	0.0000000000e+00	0.0000000000e+00	1.8565148090e-06	1.0000000000e+00	
1.5774920672e+01	1.0123570239e+00	1.0059269195e+00	0.0000000000e+00	0.0000000000e+00	1.7726269294e-06	1.0000000000e+00	
1.6142365778e+01	1.0123571442e+00	1.0059262716e+00	0.0000000000e+00	0.0000000000e+00	1.6947247902e-06	1.0000000000e+00	
1.6518369779e+01	1.0123572703e+00	1.0059255913e+00	0.0000000000e+00	0.0000000000e+00	1.6176808821e-06	1.0000000000e+00	
1.6903132039e+01	1.0123574027e+00	1.0059248770e+00	0.0000000000e+00	0.0000000000e+00	1.5451964930e-06	1.0000000000e+00	
1.7296856563e+01	1.0123575416e+00	1.0059241271e+00	0.0000000000e+00	0.0000000000e+00	1.4741358755e-06	1.0000000000e+00	
1.7699752109e+01	1.0123576872e+00	1.0059233401e+00	0.0000000000e+00	0.0000000000e+00	1.4081445376e-06	1.0000000000e+00	
1.8112032299e+01	1.0123578400e+00	1.0059225140e+00	0.0000000000e+00	0.0000000000e+00	1.3451778732e-06	1.0000000000e+00	
1.8533915727e+01	1.0123580003e+00	1.0059216473e+00	0.0000000000e+00	0.0000000000e+00	1.2840194203e-06	1.0000000000e+00	
1.8965626083e+01	1.0123581683e+00	1.0059207379e+00	0.0000000000e+00	0.0000000000e+00	1.2267663551e-06	1.0000000000e+00	
1.9407392265e+01	1.0123583445e+00	1.0059197838e+00	0.0000000000e+00	0.0000000000e+00	1.1709371089e-06	1.0000000000e+00	
1.9859448503e+01	1.0123585293e+00	1.0059187830e+00	0.0000000000e+00	0.0000000000e+00	1.1190040475e-06	1.0000000000e+00	
2.0322034484e+01	1.0123587231e+00	1.0059177334e+00	0.0000000000e+00	0.0000000000e+00	1.0683096150e-06	1.0000000000e+00	
2.0795395476e+01	1.0123589262e+00	1.0059166325e+00	0.0000000000e+00	0.0000000000e+00	1.0208666400e-06	1.0000000000e+00	
2.1279782463e+01	1.0123591392e+00	1.0059154780e+00	0.0000000000e+00	0.0000000000e+00	9.7430801397e-07	1.0000000000e+00	
2.1775452271e+01	1.0123593624e+00	1.0059142675e+00	0.0000000000e+00	0.0000000000e+00	9.3068851979e-07	1.0000000000e+00	
2.2282667713e+01	1.0123595964e+00	1.0059129983e+00	0.0000000000e+00	0.0000000000e+00	8.8926278191e-07	1.0000000000e+00	
2.2801697720e+01	1.0123598417e+00	1.0059116676e+00	0.0000000000e+00	0.0000000000e+00	8.4864040495e-07	1.0000000000e+00	
2.3332817489e+01	1.0123600988e+00	1.0059102726e+00	0.0000000000e+00	0.0000000000e+00	8.1016974118e-07	1.0000000000e+00	
2.3876308627e+01	1.0123603683e+00	1.0059088103e+00	0.0000000000e+00	0.0000000000e+00	7.7408632259e-07	1.0000000000e+00	
2.4432459299e+01	1.0123606507e+00	1.0059072774e+00	0.0000000000e+00	0.0000000000e+00	7.3926314331e-07	1.0000000000e+00	
2.5001564385e+01	1.0123609467e+00	1.0059056708e+00	0.0000000000e+00	0.0000000000e+00	7.0595619844e-07	1.0000000000e+00	
2.5583925631e+01	1.0123612568e+00	1.0059039870e+00	0.0000000000e+00	0.0000000000e+00	6.7414958046e-07	1.0000000000e+00	
2.6179851813e+01	1.0123615818e+00	1.0059022223e+00	0.0000000000e+00	0.0000000000e+00	6.4392706699e-07	1.0000000000e+00	
2.6789658900e+01	1.0123619224e+00	1.0059003730e+00	0.0000000000e+00	0.0000000000e+00	6.1506330623e-07	1.0000000000e+00	
2.7413670218e+01	1.0123622792e+00	1.0058984350e+00	0.0000000000e+00	0.0000000000e+00	5.8736878775e-07	1.0000000000e+00	
2.8052216626e+01	1.0123626531e+00	1.0058964043e+00	0.0000000000e+00	0.0000000000e+00	5.6059346907e-07	1.0000000000e+00	
2.8705636692e+01	1.0123630448e+00	1.0058942765e+00	0.0000000000e+00	0.0000000000e+00	5.3540285614e-07	1.0000000000e+00	
2.9374276866e+01	1.0123634552e+00	1.0058920470e+00	0.0000000000e+00	0.0000000000e+00	5.1112478708e-07	1.0000000000e+00	
3.0058491670e+01	1.0123638852e+00	1.0058897112e+00	0.0000000000e+00	0.0000000000e+00	4.8867462017e-07	1.0000000000e+00	
