5.4459000000e-06	1.0292586745e+00
5.6305000000e-06	1.0292586745e+00
5.8214000000e-06	1.0292586744e+00
6.0187000000e-06	1.0292586744e+00
6.2227000000e-06	1.0292586744e+00
6.4336000000e-06	1.0292586743e+00
6.6517000000e-06	1.0292586743e+00
6.8771000000e-06	1.0292586742e+00
7.1102000000e-06	1.0292586742e+00
7.3512000000e-06	1.0292586742e+00
7.6004000000e-06	1.0292586742e+00
7.8580000000e-06	1.0292586741e+00
8.1244000000e-06	1.0292586740e+00
8.3998000000e-06	1.0292586651e+00
8.6845000000e-06	1.0292586647e+00
8.9788000000e-06	1.0292586148e+00
9.2832000000e-06	1.0292586556e+00
9.5978000000e-06	1.0292585978e+00
9.9231000000e-06	1.0292586475e+00
1.0259000000e-05	1.0292586459e+00
1.0607000000e-05	1.0292586458e+00
1.0967000000e-05	1.0292585867e+00
1.1338000000e-05	1.0292585867e+00
1.1723000000e-05	1.0292585866e+00
1.2120000000e-05	1.0292585774e+00
1.2531000000e-05	1.0292584902e+00
1.2956000000e-05	1.0292584900e+00
1.3395000000e-05	1.0292584899e+00
1.3849000000e-05	1.0292584805e+00
1.4318000000e-05	1.0292584713e+00
1.4804000000e-05	1.0292584801e+00
1.5305000000e-05	1.0292584708e+00
1.5824000000e-05	1.0292584116e+00
1.6360000000e-05	1.0292584006e+00
1.6915000000e-05	1.0292583911e+00
1.7488000000e-05	1.0292583528e+00
1.8081000000e-05	1.0292583524e+00
1.8694000000e-05	1.0292582921e+00
1.9328000000e-05	1.0292582917e+00
1.9983000000e-05	1.0292582736e+00
2.0660000000e-05	1.0292582518e+00
2.1360000000e-05	1.0292582046e+00
2.2084000000e-05	1.0292581858e+00
2.2833000000e-05	1.0292580408e+00
2.3607000000e-05	1.0292441705e+00
2.4407000000e-05	1.0292441115e+00
2.5234000000e-05	1.0292441021e+00
2.6090000000e-05	1.0291689611e+00
2.6974000000e-05	1.0291689901e+00
2.7888000000e-05	1.0291688941e+00
2.8833000000e-05	1.0291688767e+00
2.9811000000e-05	1.0291688586e+00
3.0821000000e-05	1.0291687895e+00
3.1866000000e-05	1.0291686809e+00
3.2946000000e-05	1.0291685639e+00
3.4063000000e-05	1.0291685628e+00
3.5217000000e-05	1.0291683284e+00
3.6411000000e-05	1.0291682691e+00
3.7645000000e-05	1.0291682483e+00
3.8921000000e-05	1.0291828354e+00
4.0240000000e-05	1.0291827183e+00
4.1604000000e-05	1.0291826294e+00
4.3014000000e-05	1.0292624798e+00
4.4472000000e-05	1.0292623536e+00
4.5980000000e-05	1.0292620200e+00
4.7538000000e-05	1.0292619011e+00
4.9150000000e-05	1.0292617124e+00
5.0816000000e-05	1.0292615680e+00
5.2538000000e-05	1.0292614609e+00
5.4319000000e-05	1.0292474170e+00
5.6160000000e-05	1.0292472267e+00
5.8063000000e-05	1.0292468702e+00
6.0032000000e-05	1.0291716222e+00
6.2066000000e-05	1.0291714207e+00
6.4170000000e-05	1.0291857722e+00
6.6345000000e-05	1.0291854868e+00
6.8594000000e-05	1.0292651381e+00
7.0919000000e-05	1.0292646995e+00
7.3323000000e-05	1.0292505130e+00
7.5808000000e-05	1.0292501554e+00
7.8377000000e-05	1.0291745240e+00
8.1034000000e-05	1.0291889486e+00
8.3781000000e-05	1.0291884391e+00
8.6621000000e-05	1.0292539484e+00
8.9557000000e-05	1.0292533414e+00
9.2592000000e-05	1.0292528339e+00
9.5730000000e-05	1.0291918220e+00
9.8975000000e-05	1.0291773544e+00
1.0233000000e-04	1.0292564785e+00
1.0580000000e-04	1.0292705092e+00
1.0938000000e-04	1.0291807464e+00
1.1309000000e-04	1.0291798375e+00
1.1693000000e-04	1.0292734234e+00
1.2089000000e-04	1.0291835295e+00
1.2499000000e-04	1.0291824894e+00
1.2922000000e-04	1.0292621146e+00
1.3360000000e-04	1.0291858730e+00
1.3813000000e-04	1.0292652624e+00
1.4281000000e-04	1.0291887061e+00
1.4765000000e-04	1.0292681669e+00
1.5266000000e-04	1.0291922408e+00
1.5783000000e-04	1.0292703411e+00
1.6318000000e-04	1.0291944957e+00
1.6871000000e-04	1.0291982207e+00
1.7443000000e-04	1.0292017993e+00
1.8034000000e-04	1.0292004552e+00
1.8646000000e-04	1.0292038783e+00
1.9278000000e-04	1.0292069163e+00
1.9931000000e-04	1.0292099178e+00
2.0607000000e-04	1.0292127840e+00
2.1305000000e-04	1.0292153833e+00
2.2027000000e-04	1.0292038139e+00
2.2774000000e-04	1.0292206102e+00
2.3546000000e-04	1.0291332879e+00
2.4344000000e-04	1.0292299985e+00
2.5169000000e-04	1.0291567811e+00
2.6022000000e-04	1.0292242797e+00
2.6904000000e-04	1.0291504173e+00
2.7816000000e-04	1.0291573567e+00
2.8759000000e-04	1.0291633147e+00
2.9734000000e-04	1.0291686628e+00
3.0742000000e-04	1.0291743000e+00
3.1784000000e-04	1.0291043800e+00
3.2861000000e-04	1.0291749092e+00
3.3975000000e-04	1.0291185408e+00
3.5126000000e-04	1.0291132936e+00
3.6317000000e-04	1.0291223322e+00
3.7548000000e-04	1.0291159739e+00
3.8821000000e-04	1.0291282797e+00
4.0136000000e-04	1.0290609797e+00
4.1497000000e-04	1.0290866006e+00
4.2903000000e-04	1.0290840550e+00
4.4358000000e-04	1.0290989101e+00
4.5861000000e-04	1.0291139460e+00
4.7416000000e-04	1.0290387682e+00
4.9023000000e-04	1.0290380619e+00
5.0684000000e-04	1.0290554425e+00
5.2402000000e-04	1.0289973351e+00
5.4179000000e-04	1.0290181840e+00
5.6015000000e-04	1.0290237530e+00
5.7914000000e-04	1.0289532388e+00
5.9877000000e-04	1.0289007261e+00
6.1906000000e-04	1.0289274702e+00
6.4004000000e-04	1.0288773785e+00
6.6174000000e-04	1.0288925415e+00
6.8417000000e-04	1.0289102489e+00
7.0736000000e-04	1.0288521615e+00
7.3133000000e-04	1.0287966561e+00
7.5612000000e-04	1.0287591449e+00
7.8175000000e-04	1.0287849604e+00
8.0825000000e-04	1.0286593528e+00
8.3564000000e-04	1.0286917284e+00
8.6397000000e-04	1.0286512537e+00
8.9325000000e-04	1.0286138679e+00
9.2353000000e-04	1.0285785031e+00
9.5483000000e-04	1.0285507467e+00
9.8720000000e-04	1.0284297864e+00
1.0207000000e-03	1.0284103189e+00
1.0553000000e-03	1.0283931192e+00
1.0910000000e-03	1.0283059731e+00
1.1280000000e-03	1.0281921483e+00
1.1662000000e-03	1.0281926718e+00
1.2058000000e-03	1.0281043044e+00
1.2466000000e-03	1.0280262460e+00
1.2889000000e-03	1.0279532463e+00
1.3326000000e-03	1.0278897051e+00
1.3777000000e-03	1.0277407527e+00
1.4244000000e-03	1.0276002486e+00
1.4727000000e-03	1.0275639505e+00
1.5226000000e-03	1.0274402230e+00
1.5743000000e-03	1.0273145875e+00
1.6276000000e-03	1.0271399373e+00
1.6828000000e-03	1.0270387372e+00
1.7398000000e-03	1.0268727119e+00
1.7988000000e-03	1.0267162802e+00
1.8598000000e-03	1.0265808802e+00
1.9228000000e-03	1.0263638500e+00
1.9880000000e-03	1.0261652857e+00
2.0554000000e-03	1.0259704280e+00
2.1250000000e-03	1.0258068278e+00
2.1970000000e-03	1.0255690428e+00
2.2715000000e-03	1.0253561691e+00
2.3485000000e-03	1.0250721112e+00
2.4281000000e-03	1.0247975260e+00
2.5104000000e-03	1.0244685487e+00
2.5955000000e-03	1.0242472207e+00
2.6835000000e-03	1.0238982040e+00
2.7744000000e-03	1.0235495438e+00
2.8685000000e-03	1.0231513502e+00
2.9657000000e-03	1.0227755108e+00
3.0662000000e-03	1.0224395745e+00
3.1702000000e-03	1.0218859953e+00
3.2776000000e-03	1.0214425619e+00
3.3887000000e-03	1.0210396155e+00
3.5036000000e-03	1.0205111200e+00
3.6223000000e-03	1.0199386129e+00
3.7451000000e-03	1.0194012653e+00
3.8720000000e-03	1.0188391906e+00
4.0033000000e-03	1.0181291944e+00
4.1390000000e-03	1.0174936523e+00
4.2793000000e-03	1.0168182075e+00
4.4243000000e-03	1.0161100049e+00
4.5743000000e-03	1.0153776369e+00
4.7293000000e-03	1.0146130114e+00
4.8896000000e-03	1.0137750244e+00
5.0554000000e-03	1.0128943294e+00
5.2267000000e-03	1.0120053413e+00
5.4039000000e-03	1.0111895495e+00
5.5870000000e-03	1.0101888881e+00
5.7764000000e-03	1.0092722567e+00
5.9722000000e-03	1.0082767646e+00
6.1746000000e-03	1.0072908669e+00
6.3839000000e-03	1.0061984550e+00
6.6003000000e-03	1.0051522364e+00
6.8240000000e-03	1.0040770772e+00
7.0553000000e-03	1.0030388310e+00
7.2945000000e-03	1.0018524226e+00
7.5417000000e-03	1.0007615360e+00
7.7973000000e-03	9.9968678475e-01
8.0616000000e-03	9.9867480785e-01
8.3349000000e-03	9.9757370064e-01
8.6174000000e-03	9.9658261892e-01
8.9095000000e-03	9.9555231715e-01
9.2115000000e-03	9.9454371391e-01
9.5237000000e-03	9.9358919291e-01
9.8465000000e-03	9.9265985981e-01
1.0180000000e-02	9.9176255793e-01
1.0525000000e-02	9.9100047041e-01
1.0882000000e-02	9.9029536405e-01
1.1251000000e-02	9.8951437356e-01
1.1632000000e-02	9.8886215675e-01
1.2027000000e-02	9.8827158936e-01
1.2434000000e-02	9.8769488024e-01
1.2856000000e-02	9.8723903281e-01
1.3291000000e-02	9.8663486020e-01
1.3742000000e-02	9.8627442944e-01
1.4208000000e-02	9.8584693261e-01
1.4689000000e-02	9.8542409711e-01
1.5187000000e-02	9.8507787450e-01
1.5702000000e-02	9.8464532958e-01
1.6234000000e-02	9.8434512807e-01
1.6784000000e-02	9.8406676120e-01
1.7353000000e-02	9.8360284179e-01
1.7941000000e-02	9.8328952847e-01
1.8550000000e-02	9.8289661513e-01
1.9178000000e-02	9.8265232693e-01
1.9828000000e-02	9.8241746876e-01
2.0500000000e-02	9.8209022189e-01
2.1195000000e-02	9.8176701803e-01
2.1914000000e-02	9.8158028787e-01
2.2657000000e-02	9.8140405276e-01
2.3424000000e-02	9.8107318758e-01
2.4218000000e-02	9.8086323859e-01
2.5039000000e-02	9.8075039762e-01
2.5888000000e-02	9.8044588727e-01
2.6766000000e-02	9.8036481699e-01
2.7673000000e-02	9.8014682272e-01
2.8611000000e-02	9.7992534364e-01
2.9580000000e-02	9.7974805545e-01
3.0583000000e-02	9.7958350615e-01
3.1620000000e-02	9.7943780349e-01
3.2691000000e-02	9.7929268433e-01
3.3800000000e-02	9.7914672673e-01
3.4945000000e-02	9.7901666034e-01
3.6130000000e-02	9.7889302279e-01
3.7354000000e-02	9.7876901738e-01
3.8620000000e-02	9.7866707055e-01
3.9929000000e-02	9.7857820188e-01
4.1283000000e-02	9.7849210728e-01
4.2682000000e-02	9.7844258942e-01
4.4129000000e-02	9.7837936561e-01
4.5625000000e-02	9.7834195648e-01
4.7171000000e-02	9.7828776988e-01
4.8770000000e-02	9.7823317472e-01
5.0423000000e-02	9.7823287714e-01
5.2132000000e-02	9.7820120541e-01
5.3899000000e-02	9.7821454846e-01
5.5726000000e-02	9.7821949531e-01
5.7615000000e-02	9.7825508483e-01
5.9568000000e-02	9.7824689548e-01
6.1587000000e-02	9.7828218927e-01
6.3674000000e-02	9.7829865773e-01
6.5833000000e-02	9.7829986586e-01
6.8064000000e-02	9.7826321725e-01
7.0371000000e-02	9.7823246565e-01
7.2756000000e-02	9.7821199701e-01
7.5222000000e-02	9.7812482646e-01
7.7772000000e-02	9.7806549641e-01
8.0408000000e-02	9.7801810808e-01
8.3134000000e-02	9.7789098028e-01
8.5951000000e-02	9.7778519053e-01
8.8865000000e-02	9.7766628030e-01
9.1877000000e-02	9.7761609451e-01
9.4991000000e-02	9.7753468248e-01
9.8211000000e-02	9.7743793073e-01
1.0154000000e-01	9.7738779417e-01
1.0498000000e-01	9.7749186984e-01
1.0854000000e-01	9.7743970228e-01
1.1222000000e-01	9.7754466236e-01
1.1602000000e-01	9.7763285263e-01
1.1995000000e-01	9.7777789643e-01
1.2402000000e-01	9.7785576514e-01
1.2822000000e-01	9.7787453429e-01
1.3257000000e-01	9.7783241555e-01
1.3706000000e-01	9.7781524879e-01
1.4171000000e-01	9.7773758371e-01
1.4651000000e-01	9.7769452498e-01
1.5148000000e-01	9.7757989212e-01
1.5661000000e-01	9.7736999562e-01
1.6192000000e-01	9.7738635253e-01
1.6741000000e-01	9.7727836632e-01
1.7308000000e-01	9.7748334633e-01
1.7895000000e-01	9.7752231802e-01
1.8502000000e-01	9.7760749131e-01
1.9129000000e-01	9.7777570592e-01
1.9777000000e-01	9.7768775911e-01
2.0448000000e-01	9.7778232770e-01
2.1141000000e-01	9.7765838038e-01
2.1857000000e-01	9.7753506735e-01
2.2598000000e-01	9.7736704460e-01
2.3364000000e-01	9.7742585499e-01
2.4156000000e-01	9.7748262022e-01
2.4975000000e-01	9.7754491593e-01
2.5821000000e-01	9.7758589418e-01
2.6696000000e-01	9.7759640408e-01
2.7601000000e-01	9.7752002079e-01
2.8537000000e-01	9.7746523671e-01
2.9504000000e-01	9.7745263625e-01
3.0504000000e-01	9.7747704663e-01
3.1538000000e-01	9.7753116518e-01
3.2607000000e-01	9.7754739664e-01
3.3712000000e-01	9.7750512324e-01
3.4855000000e-01	9.7748671676e-01
3.6036000000e-01	9.7749117278e-01
3.7258000000e-01	9.7747225112e-01
3.8521000000e-01	9.7748531042e-01
3.9826000000e-01	9.7749394252e-01
4.1176000000e-01	9.7746390918e-01
4.2572000000e-01	9.7745049563e-01
4.4015000000e-01	9.7749354152e-01
4.5507000000e-01	9.7749329525e-01
4.7049000000e-01	9.7750476334e-01
4.8644000000e-01	9.7746324339e-01
5.0293000000e-01	9.7746504358e-01
5.1998000000e-01	9.7748312346e-01
5.3760000000e-01	9.7747428522e-01
5.5582000000e-01	9.7746688756e-01
5.7466000000e-01	9.7746568239e-01
5.9414000000e-01	9.7745862186e-01
6.1428000000e-01	9.7750803010e-01
6.3510000000e-01	9.7747634287e-01
6.5663000000e-01	9.7741405121e-01
6.7888000000e-01	9.7743103824e-01
7.0189000000e-01	9.7750004816e-01
7.2568000000e-01	9.7744443921e-01
7.5028000000e-01	9.7747782207e-01
7.7571000000e-01	9.7742663532e-01
8.0201000000e-01	9.7744894649e-01
8.2919000000e-01	9.7741857353e-01
8.5729000000e-01	9.7748584877e-01
8.8635000000e-01	9.7750080842e-01
9.1640000000e-01	9.7737217303e-01
9.4746000000e-01	9.7742967318e-01
9.7957000000e-01	9.7746919095e-01
1.0128000000e+00	9.7746550753e-01
1.0471000000e+00	9.7745377271e-01
1.0826000000e+00	9.7745905445e-01
1.1193000000e+00	9.7745542461e-01
1.1572000000e+00	9.7745713679e-01
1.1965000000e+00	9.7744327638e-01
1.2370000000e+00	9.7743890152e-01
1.2789000000e+00	9.7744394388e-01
1.3223000000e+00	9.7744224685e-01
1.3671000000e+00	9.7743370603e-01
1.4134000000e+00	9.7745857216e-01
1.4613000000e+00	9.7745002143e-01
1.5109000000e+00	9.7745361404e-01
1.5621000000e+00	9.7742490584e-01
1.6150000000e+00	9.7745750990e-01
1.6698000000e+00	9.7743780420e-01
1.7264000000e+00	9.7742513332e-01
1.7849000000e+00	9.7745715296e-01
1.8454000000e+00	9.7741845281e-01
1.9079000000e+00	9.7742162895e-01
1.9726000000e+00	9.7744691583e-01
2.0395000000e+00	9.7744106665e-01
2.1086000000e+00	9.7746698517e-01
2.1801000000e+00	9.7747455950e-01
2.2540000000e+00	9.7743708328e-01
2.3304000000e+00	9.7740697303e-01
2.4094000000e+00	9.7746059734e-01
2.4910000000e+00	9.7738669244e-01
2.5755000000e+00	9.7741448067e-01
2.6628000000e+00	9.7743949433e-01
2.7530000000e+00	9.7749438016e-01
2.8463000000e+00	9.7744122278e-01
2.9428000000e+00	9.7742482215e-01
3.0425000000e+00	9.7734387205e-01
3.1457000000e+00	9.7739133709e-01
3.2523000000e+00	9.7744081655e-01
3.3625000000e+00	9.7746278318e-01
3.4765000000e+00	9.7741772747e-01
3.5943000000e+00	9.7751733117e-01
3.7162000000e+00	9.7745240702e-01
3.8421000000e+00	9.7743836029e-01
3.9724000000e+00	9.7746434893e-01
4.1070000000e+00	9.7743265299e-01
4.2462000000e+00	9.7743636492e-01
4.3901000000e+00	9.7743612746e-01
4.5389000000e+00	9.7742613328e-01
4.6928000000e+00	9.7742790628e-01
4.8518000000e+00	9.7743105233e-01
5.0163000000e+00	9.7743857436e-01
5.1863000000e+00	9.7743472142e-01
5.3621000000e+00	9.7743268521e-01
5.5439000000e+00	9.7744236987e-01
5.7318000000e+00	9.7744625750e-01
5.9261000000e+00	9.7744355485e-01
6.1269000000e+00	9.7745096523e-01
6.3346000000e+00	9.7742836552e-01
6.5493000000e+00	9.7742815915e-01
6.7713000000e+00	9.7743490387e-01
7.0008000000e+00	9.7741046314e-01
7.2381000000e+00	9.7745556206e-01
7.4834000000e+00	9.7738134139e-01
7.7371000000e+00	9.7741588276e-01
7.9994000000e+00	9.7738050777e-01
8.2705000000e+00	9.7744025076e-01
8.5508000000e+00	9.7742219468e-01
8.8406000000e+00	9.7741207560e-01
9.1403000000e+00	9.7743136799e-01
9.4501000000e+00	9.7737819716e-01
9.7704000000e+00	9.7734211960e-01
1.0102000000e+01	9.7741593936e-01
1.0444000000e+01	9.7747759668e-01
1.0798000000e+01	9.7741997756e-01
1.1164000000e+01	9.7732606050e-01
1.1542000000e+01	9.7739720595e-01
1.1934000000e+01	9.7743871007e-01
1.2338000000e+01	9.7742739067e-01
1.2756000000e+01	9.7733145871e-01
1.3189000000e+01	9.7749777837e-01
1.3636000000e+01	9.7738120412e-01
1.4098000000e+01	9.7748195781e-01
1.4576000000e+01	9.7740746469e-01
1.5070000000e+01	9.7739428143e-01
1.5581000000e+01	9.7739410790e-01
1.6109000000e+01	9.7739442888e-01
1.6655000000e+01	9.7738646783e-01
1.7219000000e+01	9.7737996803e-01
1.7803000000e+01	9.7739455130e-01
1.8406000000e+01	9.7739891856e-01
1.9030000000e+01	9.7737791700e-01
1.9675000000e+01	9.7736813045e-01
2.0342000000e+01	9.7738398549e-01
2.1032000000e+01	9.7735054149e-01
2.1744000000e+01	9.7737012589e-01
2.2482000000e+01	9.7737032111e-01
2.3244000000e+01	9.7736087742e-01
2.4031000000e+01	9.7736719580e-01
2.4846000000e+01	9.7737515172e-01
2.5688000000e+01	9.7734123426e-01
2.6559000000e+01	9.7733856135e-01
2.7459000000e+01	9.7732545574e-01
2.8390000000e+01	9.7735278054e-01
2.9352000000e+01	9.7727104394e-01
3.0347000000e+01	9.7726511881e-01
3.1375000000e+01	9.7732746459e-01
3.2439000000e+01	9.7733726606e-01
3.3538000000e+01	9.7730569169e-01
3.4675000000e+01	9.7724097914e-01
3.5851000000e+01	9.7720697983e-01
3.7066000000e+01	9.7718541941e-01
3.8322000000e+01	9.7723161858e-01
3.9621000000e+01	9.7726421905e-01
4.0964000000e+01	9.7716812787e-01
4.2352000000e+01	9.7727701681e-01
4.3788000000e+01	9.7725477192e-01
4.5272000000e+01	9.7718404198e-01
4.6807000000e+01	9.7717809792e-01
4.8393000000e+01	9.7721706561e-01
5.0034000000e+01	9.7711037503e-01
