1.053481227383e-05	9.999999568916e-01	1.211868541001e+00	1.062482654763e+00	1.062482621439e+00	9.490893588668e-01
1.078019957481e-05	9.999999548600e-01	1.211868364587e+00	1.062482649211e+00	1.062482614318e+00	9.490892075599e-01
1.103130268029e-05	9.999999527329e-01	1.211868179859e+00	1.062482643452e+00	1.062482606922e+00	9.490890492009e-01
1.128825472847e-05	9.999999505048e-01	1.211867986423e+00	1.062482637327e+00	1.062482599085e+00	9.490888832780e-01
1.155119195872e-05	9.999999481728e-01	1.211867783873e+00	1.062482630842e+00	1.062482590784e+00	9.490887094345e-01
1.182025378385e-05	9.999999457291e-01	1.211867571776e+00	1.062482624120e+00	1.062482582145e+00	9.490885275013e-01
1.209558286399e-05	9.999999431718e-01	1.211867349684e+00	1.062482617061e+00	1.062482573140e+00	9.490883369499e-01
1.237732518227e-05	9.999999404934e-01	1.211867117125e+00	1.062482609638e+00	1.062482563650e+00	9.490881373855e-01
1.266563012220e-05	9.999999376892e-01	1.211866873605e+00	1.062482601849e+00	1.062482553691e+00	9.490879284178e-01
1.296065054687e-05	9.999999347530e-01	1.211866618610e+00	1.062482593660e+00	1.062482543229e+00	9.490877095635e-01
1.326254288001e-05	9.999999316779e-01	1.211866351597e+00	1.062482585108e+00	1.062482532295e+00	9.490874803946e-01
1.357146718894e-05	9.999999284582e-01	1.211866071999e+00	1.062482576165e+00	1.062482520849e+00	9.490872404589e-01
1.388758726941e-05	9.999999250860e-01	1.211865779224e+00	1.062482566793e+00	1.062482508906e+00	9.490869892301e-01
1.421107073247e-05	9.999999215557e-01	1.211865472652e+00	1.062482557060e+00	1.062482496418e+00	9.490867261873e-01
1.454208909334e-05	9.999999178591e-01	1.211865151632e+00	1.062482546840e+00	1.062482483332e+00	9.490864507507e-01
1.488081786234e-05	9.999999139875e-01	1.211864815482e+00	1.062482536112e+00	1.062482469637e+00	9.490861623125e-01
1.522743663794e-05	9.999999099342e-01	1.211864463490e+00	1.062482524867e+00	1.062482455248e+00	9.490858602606e-01
1.558212920200e-05	9.999999056890e-01	1.211864094909e+00	1.062482513092e+00	1.062482440193e+00	9.490855439722e-01
1.594508361722e-05	9.999999012444e-01	1.211863708958e+00	1.062482501029e+00	1.062482424690e+00	9.490852130469e-01
1.631649232683e-05	9.999998965905e-01	1.211863304818e+00	1.062482488307e+00	1.062482408378e+00	9.490848664467e-01
1.669655225665e-05	9.999998917169e-01	1.211862881631e+00	1.062482474576e+00	1.062482390867e+00	9.490845030846e-01
1.708546491948e-05	9.999998866134e-01	1.211862438500e+00	1.062482460920e+00	1.062482373263e+00	9.490841233284e-01
1.748343652196e-05	9.999998812697e-01	1.211861974485e+00	1.062482445904e+00	1.062482354118e+00	9.490837249470e-01
1.789067807391e-05	9.999998756742e-01	1.211861488602e+00	1.062482430541e+00	1.062482334441e+00	9.490833081706e-01
1.830740550019e-05	9.999998698151e-01	1.211860979820e+00	1.062482414390e+00	1.062482313750e+00	9.490828716708e-01
1.873383975518e-05	9.999998636791e-01	1.211860447060e+00	1.062482397443e+00	1.062482292067e+00	9.490824145575e-01
1.917020693999e-05	9.999998572550e-01	1.211859889193e+00	1.062482379813e+00	1.062482269467e+00	9.490819360430e-01
1.961673842226e-05	9.999998505275e-01	1.211859305034e+00	1.062482361285e+00	1.062482245749e+00	9.490814349030e-01
2.007367095890e-05	9.999998434832e-01	1.211858693345e+00	1.062482341726e+00	1.062482220736e+00	9.490809099746e-01
2.054124682160e-05	9.999998361065e-01	1.211858052828e+00	1.062482321282e+00	1.062482194599e+00	9.490803603502e-01
2.101971392525e-05	9.999998283823e-01	1.211857382125e+00	1.062482300260e+00	1.062482167598e+00	9.490797852048e-01
2.150932595945e-05	9.999998202942e-01	1.211856679813e+00	1.062482277600e+00	1.062482138688e+00	9.490791823142e-01
2.201034252299e-05	9.999998118251e-01	1.211855944402e+00	1.062482253996e+00	1.062482108539e+00	9.490785511326e-01
2.252302926148e-05	9.999998029569e-01	1.211855174333e+00	1.062482229627e+00	1.062482077321e+00	9.490778905510e-01
2.304765800820e-05	9.999997936702e-01	1.211854367972e+00	1.062482203912e+00	1.062482044418e+00	9.490771986289e-01
2.358450692828e-05	9.999997839464e-01	1.211853523609e+00	1.062482177074e+00	1.062482010069e+00	9.490764741968e-01
2.413386066610e-05	9.999997737640e-01	1.211852639453e+00	1.062482148798e+00	1.062481973915e+00	9.490757154474e-01
2.469601049630e-05	9.999997631018e-01	1.211851713629e+00	1.062482119191e+00	1.062481936068e+00	9.490749209425e-01
2.527125447816e-05	9.999997519371e-01	1.211850744172e+00	1.062482088165e+00	1.062481896415e+00	9.490740889666e-01
2.585989761364e-05	9.999997402463e-01	1.211849729028e+00	1.062482055695e+00	1.062481854905e+00	9.490732178107e-01
2.646225200914e-05	9.999997280043e-01	1.211848666042e+00	1.062482021718e+00	1.062481811464e+00	9.490723056037e-01
2.707863704092e-05	9.999997151856e-01	1.211847552959e+00	1.062481986149e+00	1.062481765985e+00	9.490713504268e-01
2.770937952449e-05	9.999997017627e-01	1.211846387420e+00	1.062481948899e+00	1.062481718363e+00	9.490703502315e-01
2.835481388786e-05	9.999996877073e-01	1.211845166952e+00	1.062481909900e+00	1.062481668498e+00	9.490693028929e-01
2.901528234887e-05	9.999996729894e-01	1.211843888966e+00	1.062481869052e+00	1.062481616273e+00	9.490682061933e-01
2.969113509664e-05	9.999996575778e-01	1.211842550752e+00	1.062481826271e+00	1.062481561583e+00	9.490670578014e-01
3.038273047726e-05	9.999996414398e-01	1.211841149471e+00	1.062481781487e+00	1.062481504321e+00	9.490658552932e-01
3.109043518373e-05	9.999996245415e-01	1.211839682151e+00	1.062481734605e+00	1.062481444380e+00	9.490645961268e-01
3.181462445047e-05	9.999996068466e-01	1.211838145680e+00	1.062481685495e+00	1.062481381593e+00	9.490632776207e-01
3.255568225221e-05	9.999995883179e-01	1.211836536800e+00	1.062481634057e+00	1.062481315824e+00	9.490618969251e-01
3.331400150761e-05	9.999995689159e-01	1.211834852097e+00	1.062481580189e+00	1.062481246958e+00	9.490604511447e-01
3.408998428757e-05	9.999995485995e-01	1.211833088000e+00	1.062481523775e+00	1.062481174846e+00	9.490589372653e-01
3.488404202843e-05	9.999995273257e-01	1.211831240766e+00	1.062481464709e+00	1.062481099339e+00	9.490573520273e-01
3.569659575012e-05	9.999995050495e-01	1.211829306476e+00	1.062481402822e+00	1.062481020230e+00	9.490556920278e-01
3.652807627937e-05	9.999994817224e-01	1.211827281029e+00	1.062481338064e+00	1.062480937451e+00	9.490539538608e-01
3.737892447818e-05	9.999994572971e-01	1.211825160130e+00	1.062481270236e+00	1.062480850722e+00	9.490521337417e-01
3.824959147751e-05	9.999994317199e-01	1.211822939279e+00	1.062481199102e+00	1.062480759849e+00	9.490502277568e-01
3.914053891654e-05	9.999994049375e-01	1.211820613767e+00	1.062481125015e+00	1.062480665013e+00	9.490482323047e-01
4.005223918739e-05	9.999993768936e-01	1.211818178661e+00	1.062481046920e+00	1.062480565278e+00	9.490461423396e-01
4.098517568561e-05	9.999993475278e-01	1.211815628797e+00	1.062480965518e+00	1.062480461148e+00	9.490439542195e-01
4.193984306648e-05	9.999993167776e-01	1.211812958766e+00	1.062480880118e+00	1.062480351985e+00	9.490416628252e-01
4.291674750728e-05	9.999992845779e-01	1.211810162907e+00	1.062480791052e+00	1.062480238045e+00	9.490392637869e-01
4.391640697568e-05	9.999992508615e-01	1.211807235289e+00	1.062480697319e+00	1.062480118249e+00	9.490367512345e-01
4.493935150437e-05	9.999992155552e-01	1.211804169703e+00	1.062480599367e+00	1.062479992986e+00	9.490341204364e-01
4.598612347206e-05	9.999991785856e-01	1.211800959649e+00	1.062480496692e+00	1.062479861742e+00	9.490313655649e-01
4.705727789112e-05	9.999991398736e-01	1.211797598318e+00	1.062480389227e+00	1.062479724370e+00	9.490284809382e-01
4.815338270179e-05	9.999990993365e-01	1.211794078581e+00	1.062480276779e+00	1.062479580585e+00	9.490254604093e-01
4.927501907335e-05	9.999990568894e-01	1.211790392974e+00	1.062480159004e+00	1.062479429985e+00	9.490222974906e-01
5.042278171226e-05	9.999990124422e-01	1.211786533681e+00	1.062480035661e+00	1.062479272277e+00	9.490189855039e-01
5.159727917746e-05	9.999989658998e-01	1.211782492517e+00	1.062479906480e+00	1.062479107120e+00	9.490155174123e-01
5.279913420305e-05	9.999989171640e-01	1.211778260912e+00	1.062479771227e+00	1.062478934196e+00	9.490118858792e-01
5.402898402847e-05	9.999988661317e-01	1.211773829891e+00	1.062479629452e+00	1.062478752977e+00	9.490080830548e-01
5.528748073638e-05	9.999988126938e-01	1.211769190060e+00	1.062479481188e+00	1.062478563411e+00	9.490041011964e-01
5.657529159840e-05	9.999987567375e-01	1.211764331576e+00	1.062479325952e+00	1.062478364911e+00	9.489999316866e-01
5.789309942888e-05	9.999986981442e-01	1.211759244139e+00	1.062479163326e+00	1.062478157004e+00	9.489955656014e-01
5.924160294698e-05	9.999986367895e-01	1.211753916959e+00	1.062478992563e+00	1.062477938823e+00	9.489909932919e-01
6.062151714713e-05	9.999985725432e-01	1.211748338739e+00	1.062478813768e+00	1.062477710344e+00	9.489862054766e-01
6.203357367808e-05	9.999985052693e-01	1.211742497652e+00	1.062478626676e+00	1.062477471262e+00	9.489811921785e-01
6.347852123092e-05	9.999984348247e-01	1.211736381310e+00	1.062478431025e+00	1.062477221154e+00	9.489759428467e-01
6.495712593594e-05	9.999983610597e-01	1.211729976743e+00	1.062478226286e+00	1.062476959391e+00	9.489704462632e-01
6.647017176895e-05	9.999982838184e-01	1.211723270372e+00	1.062478011948e+00	1.062476685351e+00	9.489646906654e-01
6.801846096686e-05	9.999982029366e-01	1.211716247975e+00	1.062477787332e+00	1.062476398207e+00	9.489586636492e-01
6.960281445311e-05	9.999981182434e-01	1.211708894663e+00	1.062477552640e+00	1.062476098057e+00	9.489523530981e-01
7.122407227289e-05	9.999980295583e-01	1.211701194844e+00	1.062477306252e+00	1.062475783114e+00	9.489457444902e-01
7.288309403854e-05	9.999979366937e-01	1.211693132191e+00	1.062477048537e+00	1.062475453625e+00	9.489388247193e-01
7.458075938538e-05	9.999978394527e-01	1.211684689609e+00	1.062476778629e+00	1.062475108533e+00	9.489315787711e-01
7.631796843804e-05	9.999977376285e-01	1.211675849198e+00	1.062476495979e+00	1.062474747190e+00	9.489239913164e-01
7.809564228775e-05	9.999976310056e-01	1.211666592214e+00	1.062476200029e+00	1.062474368818e+00	9.489160462813e-01
7.991472348071e-05	9.999975193576e-01	1.211656899031e+00	1.062475890193e+00	1.062473972679e+00	9.489077268625e-01
8.177617651787e-05	9.999974024479e-01	1.211646749098e+00	1.062475565538e+00	1.062473557660e+00	9.488990151537e-01
8.368098836625e-05	9.999972800283e-01	1.211636120897e+00	1.062475225982e+00	1.062473123475e+00	9.488898932518e-01
8.563016898231e-05	9.999971518391e-01	1.211624991894e+00	1.062474869961e+00	1.062472668358e+00	9.488803409792e-01
8.762475184742e-05	9.999970176085e-01	1.211613338498e+00	1.062474497143e+00	1.062472191780e+00	9.488703385020e-01
8.966579451580e-05	9.999968770516e-01	1.211601136004e+00	1.062474107096e+00	1.062471693085e+00	9.488598649494e-01
9.175437917530e-05	9.999967298704e-01	1.211588358544e+00	1.062473698700e+00	1.062471170918e+00	9.488488978284e-01
9.389161322116e-05	9.999965757527e-01	1.211574979032e+00	1.062473271141e+00	1.062470624229e+00	9.488374139101e-01
9.607862984315e-05	9.999964143716e-01	1.211560969108e+00	1.062472823345e+00	1.062470051689e+00	9.488253886734e-01
9.831658862643e-05	9.999962453846e-01	1.211546299074e+00	1.062472354325e+00	1.062469452043e+00	9.488127965726e-01
1.006066761664e-04	9.999960684334e-01	1.211530937837e+00	1.062471862840e+00	1.062468823788e+00	9.487996106505e-01
1.029501066977e-04	9.999958831424e-01	1.211514852836e+00	1.062471348129e+00	1.062468165837e+00	9.487858032158e-01
1.053481227383e-04	9.999956891189e-01	1.211498009982e+00	1.062470809445e+00	1.062467477185e+00	9.487713453303e-01
1.078019957481e-04	9.999954859512e-01	1.211480373576e+00	1.062470245440e+00	1.062466756134e+00	9.487562061058e-01
1.103130268029e-04	9.999952732086e-01	1.211461906244e+00	1.062469654997e+00	1.062466001263e+00	9.487403535228e-01
1.128825472847e-04	9.999950504380e-01	1.211442568847e+00	1.062469036694e+00	1.062465210767e+00	9.487237537675e-01
1.155119195872e-04	9.999948171706e-01	1.211422320409e+00	1.062468389156e+00	1.062464382875e+00	9.487063715810e-01
1.182025378385e-04	9.999945729082e-01	1.211401118021e+00	1.062467711094e+00	1.062463516031e+00	9.486881701754e-01
1.209558286399e-04	9.999943171338e-01	1.211378916758e+00	1.062467001337e+00	1.062462608567e+00	9.486691111582e-01
1.237732518227e-04	9.999940493040e-01	1.211355669579e+00	1.062466258107e+00	1.062461658299e+00	9.486491539042e-01
1.266563012220e-04	9.999937688517e-01	1.211331327230e+00	1.062465479914e+00	1.062460663322e+00	9.486282560967e-01
1.296065054687e-04	9.999934751827e-01	1.211305838138e+00	1.062464664952e+00	1.062459621331e+00	9.486063732765e-01
1.326254288001e-04	9.999931676733e-01	1.211279148307e+00	1.062463811285e+00	1.062458529994e+00	9.485834588412e-01
1.357146718894e-04	9.999928456709e-01	1.211251201196e+00	1.062462917687e+00	1.062457387497e+00	9.485594647114e-01
1.388758726941e-04	9.999925084923e-01	1.211221937607e+00	1.062461982018e+00	1.062456191209e+00	9.485343397826e-01
1.421107073247e-04	9.999921554202e-01	1.211191295561e+00	1.062461001960e+00	1.062454938220e+00	9.485080304012e-01
1.454208909334e-04	9.999917857067e-01	1.211159210156e+00	1.062459975874e+00	1.062453626381e+00	9.484804812017e-01
1.488081786234e-04	9.999913985705e-01	1.211125613442e+00	1.062458901515e+00	1.062452252773e+00	9.484516336540e-01
1.522743663794e-04	9.999909931892e-01	1.211090434272e+00	1.062457776950e+00	1.062450814849e+00	9.484214269353e-01
1.558212920200e-04	9.999905687015e-01	1.211053598158e+00	1.062456599435e+00	1.062449309222e+00	9.483897965682e-01
1.594508361722e-04	9.999901242078e-01	1.211015027104e+00	1.062455366121e+00	1.062447732333e+00	9.483566751346e-01
1.631649232683e-04	9.999896587650e-01	1.210974639452e+00	1.062454074693e+00	1.062446081147e+00	9.483219926633e-01
1.669655225665e-04	9.999891713855e-01	1.210932349704e+00	1.062452722299e+00	1.062444352020e+00	9.482856754463e-01
1.708546491948e-04	9.999886610345e-01	1.210888068343e+00	1.062451306237e+00	1.062442541475e+00	9.482476466012e-01
1.748343652196e-04	9.999881266305e-01	1.210841701648e+00	1.062449823532e+00	1.062440645714e+00	9.482078254927e-01
1.789067807391e-04	9.999875670393e-01	1.210793151490e+00	1.062448271014e+00	1.062438660633e+00	9.481661275743e-01
1.830740550019e-04	9.999869810738e-01	1.210742315135e+00	1.062446645221e+00	1.062436581932e+00	9.481224642803e-01
1.873383975518e-04	9.999863674906e-01	1.210689085020e+00	1.062444942795e+00	1.062434405230e+00	9.480767429950e-01
1.917020693999e-04	9.999857249882e-01	1.210633348532e+00	1.062443160417e+00	1.062432126230e+00	9.480288670435e-01
1.961673842226e-04	9.999850522037e-01	1.210574987770e+00	1.062441294100e+00	1.062429739873e+00	9.479787346272e-01
2.007367095890e-04	9.999843477090e-01	1.210513879297e+00	1.062439339792e+00	1.062427241043e+00	9.479262393058e-01
2.054124682160e-04	9.999836100104e-01	1.210449893882e+00	1.062437293543e+00	1.062424624593e+00	9.478712698965e-01
2.101971392525e-04	9.999828375420e-01	1.210382896230e+00	1.062435150831e+00	1.062421884804e+00	9.478137095619e-01
2.150932595945e-04	9.999820286651e-01	1.210312744696e+00	1.062432907436e+00	1.062419016200e+00	9.477534365101e-01
2.201034252299e-04	9.999811816642e-01	1.210239290992e+00	1.062430558343e+00	1.062416012436e+00	9.476903226019e-01
2.252302926148e-04	9.999802947426e-01	1.210162379875e+00	1.062428098526e+00	1.062412867078e+00	9.476242338796e-01
2.304765800820e-04	9.999793660183e-01	1.210081848819e+00	1.062425522867e+00	1.062409573592e+00	9.475550302038e-01
2.358450692828e-04	9.999783935101e-01	1.209997527689e+00	1.062422826094e+00	1.062406125138e+00	9.474825649182e-01
2.413386066610e-04	9.999773751689e-01	1.209909238362e+00	1.062420002345e+00	1.062402514290e+00	9.474066841309e-01
2.469601049630e-04	9.999763088320e-01	1.209816794377e+00	1.062417045592e+00	1.062398733347e+00	9.473272267831e-01
2.527125447816e-04	9.999751922353e-01	1.209720000537e+00	1.062413949684e+00	1.062394774408e+00	9.472440243795e-01
2.585989761364e-04	9.999740230104e-01	1.209618652505e+00	1.062410708073e+00	1.062390629080e+00	9.471569003871e-01
2.646225200914e-04	9.999727986761e-01	1.209512536377e+00	1.062407313867e+00	1.062386288590e+00	9.470656699165e-01
2.707863704092e-04	9.999715166356e-01	1.209401428240e+00	1.062403759940e+00	1.062381743767e+00	9.469701394136e-01
2.770937952449e-04	9.999701741554e-01	1.209285093707e+00	1.062400038849e+00	1.062376985075e+00	9.468701062493e-01
2.835481388786e-04	9.999687683979e-01	1.209163287424e+00	1.062396142567e+00	1.062372002285e+00	9.467653580005e-01
2.901528234887e-04	9.999672963823e-01	1.209035752567e+00	1.062392062913e+00	1.062366784929e+00	9.466556724445e-01
2.969113509664e-04	9.999657549824e-01	1.208902220312e+00	1.062387791422e+00	1.062361322113e+00	9.465408169938e-01
3.038273047726e-04	9.999641409265e-01	1.208762409277e+00	1.062383319063e+00	1.062355602285e+00	9.464205478981e-01
3.109043518373e-04	9.999624507890e-01	1.208616024941e+00	1.062378636078e+00	1.062349613037e+00	9.462946096141e-01
3.181462445047e-04	9.999606809825e-01	1.208462759035e+00	1.062373732992e+00	1.062343342131e+00	9.461627353051e-01
3.255568225221e-04	9.999588277507e-01	1.208302288909e+00	1.062368599224e+00	1.062336776064e+00	9.460246449006e-01
3.331400150761e-04	9.999568871616e-01	1.208134276868e+00	1.062363223944e+00	1.062329900990e+00	9.458800453090e-01
3.408998428757e-04	9.999548550955e-01	1.207958369478e+00	1.062357595935e+00	1.062322702503e+00	9.457286298110e-01
3.488404202843e-04	9.999527272403e-01	1.207774196840e+00	1.062351703349e+00	1.062315165398e+00	9.455700769933e-01
3.569659575012e-04	9.999504990784e-01	1.207581371836e+00	1.062345533767e+00	1.062307273825e+00	9.454040504685e-01
3.652807627937e-04	9.999481658803e-01	1.207379489333e+00	1.062339074149e+00	1.062299011047e+00	9.452301977494e-01
3.737892447818e-04	9.999457226942e-01	1.207168125362e+00	1.062332310932e+00	1.062290359688e+00	9.450481498973e-01
3.824959147751e-04	9.999431643338e-01	1.206946836252e+00	1.062325229870e+00	1.062281301503e+00	9.448575205032e-01
3.914053891654e-04	9.999404853666e-01	1.206715157723e+00	1.062317816153e+00	1.062271817466e+00	9.446579050551e-01
4.005223918739e-04	9.999376801076e-01	1.206472603956e+00	1.062310053999e+00	1.062261887452e+00	9.444488796458e-01
4.098517568561e-04	9.999347426044e-01	1.206218666596e+00	1.062301927193e+00	1.062251490583e+00	9.442300006391e-01
4.193984306648e-04	9.999316666082e-01	1.205952813743e+00	1.062293418711e+00	1.062240605060e+00	9.440008035537e-01
4.291674750728e-04	9.999284455764e-01	1.205674488871e+00	1.062284510602e+00	1.062229207839e+00	9.437608016796e-01
4.391640697568e-04	9.999250727092e-01	1.205383109681e+00	1.062275184199e+00	1.062217275030e+00	9.435094855731e-01
4.493935150437e-04	9.999215408276e-01	1.205078066994e+00	1.062265420145e+00	1.062204781777e+00	9.432463219720e-01
4.598612347206e-04	9.999178424407e-01	1.204758723485e+00	1.062255197693e+00	1.062191701491e+00	9.429707518199e-01
4.705727789111e-04	9.999139696844e-01	1.204424412441e+00	1.062244495452e+00	1.062178006659e+00	9.426821900722e-01
4.815338270179e-04	9.999099143209e-01	1.204074436427e+00	1.062233291082e+00	1.062163668738e+00	9.423800242159e-01
4.927501907335e-04	9.999056677051e-01	1.203708065911e+00	1.062221561239e+00	1.062148657551e+00	9.420636126022e-01
5.042278171226e-04	9.999012209045e-01	1.203324537762e+00	1.062209281300e+00	1.062132941704e+00	9.417322834535e-01
5.159727917746e-04	9.998965644322e-01	1.202923053865e+00	1.062196425413e+00	1.062116487946e+00	9.413853329104e-01
5.279913420305e-04	9.998916883985e-01	1.202502779475e+00	1.062182966677e+00	1.062099261769e+00	9.410220241459e-01
5.402898402847e-04	9.998865824433e-01	1.202062841612e+00	1.062168877490e+00	1.062081227590e+00	9.406415860986e-01
5.528748073638e-04	9.998812357149e-01	1.201602327363e+00	1.062154128464e+00	1.062062347599e+00	9.402432107364e-01
5.657529159840e-04	9.998756368564e-01	1.201120282114e+00	1.062138688310e+00	1.062042581825e+00	9.398260514333e-01
5.789309942888e-04	9.998697739697e-01	1.200615707716e+00	1.062122524955e+00	1.062021888969e+00	9.393892221440e-01
5.924160294698e-04	9.998636345948e-01	1.200087560567e+00	1.062105605266e+00	1.062000226279e+00	9.389317954532e-01
6.062151714713e-04	9.998572056864e-01	1.199534749623e+00	1.062087893755e+00	1.061977548231e+00	9.384527993057e-01
6.203357367808e-04	9.998504735793e-01	1.198956134331e+00	1.062069353334e+00	1.061953807185e+00	9.379512157792e-01
6.347852123091e-04	9.998434239657e-01	1.198350522483e+00	1.062049946224e+00	1.061928954333e+00	9.374259798437e-01
6.495712593594e-04	9.998360418578e-01	1.197716667970e+00	1.062029631868e+00	1.061902937551e+00	9.368759751683e-01
6.647017176895e-04	9.998283115641e-01	1.197053268466e+00	1.062008368051e+00	1.061875702541e+00	9.363000328389e-01
6.801846096686e-04	9.998202166601e-01	1.196358963018e+00	1.061986110982e+00	1.061847192869e+00	9.356969291265e-01
6.960281445311e-04	9.998117398865e-01	1.195632329572e+00	1.061962814874e+00	1.061817349421e+00	9.350653823841e-01
7.122407227289e-04	9.998028632476e-01	1.194871882323e+00	1.061938431561e+00	1.061786110150e+00	9.344040501697e-01
7.288309403854e-04	9.997935678999e-01	1.194076069056e+00	1.061912910623e+00	1.061753410162e+00	9.337115265881e-01
7.458075938538e-04	9.997838339811e-01	1.193243268412e+00	1.061886199845e+00	1.061719181905e+00	9.329863396475e-01
7.631796843804e-04	9.997736409288e-01	1.192371786860e+00	1.061858244308e+00	1.061683354646e+00	9.322269476170e-01
7.809564228775e-04	9.997629668177e-01	1.191459855980e+00	1.061828986771e+00	1.061645854221e+00	9.314317357582e-01
7.991472348071e-04	9.997517891261e-01	1.190505629012e+00	1.061798367194e+00	1.061606603286e+00	9.305990131170e-01
8.177617651787e-04	9.997400840161e-01	1.189507177967e+00	1.061766323133e+00	1.061565521029e+00	9.297270088583e-01
8.368098836625e-04	9.997278265627e-01	1.188462490219e+00	1.061732789071e+00	1.061522522765e+00	9.288138681998e-01
8.563016898231e-04	9.997149906692e-01	1.187369465112e+00	1.061697696847e+00	1.061477520222e+00	9.278576488883e-01
8.762475184742e-04	9.997015489978e-01	1.186225910476e+00	1.061660975267e+00	1.061430421204e+00	9.268563168644e-01
8.966579451580e-04	9.996874729170e-01	1.185029539010e+00	1.061622549744e+00	1.061381129080e+00	9.258077415494e-01
9.175437917530e-04	9.996727324354e-01	1.183777964580e+00	1.061582342555e+00	1.061329543064e+00	9.247096918009e-01
9.389161322116e-04	9.996572961518e-01	1.182468698408e+00	1.061540272835e+00	1.061275558145e+00	9.235598311695e-01
9.607862984315e-04	9.996411311634e-01	1.181099145163e+00	1.061496255715e+00	1.061219064174e+00	9.223557122104e-01
9.831658862643e-04	9.996242030112e-01	1.179666598951e+00	1.061450202532e+00	1.061159945991e+00	9.210947715484e-01
1.006066761664e-03	9.996064755967e-01	1.178168239219e+00	1.061402021173e+00	1.061098083760e+00	9.197743249358e-01
1.029501066977e-03	9.995879111230e-01	1.176601126550e+00	1.061351615103e+00	1.061033351906e+00	9.183915606460e-01
1.053481227383e-03	9.995684700125e-01	1.174962198390e+00	1.061298884296e+00	1.060965620030e+00	9.169435346127e-01
1.078019957481e-03	9.995481107557e-01	1.173248264718e+00	1.061243724156e+00	1.060894751650e+00	9.154271629194e-01
1.103130268029e-03	9.995267898934e-01	1.171456003586e+00	1.061186025358e+00	1.060820604115e+00	9.138392156000e-01
1.128825472847e-03	9.995044617436e-01	1.169581956721e+00	1.061125674083e+00	1.060743028505e+00	9.121763097192e-01
1.155119195872e-03	9.994810787663e-01	1.167622524768e+00	1.061062551382e+00	1.060661869411e+00	9.104349019214e-01
1.182025378385e-03	9.994565911480e-01	1.165573962846e+00	1.060996534076e+00	1.060576965574e+00	9.086112821798e-01
1.209558286399e-03	9.994309464794e-01	1.163432376025e+00	1.060927493350e+00	1.060488147983e+00	9.067015638698e-01
1.237732518227e-03	9.994040898891e-01	1.161193714613e+00	1.060855295082e+00	1.060395240388e+00	9.047016763426e-01
1.266563012220e-03	9.993759639448e-01	1.158853769536e+00	1.060779799638e+00	1.060298059279e+00	9.026073564212e-01
1.296065054687e-03	9.993465084716e-01	1.156408167764e+00	1.060700861797e+00	1.060196413260e+00	9.004141389965e-01
1.326254288001e-03	9.993156603910e-01	1.153852367786e+00	1.060618330059e+00	1.060090102693e+00	8.981173472865e-01
1.357146718894e-03	9.992833536978e-01	1.151181655115e+00	1.060532047351e+00	1.059978919962e+00	8.957120835041e-01
1.388758726941e-03	9.992492275299e-01	1.148393017188e+00	1.060441880836e+00	1.059862400881e+00	8.931938634829e-01
1.421107073247e-03	9.992134487716e-01	1.145479900638e+00	1.060347666454e+00	1.059740554135e+00	8.905568115004e-01
1.454208909334e-03	9.991759973283e-01	1.142436687239e+00	1.060249220189e+00	1.059613191081e+00	8.877951753342e-01
1.488081786234e-03	9.991367923306e-01	1.139257930580e+00	1.060146355254e+00	1.059480062985e+00	8.849030606344e-01
1.522743663794e-03	9.990957499012e-01	1.135937991292e+00	1.060038877641e+00	1.059340911770e+00	8.818742946853e-01
1.558212920200e-03	9.990527815804e-01	1.132471034074e+00	1.059926587354e+00	1.059195469848e+00	8.787024136489e-01
1.594508361722e-03	9.990077943004e-01	1.128851024925e+00	1.059809277605e+00	1.059043459229e+00	8.753806483061e-01
1.631649232683e-03	9.989606918366e-01	1.125071727653e+00	1.059686733643e+00	1.058884591891e+00	8.719019101867e-01
1.669655225665e-03	9.989113718569e-01	1.121126703320e+00	1.059558734437e+00	1.058718568525e+00	8.682587763769e-01
1.708546491948e-03	9.988597290769e-01	1.117009307169e+00	1.059425050094e+00	1.058545079263e+00	8.644434741845e-01
1.748343652196e-03	9.988056511066e-01	1.112712689611e+00	1.059285444636e+00	1.058363802314e+00	8.604478647473e-01
1.789067807391e-03	9.987490227151e-01	1.108229794092e+00	1.059139672010e+00	1.058174404260e+00	8.562634259089e-01
1.830740550018e-03	9.986897200585e-01	1.103553359968e+00	1.058987480885e+00	1.057976539249e+00	8.518812350361e-01
1.873383975518e-03	9.986276157751e-01	1.098675921945e+00	1.058828609864e+00	1.057769849249e+00	8.472919505359e-01
1.917020693999e-03	9.985625757503e-01	1.093589813699e+00	1.058662789925e+00	1.057553963459e+00	8.424857926863e-01
1.961673842226e-03	9.984944583633e-01	1.088287172280e+00	1.058489744035e+00	1.057328497202e+00	8.374525234735e-01
2.007367095890e-03	9.984231177567e-01	1.082759941230e+00	1.058309185899e+00	1.057093053979e+00	8.321814277341e-01
2.054124682160e-03	9.983483978704e-01	1.076999879619e+00	1.058120823274e+00	1.056847223028e+00	8.266612905895e-01
2.101971392525e-03	9.982701385931e-01	1.070998567171e+00	1.057924352502e+00	1.056590579936e+00	8.208803753996e-01
2.150932595945e-03	9.981881675823e-01	1.064747417463e+00	1.057719465640e+00	1.056322685914e+00	8.148264018508e-01
2.201034252299e-03	9.981023091082e-01	1.058237685464e+00	1.057505843186e+00	1.056043089211e+00	8.084865228993e-01
2.252302926148e-03	9.980123757026e-01	1.051460484679e+00	1.057283160442e+00	1.055751323485e+00	8.018473005661e-01
2.304765800820e-03	9.979181718265e-01	1.044406801521e+00	1.057051084264e+00	1.055446908180e+00	7.948946814839e-01
2.358450692828e-03	9.978194926198e-01	1.037067513797e+00	1.056809274605e+00	1.055129349002e+00	7.876139726200e-01
2.413386066610e-03	9.977161224938e-01	1.029433412560e+00	1.056557385420e+00	1.054798137564e+00	7.799898158962e-01
2.469601049630e-03	9.976078374224e-01	1.021495224969e+00	1.056295062582e+00	1.054452751686e+00	7.720061626791e-01
2.527125447816e-03	9.974943976727e-01	1.013243644155e+00	1.056021950323e+00	1.054092654770e+00	7.636462484004e-01
2.585989761364e-03	9.973755584928e-01	1.004669355835e+00	1.055737683135e+00	1.053717298475e+00	7.548925686224e-01
2.646225200914e-03	9.972510573624e-01	9.957630770570e-01	1.055441896083e+00	1.053326120525e+00	7.457268530765e-01
2.707863704092e-03	9.971206235494e-01	9.865155912004e-01	1.055134216784e+00	1.052918546358e+00	7.361300418331e-01
2.770937952449e-03	9.969839698259e-01	9.769177931109e-01	1.054814274034e+00	1.052493989653e+00	7.260822636161e-01
2.835481388786e-03	9.968407942410e-01	9.669607355261e-01	1.054481696292e+00	1.052051852778e+00	7.155628142695e-01
2.901528234887e-03	9.966907845522e-01	9.566356795830e-01	1.054136108442e+00	1.051591528218e+00	7.045501381353e-01
2.969113509664e-03	9.965336095265e-01	9.459341544558e-01	1.053777141238e+00	1.051112399484e+00	6.930218137113e-01
3.038273047726e-03	9.963689195415e-01	9.348480197007e-01	1.053404430927e+00	1.050613841574e+00	6.809545410113e-01
3.109043518373e-03	9.961963539299e-01	9.233695307166e-01	1.053017613897e+00	1.050095223141e+00	6.683241349513e-01
3.181462445047e-03	9.960155281513e-01	9.114914174505e-01	1.052616339636e+00	1.049555906992e+00	6.551055259443e-01
3.255568225221e-03	9.958260438845e-01	8.992069606790e-01	1.052200264199e+00	1.048995253711e+00	6.412727683101e-01
3.331400150761e-03	9.956274780078e-01	8.865100827386e-01	1.051769060179e+00	1.048412621016e+00	6.267990565160e-01
3.408998428757e-03	9.954193907414e-01	8.733954382168e-01	1.051322412392e+00	1.047807367790e+00	6.116567560677e-01
3.488404202843e-03	9.952013182422e-01	8.598585162324e-01	1.050860027207e+00	1.047178856252e+00	5.958174492414e-01
3.569659575012e-03	9.949727719088e-01	8.458957476392e-01	1.050381634791e+00	1.046526453869e+00	5.792519974251e-01
3.652807627937e-03	9.947332436884e-01	8.315046174357e-01	1.049886987865e+00	1.045849537564e+00	5.619306275922e-01
3.737892447818e-03	9.944821962529e-01	8.166837883156e-01	1.049375872792e+00	1.045147495438e+00	5.438230448998e-01
3.824959147751e-03	9.942190644154e-01	8.014332275844e-01	1.048848112766e+00	1.044419731663e+00	5.248985806710e-01
3.914053891654e-03	9.939432608741e-01	7.857543393760e-01	1.048303565567e+00	1.043665670145e+00	5.051263783742e-01
4.005223918739e-03	9.936541603217e-01	7.696501093055e-01	1.047742141331e+00	1.042884756862e+00	4.844756294249e-01
4.098517568561e-03	9.933511134624e-01	7.531252455506e-01	1.047163796529e+00	1.042076468161e+00	4.629158727195e-01
4.193984306648e-03	9.930334359029e-01	7.361863318454e-01	1.046568546537e+00	1.041240312309e+00	4.404173597740e-01
4.291674750728e-03	9.927004042107e-01	7.188419832613e-01	1.045956474331e+00	1.040375834980e+00	4.169515123404e-01
4.391640697568e-03	9.923512687034e-01	7.011029986993e-01	1.045327726719e+00	1.039482628166e+00	3.924914885099e-01
4.493935150437e-03	9.919852330930e-01	6.829825241528e-01	1.044682537301e+00	1.038560333258e+00	3.670128736335e-01
4.598612347206e-03	9.916014683759e-01	6.644962071178e-01	1.044021219785e+00	1.037608648536e+00	3.404945287202e-01
4.705727789111e-03	9.911990929284e-01	6.456623559011e-01	1.043344192060e+00	1.036627333635e+00	3.129196275772e-01
4.815338270179e-03	9.907771921911e-01	6.265020852756e-01	1.042651968678e+00	1.035616221647e+00	2.842769292738e-01
4.927501907335e-03	9.903347992582e-01	6.070394646168e-01	1.041945181966e+00	1.034575221518e+00	2.545623173764e-01
5.042278171226e-03	9.898709038065e-01	5.873016467603e-01	1.041224584669e+00	1.033504329200e+00	2.237806823513e-01
5.159727917746e-03	9.893844356695e-01	5.673189904352e-01	1.040491070877e+00	1.032403632847e+00	1.919482004577e-01
5.279913420305e-03	9.888742844444e-01	5.471251563904e-01	1.039745667842e+00	1.031273323724e+00	1.590951034183e-01
5.402898402847e-03	9.883391919810e-01	5.267572318306e-01	1.038989617779e+00	1.030113686204e+00	1.252690340233e-01
5.528748073638e-03	9.877779928952e-01	5.062556526973e-01	1.038224238361e+00	1.028925154014e+00	9.053906122576e-02
5.657529159840e-03	9.871894089672e-01	4.856643422737e-01	1.037451051531e+00	1.027708274967e+00	5.500058404872e-02
5.789309942888e-03	9.865720734189e-01	4.650306610825e-01	1.036671788035e+00	1.026463728555e+00	1.878116634025e-02
5.924160294698e-03	9.859245622935e-01	4.444053337565e-01	1.035888370228e+00	1.025192337852e+00	-1.795247042168e-02
6.062151714713e-03	9.852453776314e-01	4.238423362211e-01	1.035102934535e+00	1.023895075150e+00	-5.498613637132e-02
6.203357367808e-03	9.845329523589e-01	4.033987201018e-01	1.034317835987e+00	1.022573070045e+00	-9.204835635567e-02
6.347852123091e-03	9.837856281095e-01	3.831343793637e-01	1.033535673536e+00	1.021227612604e+00	-1.287988903855e-01
6.495712593594e-03	9.830016872480e-01	3.631117363652e-01	1.032759270023e+00	1.019860163165e+00	-1.648154505435e-01
6.647017176895e-03	9.821793017771e-01	3.433953631377e-01	1.031991720324e+00	1.018472349443e+00	-1.995786263793e-01
6.801846096686e-03	9.813165821055e-01	3.240515062797e-01	1.031236354886e+00	1.017065975791e+00	-2.324550992389e-01
6.960281445311e-03	9.804115249705e-01	3.051475357691e-01	1.030496785253e+00	1.015643016597e+00	-2.626796377182e-01
7.122407227289e-03	9.794620407490e-01	2.867512921683e-01	1.029776882690e+00	1.014205618848e+00	-2.893366455483e-01
7.288309403854e-03	9.784659534698e-01	2.689303434891e-01	1.029080776772e+00	1.012756098683e+00	-3.113428053931e-01
7.458075938538e-03	9.774209526326e-01	2.517511492562e-01	1.028412891846e+00	1.011296928504e+00	-3.274332488417e-01
7.631796843804e-03	9.763246513595e-01	2.352781238831e-01	1.027777891386e+00	1.009830734207e+00	-3.361548313305e-01
7.809564228774e-03	9.751745283822e-01	2.195726201271e-01	1.027180718168e+00	1.008360276513e+00	-3.358718447240e-01
7.991472348071e-03	9.739679710980e-01	2.046918257935e-01	1.026626544857e+00	1.006888438747e+00	-3.247911097282e-01
8.177617651787e-03	9.727022149888e-01	1.906875999169e-01	1.026120807401e+00	1.005418198813e+00	-3.010153719672e-01
8.368098836625e-03	9.713744085073e-01	1.776052514545e-01	1.025669132853e+00	1.003952613769e+00	-2.626347714700e-01
8.563016898231e-03	9.699815421049e-01	1.654822990616e-01	1.025277371939e+00	1.002494781107e+00	-2.078661606511e-01
8.762475184741e-03	9.685204989594e-01	1.543472242097e-01	1.024951530888e+00	1.001047812572e+00	-1.352461209439e-01
8.966579451580e-03	9.669880149078e-01	1.442182651415e-01	1.024697771069e+00	9.996147914802e-01	-4.387615281609e-02
9.175437917530e-03	9.653806861061e-01	1.351022819664e-01	1.024522367617e+00	9.981987322789e-01	6.629533801825e-02
9.389161322116e-03	9.636949729738e-01	1.269937449635e-01	1.024431666163e+00	9.968025355129e-01	1.941877828512e-01
9.607862984315e-03	9.619271908485e-01	1.198738943858e-01	1.024432047636e+00	9.954289373262e-01	3.373532161078e-01
9.831658862643e-03	9.600735004460e-01	1.137101288931e-01	1.024529891615e+00	9.940804572117e-01	4.918580303169e-01
1.006066761664e-02	9.581299195873e-01	1.084556805301e-01	1.024731518685e+00	9.927593453387e-01	6.523464837768e-01
1.029501066977e-02	9.560923090023e-01	1.040496368066e-01	1.025043155766e+00	9.914675272296e-01	8.123250202022e-01
1.053481227383e-02	9.539563671511e-01	1.004173672212e-01	1.025470892017e+00	9.902065479033e-01	9.646577655776e-01
1.078019957481e-02	9.517176486336e-01	9.747140766877e-02	1.026020623075e+00	9.889775250537e-01	1.102205099305e+00
1.103130268029e-02	9.493715370297e-01	9.511284719754e-02	1.026698030031e+00	9.877810959861e-01	1.218490779715e+00
1.128825472847e-02	9.469132523301e-01	9.323324681807e-02	1.027508539400e+00	9.866173757993e-01	1.308271190344e+00
1.155119195872e-02	9.443378659431e-01	9.171710402273e-02	1.028457291072e+00	9.854859294640e-01	1.367908514964e+00
1.182025378385e-02	9.416402808095e-01	9.044484758941e-02	1.029549137712e+00	9.843857432443e-01	1.395506738714e+00
1.209558286399e-02	9.388152271441e-01	8.929632336234e-02	1.030788649084e+00	9.833152148826e-01	1.390832169327e+00
1.237732518227e-02	9.358573085065e-01	8.815469540723e-02	1.032180094538e+00	9.822721618992e-01	1.355084739738e+00
1.266563012220e-02	9.327609485885e-01	8.691064219870e-02	1.033727517686e+00	9.812538371638e-01	1.290603763564e+00
1.296065054687e-02	9.295204087833e-01	8.546669696167e-02	1.035434778881e+00	9.802569666071e-01	1.200584652850e+00
1.326254288001e-02	9.261298182088e-01	8.374153334569e-02	1.037305612936e+00	9.792778142773e-01	1.088861927172e+00
1.357146718894e-02	9.225831574913e-01	8.167395879783e-02	1.039343746171e+00	9.783122576343e-01	9.597898055452e-01
1.388758726941e-02	9.188742800927e-01	7.922634914988e-02	1.041552997880e+00	9.773558808060e-01	8.182314156529e-01
1.421107073247e-02	9.149969121259e-01	7.638723949325e-02	1.043937432333e+00	9.764040888997e-01	6.696535819884e-01
1.454208909335e-02	9.109446687729e-01	7.317277947472e-02	1.046501513342e+00	9.754522360008e-01	5.203118345528e-01
1.488081786235e-02	9.067110735587e-01	6.962678336352e-02	1.049250272895e+00	9.744957627470e-01	3.774964352945e-01
1.522743663796e-02	9.022895783315e-01	6.581914898309e-02	1.052189487561e+00	9.735303347252e-01	2.497857343602e-01
1.558212920205e-02	8.976735794052e-01	6.184249912640e-02	1.055325868580e+00	9.725519822654e-01	1.472106623422e-01
1.594508361734e-02	8.928564622208e-01	5.780700298426e-02	1.058667217882e+00	9.715572291705e-01	8.116716762968e-02
1.631649232711e-02	8.878316184614e-01	5.383348210209e-02	1.062222602593e+00	9.705432019573e-01	6.382982326591e-02
1.669655225726e-02	8.825924955955e-01	5.004506660855e-02	1.066002474528e+00	9.695077131929e-01	1.067562903320e-01
1.708546492082e-02	8.771326435268e-01	4.655785675374e-02	1.070018763208e+00	9.684493100482e-01	2.184251261771e-01
1.748343652484e-02	8.714457632629e-01	4.347122742571e-02	1.074284928446e+00	9.673672815411e-01	4.007653194452e-01
1.789067807998e-02	8.655257708984e-01	4.085858081785e-02	1.078815950836e+00	9.662616197603e-01	6.454197367042e-01
1.830740551276e-02	8.593668692513e-01	3.875947668223e-02	1.083628264546e+00	9.651329348030e-01	9.313531973870e-01
1.873383978071e-02	8.529636196996e-01	3.717411476551e-02	1.088739638489e+00	9.639823223766e-01	1.225790864331e+00
1.917020699086e-02	8.463110342289e-01	3.606109308592e-02	1.094168989753e+00	9.628111952261e-01	1.489502817263e+00
1.961673852180e-02	8.394046781768e-01	3.533918320185e-02	1.099936146005e+00	9.616210862143e-01	1.685161943209e+00
2.007367115014e-02	8.322407711919e-01	3.489354001111e-02	1.106061583561e+00	9.604134377599e-01	1.785468046566e+00
2.054124718256e-02	8.248163070467e-01	3.458630367624e-02	1.112566138358e+00	9.591893988540e-01	1.777820154704e+00
2.101971459485e-02	8.171291867423e-01	3.427097213671e-02	1.119470715936e+00	9.579496503572e-01	1.664538929342e+00
2.150932718063e-02	8.091783592141e-01	3.380928755569e-02	1.126796033275e+00	9.566942821221e-01	1.460056073131e+00
2.201034471331e-02	8.009639763924e-01	3.308876559179e-02	1.134562399866e+00	9.554227371385e-01	1.187412705077e+00
2.252303312651e-02	7.924875660524e-01	3.203851519604e-02	1.142789557362e+00	9.541338430719e-01	8.758204103610e-01
2.304766472049e-02	7.837522155009e-01	3.064077423379e-02	1.151496587817e+00	9.528259330523e-01	5.598670623734e-01
2.358451840475e-02	7.747627737314e-01	2.893574318791e-02	1.160701877927e+00	9.514970543726e-01	2.798523267936e-01
2.413387999089e-02	7.655260753176e-01	2.701792360635e-02	1.170423112208e+00	9.501452493937e-01	8.172369488802e-02
2.469604255432e-02	7.560511699047e-01	2.502328718602e-02	1.180677269134e+00	9.487688758695e-01	1.393703304556e-02
2.527130688874e-02	7.463495878379e-01	2.310813676560e-02	1.191480530333e+00	9.473669374054e-01	1.176774375156e-01
2.585998208415e-02	7.364356119458e-01	2.142228503640e-02	1.202848056835e+00	9.459393714366e-01	4.082611579297e-01
2.646238626608e-02	7.263265654874e-01	2.008084276394e-02	1.214793544276e+00	9.444872575358e-01	8.524490852414e-01
2.707884754186e-02	7.160431310069e-01	1.914007362905e-02	1.227328451021e+00	9.430129098398e-01	1.357795906329e+00
2.770970520782e-02	7.056096537548e-01	1.858299560532e-02	1.240460894410e+00	9.415198310098e-01	1.792783051945e+00
2.835531127908e-02	6.950544729874e-01	1.831934483348e-02	1.254194115722e+00	9.400125371943e-01	2.035527908695e+00
2.901603241082e-02	6.844102420373e-01	1.820203848678e-02	1.268524561123e+00	9.384962806357e-01	2.020337424686e+00
2.969225228487e-02	6.737142485293e-01	1.805861465111e-02	1.283439595496e+00	9.369767242107e-01	1.753231525523e+00
3.038437453837e-02	6.630087140765e-01	1.773193945297e-02	1.298914950969e+00	9.354596354874e-01	1.298440522680e+00
3.109282631062e-02	6.523410811197e-01	1.712082139554e-02	1.314912003218e+00	9.339506788848e-01	7.576915699017e-01
3.181806247910e-02	6.417642699289e-01	1.620932873598e-02	1.331375006645e+00	9.324553615565e-01	2.570859330434e-01
3.256057064593e-02	6.313369090666e-01	1.507470525795e-02	1.348228377882e+00	9.309791643571e-01	-6.140207288906e-02
3.332087692094e-02	6.211235196946e-01	1.386836725113e-02	1.365374124429e+00	9.295278429876e-01	-6.180275684107e-02
3.409955252653e-02	6.111946550024e-01	1.277203700801e-02	1.382689442280e+00	9.281078417719e-01	3.283954406846e-01
3.489722122370e-02	6.016269956570e-01	1.193985064281e-02	1.400024474289e+00	9.267267231790e-01	1.031971985802e+00
3.571456752786e-02	5.925033583041e-01	1.144438636527e-02	1.417200315405e+00	9.253934966666e-01	1.785663066559e+00
3.655234564822e-02	5.839126220901e-01	1.124673639813e-02	1.434007335438e+00	9.241187518606e-01	2.250140995740e+00
3.741138904778e-02	5.759495451546e-01	1.120557894860e-02	1.450204082947e+00	9.229145433744e-01	2.210622046861e+00
3.829262048226e-02	5.687144326889e-01	1.112755579019e-02	1.465517240283e+00	9.217940421288e-01	1.684435518123e+00
3.919706233850e-02	5.623126182222e-01	1.084427902827e-02	1.479643285470e+00	9.207710373531e-01	8.818963459650e-01
4.012584705669e-02	5.568537171520e-01	1.028635609509e-02	1.492252642683e+00	9.198594256732e-01	1.229447203861e-01
4.108022738736e-02	5.524505764126e-01	9.519784170919e-03	1.502997153816e+00	9.190728297365e-01	-2.334441707578e-01
4.206158620581e-02	5.492178655336e-01	8.720827288012e-03	1.511521415056e+00	9.184244477880e-01	8.819255760764e-02
4.307144558285e-02	5.472702055862e-01	8.091856343791e-03	1.517478151289e+00	9.179271394594e-01	1.038193085737e+00
4.411147479403e-02	5.467197400064e-01	7.753470133562e-03	1.520547124395e+00	9.175936468050e-01	2.074625878016e+00
4.518349694014e-02	5.476730207479e-01	7.670483071762e-03	1.520456414329e+00	9.174367564233e-01	2.472735953444e+00
4.628949385132e-02	5.502270816787e-01	7.663024730632e-03	1.517004290127e+00	9.174691754679e-01	1.936552447260e+00
4.743160895728e-02	5.544645681932e-01	7.511860522867e-03	1.510079537098e+00	9.177029393156e-01	8.114502788058e-01
4.861214782958e-02	5.604478102238e-01	7.104276612072e-03	1.499678116462e+00	9.181483061206e-01	-1.562871890320e-01
4.983357614031e-02	5.682117688932e-01	6.522249705671e-03	1.485914388161e+00	9.188122786391e-01	-1.885591527064e-01
5.109851483830e-02	5.777558601113e-01	5.992287245633e-03	1.469025740572e+00	9.196970684347e-01	9.321963922230e-01
5.240973242043e-02	5.890347713843e-01	5.709172868921e-03	1.449370128647e+00	9.207988830591e-01	2.274972589859e+00
5.377013427346e-02	6.019485350220e-01	5.662608722927e-03	1.427416550028e+00	9.221072654494e-01	2.436529693255e+00
5.518274917883e-02	6.163323133516e-01	5.631659378701e-03	1.403728836960e+00	9.236048355426e-01	1.198984988563e+00
5.665071320658e-02	6.319465766207e-01	5.389773627327e-03	1.378943549074e+00	9.252668346473e-01	-1.558022547900e-01
5.817725136734e-02	6.484685912005e-01	4.945157893699e-03	1.353743713699e+00	9.270597967029e-01	-4.053386597733e-02
5.976565753350e-02	6.654863803654e-01	4.546137781506e-03	1.328831771238e+00	9.289393706633e-01	1.607740110974e+00
6.141927327054e-02	6.824965347650e-01	4.393214932819e-03	1.304906516458e+00	9.308485784253e-01	2.558791290448e+00
6.314146632259e-02	6.989074066984e-01	4.374557539465e-03	1.282648234866e+00	9.327183429656e-01	1.321997046513e+00
6.493560956179e-02	7.140492857694e-01	4.203070724511e-03	1.262712634041e+00	9.344706135047e-01	-2.185936394289e-01
6.680506122716e-02	7.271930751553e-01	3.832820357206e-03	1.245729994385e+00	9.360217558379e-01	5.091383070576e-01
6.875314724268e-02	7.375787637922e-01	3.543223332500e-03	1.232306124126e+00	9.372838625660e-01	2.339663108227e+00
7.078314631469e-02	7.444546344950e-01	3.480160197450e-03	1.223026850812e+00	9.381661004681e-01	1.721439190757e+00
7.289827837502e-02	7.471276933691e-01	3.385802794679e-03	1.218469300225e+00	9.385812630083e-01	-9.459708427892e-02
7.510169676863e-02	7.450251988199e-01	3.079556398247e-03	1.219213388766e+00	9.384570219665e-01	8.136251968826e-01
7.739648440017e-02	7.377662647053e-01	2.832974047982e-03	1.225836099584e+00	9.377441713694e-01	2.382781118969e+00
7.978565386914e-02	7.252410899690e-01	2.790848149991e-03	1.238876085123e+00	9.364208062560e-01	7.876469430553e-01
8.227215145260e-02	7.076931863338e-01	2.630224374960e-03	1.258762504083e+00	9.345022892675e-01	2.120193677573e-01
8.485886465201e-02	6.857967260202e-01	2.347701038446e-03	1.285679525462e+00	9.320563823523e-01	2.130722172056e+00
8.754863291095e-02	6.607164511626e-01	2.275815970032e-03	1.319314891059e+00	9.292091394885e-01	1.084672529834e+00
9.034426103942e-02	6.341315439071e-01	2.172155983522e-03	1.358474647088e+00	9.261436341692e-01	3.490228255850e-01
9.324853484373e-02	6.081989262171e-01	1.923636393897e-03	1.400614809737e+00	9.231012756141e-01	2.083527195320e+00
9.626423845629e-02	5.854287445557e-01	1.885446466198e-03	1.441445006741e+00	9.203705638434e-01	6.887302110825e-01
9.939417287900e-02	5.684494644343e-01	1.755151475999e-03	1.474984100378e+00	9.182565087281e-01	1.005655056681e+00
1.026411752917e-01	5.596574303661e-01	1.590296252579e-03	1.494589434075e+00	9.170441048105e-01	1.721152358982e+00
1.060081387255e-01	5.607793960529e-01	1.583232804553e-03	1.495075442051e+00	9.169490407222e-01	5.026930239617e-01
1.094980317539e-01	5.724206297528e-01	1.401484477789e-03	1.475078245591e+00	9.180616827080e-01	1.748627963088e+00
1.131139179111e-01	5.937103049132e-01	1.392914889562e-03	1.438095849132e+00	9.203064682463e-01	7.245982610551e-01
1.168589745956e-01	6.221680096080e-01	1.265127550264e-03	1.391302273228e+00	9.234218867834e-01	1.438588266713e+00
1.207365112670e-01	6.538816745380e-01	1.227797482106e-03	1.343007524281e+00	9.269764411059e-01	9.754789892140e-01
1.247499867836e-01	6.840133108894e-01	1.135535338013e-03	1.300457420405e+00	9.304238828229e-01	1.271184599293e+00
1.289030257596e-01	7.075635804432e-01	1.091189708559e-03	1.268893500731e+00	9.331876747150e-01	1.067050865339e+00
1.331994338509e-01	7.202662249969e-01	1.001456705214e-03	1.251667053316e+00	9.347635445238e-01	1.232197478770e+00
1.376432118928e-01	7.194673065389e-01	9.706558031493e-04	1.250716806432e+00	9.348216395743e-01	1.090373320855e+00
1.422385688256e-01	7.048543798420e-01	8.684781095878e-04	1.266803135956e+00	9.332936222070e-01	1.223909301795e+00
1.469899333473e-01	6.788996182767e-01	8.519190243667e-04	1.299071426539e+00	9.304289176843e-01	1.105808824556e+00
1.519019642283e-01	6.468434816169e-01	7.595731536385e-04	1.343710705023e+00	9.267995159380e-01	1.269474328657e+00
1.569795592130e-01	6.160022080480e-01	7.217097381069e-04	1.392099163497e+00	9.232284317087e-01	1.008079365689e+00
1.622278624139e-01	5.942375532160e-01	6.856299255306e-04	1.430433016239e+00	9.206205763937e-01	1.391561028739e+00
1.676522700839e-01	5.877108737164e-01	6.164273700265e-04	1.444184977481e+00	9.197080700193e-01	1.126282178155e+00
1.732584346177e-01	5.985517477883e-01	5.932441917421e-04	1.427173835362e+00	9.207780653548e-01	8.970354034419e-01
1.790522666049e-01	6.234994488721e-01	5.690936898063e-04	1.387001988549e+00	9.235047840272e-01	1.485964408795e+00
1.850399347113e-01	6.544438620575e-01	5.222153323542e-04	1.340109420749e+00	9.269949936803e-01	1.468143234084e+00
1.912278631278e-01	6.809659252643e-01	4.881887876945e-04	1.302333294086e+00	9.300652292536e-01	8.196742705482e-01
1.976227262756e-01	6.939882883585e-01	4.681053340418e-04	1.283779852490e+00	9.316554001004e-01	7.134307957621e-01
2.042314404104e-01	6.891887888491e-01	4.431715318554e-04	1.288447211414e+00	9.312260048914e-01	1.189741737026e+00
2.110611517217e-01	6.689835398130e-01	4.105212051883e-04	1.314500883457e+00	9.290007815320e-01	1.621438888335e+00
2.181192204738e-01	6.422033609828e-01	3.777668116765e-04	1.352925504488e+00	9.259504189178e-01	1.700078376210e+00
2.254132006970e-01	6.209444696914e-01	3.498452933892e-04	1.386818828119e+00	9.234510891398e-01	1.548266071385e+00
2.329508148988e-01	6.150626272322e-01	3.269762277166e-04	1.397865071059e+00	9.226616800370e-01	1.371202541744e+00
2.407399232441e-01	6.266924402771e-01	3.074702104455e-04	1.380437813286e+00	9.238836379922e-01	1.264093595817e+00
2.487884866414e-01	6.484792308299e-01	2.896172712464e-04	1.347562011040e+00	9.263277986499e-01	1.230476148660e+00
2.571045231860e-01	6.675426723522e-01	2.723122503284e-04	1.319660258681e+00	9.285369862452e-01	1.241666159802e+00
2.656960574447e-01	6.731264034904e-01	2.553213747308e-04	1.310882301524e+00	9.292513169499e-01	1.265361070987e+00
2.745710621398e-01	6.631816100476e-01	2.393702582187e-04	1.323811693703e+00	9.281798551870e-01	1.274067554245e+00
2.837373918985e-01	6.457314913399e-01	2.255508990740e-04	1.348923575697e+00	9.261931303685e-01	1.265931745481e+00
2.932027088939e-01	6.335706252873e-01	2.135411148599e-04	1.368005260682e+00	9.247493350461e-01	1.283775201921e+00
3.029744004188e-01	6.349297162002e-01	2.005076255259e-04	1.366805019900e+00	9.248308925485e-01	1.297933626776e+00
3.130594887135e-01	6.470006938720e-01	1.854531861584e-04	1.348978796908e+00	9.261711228016e-01	1.096570521212e+00
3.234645337226e-01	6.585792716464e-01	1.735334129973e-04	1.331805329730e+00	9.275107572022e-01	1.019569480979e+00
3.341955298838e-01	6.601012001712e-01	1.653857405534e-04	1.329003704409e+00	9.277286706052e-01	1.474661199843e+00
3.452577985579e-01	6.519538677306e-01	1.537039401001e-04	1.340403506384e+00	9.268203475463e-01	1.040351354803e+00
3.566558782934e-01	6.433606561083e-01	1.429675022141e-04	1.353333354016e+00	9.258171764171e-01	1.219029112728e+00
3.683934157610e-01	6.427293618711e-01	1.359557779351e-04	1.354761731542e+00	9.257034524794e-01	1.249192345377e+00
3.804730608845e-01	6.491357210277e-01	1.256160750247e-04	1.345436225202e+00	9.264146425310e-01	1.153449624624e+00
3.928963703875e-01	6.543831895579e-01	1.199416957242e-04	1.337551922903e+00	9.270265829002e-01	1.215299426355e+00
4.056637246406e-01	6.530478235237e-01	1.109756797149e-04	1.339195580420e+00	9.268933274243e-01	1.222627801657e+00
4.187742632480e-01	6.482337722001e-01	1.047908391337e-04	1.346240170252e+00	9.263406665926e-01	1.173316797825e+00
4.322258451986e-01	6.464959149056e-01	9.891924325604e-05	1.349040838408e+00	9.261207971992e-01	1.233866835146e+00
4.460150395178e-01	6.491787502290e-01	9.185869826343e-05	1.345207445680e+00	9.264131331426e-01	1.107993993766e+00
4.601371521108e-01	6.517271652160e-01	8.668350358898e-05	1.341373006668e+00	9.267083008711e-01	1.244614862486e+00
4.745862937848e-01	6.509092714422e-01	8.213884236414e-05	1.342440441826e+00	9.266218933128e-01	1.378925498180e+00
4.893554932214e-01	6.488499702486e-01	7.718008178388e-05	1.345493253286e+00	9.263816200946e-01	1.302315268688e+00
5.044368568972e-01	6.487853414779e-01	7.230432550372e-05	1.345694606847e+00	9.263630126983e-01	1.174347421031e+00
5.198217756645e-01	6.501924164232e-01	6.790906679179e-05	1.343642502376e+00	9.265194337907e-01	1.118000581813e+00
5.355011749915e-01	6.505828968777e-01	6.395540748516e-05	1.343009865487e+00	9.265660272766e-01	1.125305345866e+00
5.514658029183e-01	6.497583577305e-01	6.031970344940e-05	1.344203676083e+00	9.264706589053e-01	1.157403641669e+00
5.677065468571e-01	6.494129458879e-01	5.694710447101e-05	1.344754162039e+00	9.264254692196e-01	1.193385014089e+00
5.842147677600e-01	6.499265216636e-01	5.382422906791e-05	1.344020391528e+00	9.264800937745e-01	1.207396837230e+00
6.009826382108e-01	6.502028197572e-01	5.093333140498e-05	1.343595658996e+00	9.265108837512e-01	1.166641673381e+00
6.180034699415e-01	6.499183337110e-01	4.825163512207e-05	1.344005647369e+00	9.264768739092e-01	1.105433009526e+00
6.352720163130e-01	6.497721914391e-01	4.578140264843e-05	1.344237879218e+00	9.264567709807e-01	1.119814742123e+00
6.527847364850e-01	6.499695583007e-01	4.348968280965e-05	1.343957573385e+00	9.264765778989e-01	1.211781804147e+00
6.705400102349e-01	6.500662132248e-01	4.123724655488e-05	1.343809667290e+00	9.264861974738e-01	1.267413283686e+00
6.885382954359e-01	6.499645141369e-01	3.895898016761e-05	1.343958555621e+00	9.264728242153e-01	1.238068782726e+00
7.067822237438e-01	6.499423123350e-01	3.690159235479e-05	1.343999400397e+00	9.264679129442e-01	1.215901294263e+00
7.252766336819e-01	6.500227220305e-01	3.521189053759e-05	1.343885230700e+00	9.264751144248e-01	1.178949916934e+00
7.440285437226e-01	6.500397268370e-01	3.348753990802e-05	1.343859547788e+00	9.264755077519e-01	1.190959981166e+00
7.630470708305e-01	6.500116377521e-01	3.171702705608e-05	1.343902859913e+00	9.264706006759e-01	1.274233079394e+00
7.823433021049e-01	6.500282887353e-01	3.025507314266e-05	1.343882337813e+00	9.264707053936e-01	1.148844262463e+00
8.019301285453e-01	6.500557427036e-01	2.883166584209e-05	1.343844340679e+00	9.264722104467e-01	1.228252433206e+00
8.218220506077e-01	6.500544493702e-01	2.739069981276e-05	1.343848124569e+00	9.264705119435e-01	1.166676100472e+00
8.420349652236e-01	6.500571331051e-01	2.615383683506e-05	1.343846583548e+00	9.264692756744e-01	1.148213742596e+00
8.625859434457e-01	6.500737546094e-01	2.485016026769e-05	1.343824151789e+00	9.264697061861e-01	1.216455193561e+00
8.834930070351e-01	6.500819151947e-01	2.375547995906e-05	1.343814030585e+00	9.264692139978e-01	1.115503244721e+00
9.047749112334e-01	6.500857439523e-01	2.263046553636e-05	1.343810548012e+00	9.264682407114e-01	1.167775229226e+00
9.264509397949e-01	6.500959723183e-01	2.151267149654e-05	1.343797218320e+00	9.264680723186e-01	1.308758639387e+00
9.485407171571e-01	6.501054424506e-01	2.057814353491e-05	1.343784655806e+00	9.264678798669e-01	1.142967890238e+00
9.710640414618e-01	6.501116342637e-01	1.968449706440e-05	1.343777248631e+00	9.264673146036e-01	1.221543167666e+00
9.940407410286e-01	6.501189422444e-01	1.887965182774e-05	1.343768299171e+00	9.264668954069e-01	1.180287447813e+00
1.017490555844e+00	6.501263935369e-01	1.781419482931e-05	1.343758904374e+00	9.264665374773e-01	1.395654498978e+00
1.041433044673e+00	6.501327809907e-01	1.717566454319e-05	1.343751114965e+00	9.264660778703e-01	1.201635924591e+00
1.065887517516e+00	6.501389926057e-01	1.624816329801e-05	1.343743733842e+00	9.264656059958e-01	1.071855570832e+00
1.090872992377e+00	6.501450883996e-01	1.568503554727e-05	1.343736428512e+00	9.264651487838e-01	1.416890220466e+00
1.116408174614e+00	6.501513925638e-01	1.503166083269e-05	1.343728598388e+00	9.264647553562e-01	1.221397681263e+00
1.142511456601e+00	6.501579129650e-01	1.423496755798e-05	1.343720323084e+00	9.264644191402e-01	1.228429447831e+00
1.169200935018e+00	6.501642532350e-01	1.346816865036e-05	1.343712253149e+00	9.264640884534e-01	1.152552683560e+00
1.196494442793e+00	6.501705576794e-01	1.274979980626e-05	1.343704154750e+00	9.264637808712e-01	4.333769401351e-01
1.224409592608e+00	6.501766226547e-01	1.235741781565e-05	1.343696409393e+00	9.264634642511e-01	1.539809175821e+00
1.252963828880e+00	6.501821598696e-01	1.213674805760e-05	1.343689539830e+00	9.264630951898e-01	2.706062386712e+00
1.282174485275e+00	6.501873936224e-01	1.141621719753e-05	1.343683154544e+00	9.264627041573e-01	2.424972729558e-01
1.312058845096e+00	6.501924506480e-01	1.140806672899e-05	1.343677018265e+00	9.264623081955e-01	4.321584704472e-01
1.342634202197e+00	6.501974405086e-01	1.027920792693e-05	1.343670929896e+00	9.264619220461e-01	-1.008367017943e+00
1.373917920505e+00	6.502026903890e-01	9.186899558387e-06	1.343664285560e+00	9.264615945795e-01	2.963183896074e-01
1.405927490666e+00	6.502081591679e-01	9.126930681482e-06	1.343657158221e+00	9.264613227259e-01	3.275656433262e-01
1.438680582751e+00	6.502134859040e-01	8.603856175111e-06	1.343650210102e+00	9.264610532786e-01	1.200737336191e+00
1.472195094363e+00	6.502184685971e-01	8.156681839627e-06	1.343643816394e+00	9.264607543958e-01	9.614455264149e-01
1.506489193870e+00	6.502230648679e-01	7.889972670531e-06	1.343638061256e+00	9.264604173024e-01	4.152936913204e-01
1.541581358751e+00	6.502273861367e-01	7.392510159376e-06	1.343632745069e+00	9.264600565325e-01	2.007233121406e+00
1.577490409298e+00	6.502316617944e-01	7.212337689676e-06	1.343627447767e+00	9.264597056014e-01	1.065217010279e+00
1.614235538081e+00	6.502361606751e-01	7.221039275857e-06	1.343621672318e+00	9.264594055280e-01	1.960331172092e+00
1.651836335680e+00	6.502408820212e-01	6.865219280526e-06	1.343615415279e+00	9.264591577519e-01	-5.826075904806e-02
1.690312813239e+00	6.502454537511e-01	6.483301129682e-06	1.343609358869e+00	9.264589071055e-01	1.233839190689e+00
1.729685422394e+00	6.502496302483e-01	6.068271984678e-06	1.343603958871e+00	9.264586151183e-01	1.544655898536e+00
1.769975073123e+00	6.502534858869e-01	6.329464497186e-06	1.343599084468e+00	9.264582905566e-01	4.072335653898e+00
1.811203149988e+00	6.502572492674e-01	5.934023383831e-06	1.343594317820e+00	9.264579665172e-01	1.569408720907e+00
1.853391527191e+00	6.502612000585e-01	5.407805236585e-06	1.343589142292e+00	9.264576854786e-01	-1.637221651471e+00
1.896562582806e+00	6.502653453927e-01	5.148255240265e-06	1.343583539924e+00	9.264574499987e-01	2.841239307339e+00
1.940739212464e+00	6.502693221052e-01	5.282327647410e-06	1.343578176875e+00	9.264572060437e-01	1.981419480433e+00
1.985944842733e+00	6.502729245332e-01	4.410257842273e-06	1.343573435316e+00	9.264569210687e-01	3.850024411799e+00
2.032203444361e+00	6.502763180336e-01	4.925783618254e-06	1.343569015474e+00	9.264566179727e-01	-7.825495981855e-01
2.079539545527e+00	6.502797901019e-01	4.140435799274e-06	1.343564388108e+00	9.264563396952e-01	1.866301839401e+00
2.127978245184e+00	6.502834535121e-01	3.954804874323e-06	1.343559341518e+00	9.264561043395e-01	-2.356229949378e-01
2.177545226583e+00	6.502870324043e-01	4.135586158805e-06	1.343554380217e+00	9.264558712013e-01	9.689298424484e-01
2.228266771022e+00	6.502902900851e-01	3.600521746883e-06	1.343549941884e+00	9.264556035656e-01	-1.427924104697e+00
2.280169771863e+00	6.502933832020e-01	3.312203266158e-06	1.343545741536e+00	9.264553233808e-01	2.441486943489e+00
2.333281748828e+00	6.502965759550e-01	3.329297754302e-06	1.343541291810e+00	9.264550703484e-01	8.772538575094e-01
2.387630862626e+00	6.502998651124e-01	3.194536887843e-06	1.343536594502e+00	9.264548449625e-01	-7.032910853378e-01
2.443245929894e+00	6.503029705525e-01	3.417141771105e-06	1.343532163455e+00	9.264546051075e-01	1.263737572557e+00
2.500156438486e+00	6.503058451359e-01	2.924698902984e-06	1.343528087652e+00	9.264543424447e-01	2.048534059965e+00
2.558392563112e+00	6.503087215829e-01	2.784003978845e-06	1.343523939726e+00	9.264540917923e-01	2.398062557798e+00
2.617985181337e+00	6.503116862436e-01	3.234467877480e-06	1.343519557400e+00	9.264538668081e-01	1.852260227647e-01
2.678965889958e+00	6.503145339566e-01	3.083659029252e-06	1.343515315119e+00	9.264536365184e-01	1.555676725501e+00
2.741367021753e+00	6.503171877549e-01	2.521523537244e-06	1.343511354595e+00	9.264533880392e-01	1.809905962097e-01
2.805221662630e+00	6.503198319772e-01	2.331963256592e-06	1.343507336493e+00	9.264531488100e-01	3.330904230849e+00
2.870563669163e+00	6.503225144397e-01	2.285919467489e-06	1.343503169684e+00	9.264529266347e-01	3.680986682586e-01
2.937427686551e+00	6.503250655634e-01	2.047893337000e-06	1.343499164137e+00	9.264526960715e-01	4.503233150001e+00
3.005849166979e+00	6.503274900019e-01	1.958776854535e-06	1.343495311104e+00	9.264524571548e-01	2.239409124844e+00
3.075864388422e+00	6.503299299874e-01	2.255771281455e-06	1.343491346788e+00	9.264522311995e-01	1.104843400396e+00
3.147510473878e+00	6.503323250278e-01	1.793926749217e-06	1.343487379254e+00	9.264520094372e-01	3.441802648995e+00
3.220825411050e+00	6.503345853044e-01	1.796722326381e-06	1.343483572215e+00	9.264517780310e-01	1.410773393219e+00
3.295848072487e+00	6.503368107888e-01	1.495811676773e-06	1.343479739936e+00	9.264515516998e-01	1.839350892487e+00
3.372618236198e+00	6.503390103301e-01	1.776452471535e-06	1.343475862749e+00	9.264513320157e-01	1.216816471163e+00
3.451176606740e+00	6.503410983783e-01	1.294994269132e-06	1.343472095561e+00	9.264511059970e-01	2.009501954520e+00
3.531564836800e+00	6.503431336149e-01	1.474061992024e-06	1.343468328062e+00	9.264508822217e-01	4.988901869272e+00
3.613825549283e+00	6.503451301111e-01	1.311192557862e-06	1.343464530765e+00	9.264506628956e-01	4.368770273198e+00
3.698002359906e+00	6.503470315726e-01	1.082495999335e-06	1.343460804123e+00	9.264504394856e-01	3.672123745659e+00
3.784139900330e+00	6.503488800915e-01	1.402377698936e-06	1.343457067668e+00	9.264502182527e-01	2.592200656971e+00
3.872283841818e+00	6.503506706358e-01	1.301680956890e-06	1.343453327036e+00	9.264499987285e-01	2.809524657393e+00
3.962480919454e+00	6.503523787557e-01	1.238980136371e-06	1.343449623456e+00	9.264497770703e-01	-1.168156040793e+00
4.054778956923e+00	6.503540317705e-01	1.197077287432e-06	1.343445902305e+00	9.264495571425e-01	1.701886210652e+00
4.149226891867e+00	6.503556125294e-01	1.103603549111e-06	1.343442190738e+00	9.264493363964e-01	1.933896209250e+00
4.245874801830e+00	6.503571209985e-01	1.148546716096e-06	1.343438484624e+00	9.264491148804e-01	1.547462931913e+00
4.344773930815e+00	6.503585648485e-01	1.115955189312e-06	1.343434765091e+00	9.264488938310e-01	-1.798644103910e-01
4.445976716447e+00	6.503599311109e-01	9.342612561591e-07	1.343431051060e+00	9.264486713558e-01	1.032357511032e+00
4.549536817783e+00	6.503612280735e-01	8.800148862422e-07	1.343427322067e+00	9.264484487664e-01	-3.370257994942e-01
4.655509143761e+00	6.503624478805e-01	1.058787098880e-06	1.343423586975e+00	9.264482249530e-01	-4.528541967560e-01
4.763949882310e+00	6.503635917546e-01	9.249823826182e-07	1.343419837679e+00	9.264480001823e-01	-5.374627494062e-01
4.874916530144e+00	6.503646565792e-01	7.469085440595e-07	1.343416073669e+00	9.264477740728e-01	5.977700550374e+00
4.988467923250e+00	6.503656401226e-01	8.147711756114e-07	1.343412292547e+00	9.264475464008e-01	7.656276134509e-01
5.104664268079e+00	6.503665405643e-01	8.508973180539e-07	1.343408491053e+00	9.264473171387e-01	2.748595015017e+00
5.223567173471e+00	6.503673555763e-01	7.882344245037e-07	1.343404666592e+00	9.264470860403e-01	-8.319983261291e-02
5.345239683321e+00	6.503680844622e-01	7.451983523524e-07	1.343400813368e+00	9.264468530292e-01	2.469388198448e-01
5.469746310003e+00	6.503687262324e-01	5.612465919523e-07	1.343396925852e+00	9.264466179411e-01	-6.566844191527e+00
5.597153068580e+00	6.503692797509e-01	6.163612498378e-07	1.343392998445e+00	9.264463807832e-01	2.089928732343e+00
5.727527511801e+00	6.503697422783e-01	5.769619035136e-07	1.343389027530e+00	9.264461413826e-01	5.830027934411e-02
5.860938765921e+00	6.503701099798e-01	5.506203937627e-07	1.343385010769e+00	9.264458993956e-01	-3.610359255658e+00
5.997457567353e+00	6.503703791245e-01	4.772382670406e-07	1.343380945285e+00	9.264456545093e-01	-1.127175135211e+00
6.137156300174e+00	6.503705462058e-01	4.826167399315e-07	1.343376827533e+00	9.264454064367e-01	5.824069475605e+00
6.280109034500e+00	6.503706080126e-01	4.307884355319e-07	1.343372653043e+00	9.264451549627e-01	1.809228899162e+00
6.426391565762e+00	6.503705608222e-01	4.158801127389e-07	1.343368417868e+00	9.264448998665e-01	3.965709048694e+00
6.576081454897e+00	6.503704010682e-01	5.128212766773e-07	1.343364117118e+00	9.264446408838e-01	1.070242701409e+00
6.729258069463e+00	6.503701247790e-01	4.537573254434e-07	1.343359746011e+00	9.264443776490e-01	-1.790393390677e+00
6.886002625731e+00	6.503697278743e-01	4.259627181895e-07	1.343355299441e+00	9.264441098509e-01	7.294002546106e+00
7.046398231737e+00	6.503692060142e-01	2.659409999934e-07	1.343350772268e+00	9.264438372149e-01	4.456421106335e-01
7.210529931356e+00	6.503685545975e-01	3.599027502073e-07	1.343346159155e+00	9.264435594419e-01	5.131526238045e+00
7.378484749387e+00	6.503677688048e-01	3.785296813444e-07	1.343341454500e+00	9.264432761784e-01	-7.097647804317e-01
7.550351737698e+00	6.503668436349e-01	3.935720803297e-07	1.343336652339e+00	9.264429871135e-01	4.584228581184e+00
7.726222022441e+00	6.503657737012e-01	4.341463654490e-07	1.343331746757e+00	9.264426919389e-01	4.517941548432e+00
7.906188852370e+00	6.503645534699e-01	3.921278831422e-07	1.343326731238e+00	9.264423902571e-01	5.309851203680e+00
8.090347648278e+00	6.503631770048e-01	3.068892361896e-07	1.343321599152e+00	9.264420816225e-01	2.964196101509e+00
8.278796053598e+00	6.503616381198e-01	2.505985026227e-07	1.343316343567e+00	9.264417656203e-01	1.394639334191e+00
8.471633986168e+00	6.503599303816e-01	2.560842575902e-07	1.343310957155e+00	9.264414418562e-01	1.220412443071e+00
8.668963691214e+00	6.503580469054e-01	1.724798034169e-07	1.343305432475e+00	9.264411098741e-01	4.195086122253e+00
8.870889795555e+00	6.503559805390e-01	2.703347194445e-07	1.343299761678e+00	9.264407692401e-01	-2.282072083265e+00
9.077519363086e+00	6.503537237139e-01	2.190618227948e-07	1.343293936641e+00	9.264404194875e-01	-1.600829742025e+00
9.288961951539e+00	6.503512684906e-01	2.343675095463e-07	1.343287948821e+00	9.264400600855e-01	-4.510260293757e+00
9.505329670573e+00	6.503486065605e-01	2.071391186966e-07	1.343281789184e+00	9.264396904715e-01	1.198422274611e+00
9.726737241215e+00	6.503457290607e-01	2.033076239205e-07	1.343275448668e+00	9.264393100764e-01	-5.227930491260e+00
9.953302056692e+00	6.503426267980e-01	1.768139011069e-07	1.343268917582e+00	9.264389183229e-01	6.025519960650e+00
1.018514424467e+01	6.503392901435e-01	1.821789928336e-07	1.343262185845e+00	9.264385146237e-01	3.534800931536e+00
1.042238673094e+01	6.503357091080e-01	2.008469347464e-07	1.343255242709e+00	9.264380983733e-01	1.078200927593e+00
1.066515530461e+01	6.503318733896e-01	1.882285279274e-07	1.343248076665e+00	9.264376689144e-01	-1.096961788188e+00
1.091357868479e+01	6.503277722779e-01	1.690408208612e-07	1.343240675519e+00	9.264372255720e-01	-4.701256029684e+00
1.116778858885e+01	6.503233945147e-01	1.759889306137e-07	1.343233026562e+00	9.264367676686e-01	3.726795270494e+00
1.142791980224e+01	6.503187279024e-01	1.264130615539e-07	1.343225117151e+00	9.264362944761e-01	1.749027619449e+01
1.169411024998e+01	6.503137594917e-01	1.284974900949e-07	1.343216934269e+00	9.264358051946e-01	-6.546161924785e+00
1.196650106976e+01	6.503084757562e-01	2.037632011836e-07	1.343208464217e+00	9.264352989612e-01	6.577754397416e-01
1.224523668681e+01	6.503028626381e-01	6.984532222507e-08	1.343199692480e+00	9.264347748834e-01	1.188989495079e+00
1.253046489043e+01	6.502969054804e-01	1.431595017431e-07	1.343190603816e+00	9.264342320814e-01	8.784291118987e+00
1.282233691240e+01	6.502905888592e-01	7.552820583369e-08	1.343181182379e+00	9.264336696131e-01	-3.893569435203e+00
1.312100750712e+01	6.502838966856e-01	1.222065010167e-07	1.343171411467e+00	9.264330864956e-01	-5.480599122197e+00
1.342663503370e+01	6.502768120729e-01	1.143727766268e-07	1.343161273602e+00	9.264324816869e-01	1.269204774932e+01
1.373938153990e+01	6.502693173220e-01	1.289167209601e-07	1.343150750525e+00	9.264318541007e-01	-6.537239389540e+00
1.405941284805e+01	6.502613938611e-01	1.060681310289e-07	1.343139823226e+00	9.264312026159e-01	6.976458660196e-01
1.438689864299e+01	6.502530222877e-01	1.355950243476e-07	1.343128471687e+00	9.264305260592e-01	-4.715010823479e+00
1.472201256202e+01	6.502441822058e-01	8.069826600027e-08	1.343116675051e+00	9.264298231737e-01	1.041359669140e-01
1.506493228699e+01	6.502348522565e-01	4.297726776342e-08	1.343104411485e+00	9.264290926519e-01	8.556545811418e+00
1.541583963846e+01	6.502250101176e-01	9.351459821982e-08	1.343091658108e+00	9.264283331641e-01	-7.158943869866e+00
1.577492067216e+01	6.502146324666e-01	8.539237789768e-08	1.343078390841e+00	9.264275432908e-01	-1.668608839951e+00
1.614236577761e+01	6.502036948907e-01	1.158854859700e-07	1.343064584471e+00	9.264267215570e-01	1.205795811732e+01
1.651836977906e+01	6.501921718889e-01	3.977419764081e-08	1.343050212499e+00	9.264258664248e-01	-1.346455094716e+01
1.690313203881e+01	6.501800366408e-01	6.078021004116e-08	1.343035247341e+00	9.264249762882e-01	1.073247273128e+01
1.729685656291e+01	6.501672609147e-01	8.553744384012e-08	1.343019660348e+00	9.264240494362e-01	-1.045466706306e+01
1.769975210931e+01	6.501538151582e-01	5.805753646959e-08	1.343003421463e+00	9.264230840811e-01	6.689436071247e+00
1.811203229857e+01	6.501396684092e-01	6.419547138571e-08	1.342986499313e+00	9.264220783528e-01	-1.852842626328e+00
1.853391572709e+01	6.501247882931e-01	6.547812367411e-08	1.342968860930e+00	9.264210302989e-01	1.954752528558e-01
1.896562608305e+01	6.501091409097e-01	4.995915551700e-08	1.342950471813e+00	9.264199378914e-01	2.671149648447e+00
1.940739226500e+01	6.500926907655e-01	6.856072011862e-08	1.342931295842e+00	9.264187989546e-01	8.789639757438e+00
1.985944850322e+01	6.500754006440e-01	6.225194218446e-08	1.342911295252e+00	9.264176112900e-01	3.266032282638e+00
2.032203448390e+01	6.500572316232e-01	4.825693236112e-08	1.342890430451e+00	9.264163725506e-01	-2.885754003957e+00
2.079539547627e+01	6.500381429544e-01	6.795154944807e-08	1.342868659959e+00	9.264150802671e-01	-1.285727649370e+01
2.127978246257e+01	6.500180919923e-01	3.857468106864e-08	1.342845940340e+00	9.264137319016e-01	5.594437305354e+00
2.177545227121e+01	6.499970341439e-01	3.323834039884e-08	1.342822225981e+00	9.264123247553e-01	1.484299120270e+01
2.228266771287e+01	6.499749226500e-01	4.587472377950e-08	1.342797469252e+00	9.264108560446e-01	1.311293694847e+00
2.280169771990e+01	6.499517084917e-01	3.586676226078e-08	1.342771620366e+00	9.264093228582e-01	-5.149447982970e+00
2.333281748888e+01	6.499273402999e-01	4.508636088894e-08	1.342744627250e+00	9.264077220453e-01	-5.857449503387e+00
2.387630862654e+01	6.499017642572e-01	2.147381470020e-08	1.342716435451e+00	9.264060504115e-01	-8.888057667898e+00
2.443245929907e+01	6.498749240704e-01	4.059572539562e-08	1.342686987855e+00	9.264043045965e-01	-7.050911456894e-01
2.500156438492e+01	6.498467607997e-01	4.489365132791e-08	1.342656224677e+00	9.264024810328e-01	2.689554543397e+00
2.558392563115e+01	6.498172127314e-01	5.023110948368e-08	1.342624083307e+00	9.264005760423e-01	-8.249658575359e+00
2.617985181338e+01	6.497862152996e-01	2.196579426032e-08	1.342590498139e+00	9.263985857581e-01	-9.310434290753e-01
2.678965889958e+01	6.497537008923e-01	1.834563882820e-08	1.342555400485e+00	9.263965061625e-01	-1.258697444629e+01
2.741367021754e+01	6.497195987435e-01	3.331399281847e-08	1.342518718411e+00	9.263943329260e-01	-2.033282260657e+00
2.805221662630e+01	6.496838347056e-01	4.363875467607e-08	1.342480376667e+00	9.263920617026e-01	-1.605086534017e+01
2.870563669163e+01	6.496463311328e-01	1.969412286462e-08	1.342440296496e+00	9.263896878205e-01	-7.082837440308e+00
2.937427686551e+01	6.496070067022e-01	3.095218681816e-08	1.342398395492e+00	9.263872063844e-01	1.042483829968e+01
3.005849166979e+01	6.495657762852e-01	3.759957913414e-08	1.342354587360e+00	9.263846123121e-01	7.150838544149e+00
