8.899641224696953554e-03 2.151867137303934214e+04
1.507912216506557788e-02 2.531357180286747825e+04
2.144790186456836667e-02 2.495029025566814380e+04
2.783660776489276650e-02 2.170857099331826612e+04
3.435099785803411021e-02 1.835969964494563465e+04
4.047886761425745911e-02 1.584784969082536918e+04
4.676716683575679601e-02 1.385608528620448669e+04
5.308225101765951665e-02 1.206248390001787811e+04
5.945362440940590160e-02 1.151206879506937548e+04
6.576224814588792211e-02 1.089535899823362706e+04
7.196632906698736953e-02 9.615588846845654189e+03
7.827860915688347743e-02 8.853502443217821565e+03
8.470398945834539672e-02 7.906200931729330478e+03
9.096854620527369817e-02 6.883171752613103308e+03
9.720789776830213169e-02 6.405237175396332532e+03
1.034763038959366499e-01 5.939221510094841506e+03
1.097576444254559219e-01 5.221876566288902723e+03
1.160543084780093354e-01 4.945193022663715055e+03
1.223669666537485351e-01 4.710855406692913675e+03
1.286817263090294094e-01 4.537630448075447930e+03
1.349500801664080818e-01 4.329345915752610381e+03
1.411949558842147678e-01 4.004762645483339838e+03
1.475133575747468451e-01 3.801516729815878534e+03
1.537865074252268427e-01 3.472154151957212434e+03
1.600657544051110326e-01 3.250944492195451858e+03
1.663991168687080635e-01 3.082686904465151201e+03
1.727195645776442856e-01 2.990514507651501390e+03
1.789765213377084718e-01 2.761972054533531718e+03
1.852353690647852158e-01 2.673143860488370592e+03
1.914806787341157279e-01 2.552280162415529958e+03
1.977889868651535599e-01 2.503350212581299729e+03
2.040937735447724277e-01 2.423358220643096956e+03
2.103939302609846018e-01 2.285804679899264102e+03
2.166909709822301688e-01 2.227225609670785161e+03
2.229700281216152047e-01 2.135053865972462972e+03
2.292620027086341994e-01 2.037085538946344059e+03
2.355141508366812297e-01 1.989903237260253491e+03
2.417910583817859116e-01 1.942048487639705627e+03
2.480856539439619257e-01 1.849588908699636022e+03
2.543492256872954549e-01 1.800059486542276090e+03
2.606334251884805386e-01 1.733886937013697661e+03
2.669257370896960802e-01 1.693661253767503922e+03
2.732423343141155980e-01 1.642685547181546099e+03
2.795529680084415936e-01 1.585965103823454911e+03
2.858366292314493129e-01 1.575037435247751546e+03
2.920876271394311496e-01 1.525974201184855929e+03
2.983449844439822751e-01 1.475675007575318205e+03
3.046382639407197446e-01 1.442376881795944882e+03
3.109279127003197196e-01 1.420841716638185289e+03
3.172168171618398036e-01 1.375031130256843880e+03
3.235187567944423082e-01 1.363653300116488936e+03
3.298168217550395687e-01 1.306622902076972423e+03
3.361176429457156667e-01 1.293151863183039723e+03
3.423700375709273769e-01 1.261265899747715366e+03
3.486478192666269682e-01 1.245191845369627572e+03
3.549411614411318028e-01 1.213114929457581411e+03
3.611916935421040642e-01 1.203099423358702779e+03
3.674767089563572564e-01 1.170244229098145752e+03
3.737647795277591056e-01 1.146762203792469791e+03
3.800654031475132477e-01 1.125033344766229902e+03
3.863539861259823738e-01 1.103665648383263488e+03
3.926140181364449755e-01 1.070982564321762993e+03
3.989264500321934581e-01 1.056360082738316351e+03
4.052073244576828714e-01 1.043602149023870879e+03
4.114916477570477182e-01 1.028268244044483708e+03
4.177814272116491257e-01 1.014645280661151673e+03
4.240400648725131116e-01 9.894402125115877880e+02
4.303425690270192283e-01 9.752620314461086082e+02
4.366358560255625965e-01 9.711952002730864706e+02
4.428996183220763605e-01 9.547526152332420679e+02
4.491634418529859563e-01 9.303159751862746134e+02
4.554414146254732731e-01 9.206528381056465378e+02
4.617634470301058558e-01 9.124341186103832797e+02
4.680644242023710433e-01 8.948263879990645364e+02
4.743485242764365895e-01 8.863533191771408610e+02
4.806356136815400082e-01 8.842823781246265753e+02
4.869019258388697646e-01 8.584496957514429596e+02
4.931697099599955947e-01 8.551556122771803530e+02
4.994506747144535908e-01 8.476427269681213374e+02
5.057159051335421429e-01 8.383850899126592822e+02
5.119923996268095356e-01 8.194661847796232905e+02
5.183126097768406826e-01 8.135928027247160799e+02
5.246089638029100000e-01 8.004474585713662691e+02
5.308757308483337267e-01 7.902417954093277785e+02
5.371573527946726934e-01 7.823201198721536684e+02
5.434579563783791256e-01 7.802048768563023486e+02
5.497430652392217842e-01 7.640593209925442579e+02
5.559937427501778773e-01 7.558544962214456291e+02
5.622854676609657654e-01 7.462978603576689238e+02
5.686011537227265711e-01 7.385299386576537017e+02
5.748804589422079614e-01 7.303357099282213767e+02
5.811550210340560296e-01 7.215148620388496283e+02
5.874394496660968468e-01 7.189908961002803380e+02
5.937176220296899176e-01 7.062869000569601212e+02
5.999971954793682505e-01 7.040966926943258386e+02
6.062679115124277596e-01 7.003815722841286515e+02
6.125469576444534381e-01 6.926205100819281597e+02
6.188477733041515272e-01 6.847508742989210759e+02
6.251310567437898813e-01 6.742105902094336898e+02
6.314027450383210560e-01 6.686513283829042393e+02
6.377003562732055375e-01 6.660718357305365771e+02
6.439857783314556494e-01 6.605615245832080973e+02
6.502685417166111925e-01 6.466512607456407977e+02
6.565586117699038216e-01 6.452275956840139770e+02
6.628369282359254377e-01 6.402897941344454011e+02
6.691185444962194362e-01 6.322730241036130110e+02
6.754070198575605755e-01 6.251512280391382319e+02
6.816835514593204692e-01 6.208716402070714366e+02
6.879592533861698112e-01 6.220509344496788344e+02
6.942344317039531587e-01 6.103422650629214559e+02
7.005175402434737908e-01 6.077826276751311525e+02
7.068124956608716758e-01 6.043889244281036781e+02
7.131019009674921527e-01 5.941075277954124658e+02
7.193918251171427247e-01 5.944734761941525676e+02
7.256833807598113140e-01 5.885585221212435272e+02
7.319652682709349989e-01 5.814743056787989417e+02
7.382507990484923344e-01 5.796910919369549902e+02
7.445265842115937893e-01 5.742275453252617581e+02
7.507871101942712455e-01 5.726236750420254111e+02
7.570758465316046459e-01 5.614498460129819932e+02
7.633641233600957365e-01 5.582414715726663417e+02
7.696462959862266917e-01 5.565530758844779484e+02
7.759394865175414102e-01 5.518003365319987097e+02
7.822329141989586843e-01 5.475362604052952520e+02
7.885314936520240181e-01 5.432268355965575211e+02
7.947896566979522071e-01 5.399604849763358061e+02
8.010491096592354809e-01 5.389408859975578707e+02
8.073364061727361651e-01 5.299738496053788595e+02
8.136229488373866170e-01 5.286995351816718767e+02
8.199152998961036776e-01 5.242059039200763664e+02
8.261952636392789762e-01 5.176449613715660689e+02
8.324897070080405914e-01 5.179653390870890917e+02
8.387959309210778480e-01 5.122189161872825025e+02
8.450634639703045181e-01 5.073644894063259017e+02
8.513282867562648182e-01 5.039003676306047055e+02
8.576198263902009566e-01 5.019567058339872574e+02
8.639058477062415697e-01 4.994475905075897799e+02
8.701838745487597837e-01 4.920102125560912327e+02
8.764641096075268534e-01 4.915360268683469371e+02
8.827503873399735745e-01 4.900802015008511603e+02
8.890332768393869323e-01 4.829502862796507543e+02
8.953084247113127780e-01 4.815140198727396523e+02
9.015956521667095602e-01 4.795927379530920120e+02
9.078833328094829680e-01 4.741347619785339589e+02
9.141744106319863450e-01 4.699496470776805950e+02
9.204630817717615043e-01 4.686370001023387886e+02
9.267434415264711456e-01 4.649946833705392351e+02
9.330324197354928906e-01 4.612660602542167112e+02
9.393265785573878812e-01 4.590241420114439279e+02
9.455974810398196650e-01 4.577393824144611472e+02
9.518660018545171964e-01 4.534504126359040015e+02
9.581413255531838757e-01 4.509396196772436269e+02
9.644350945109106954e-01 4.476403489735928360e+02
9.707355633568249820e-01 4.450476240379635442e+02
9.770080768450029041e-01 4.443105640697706917e+02
9.832823325363413414e-01 4.390500582423138667e+02
9.895569691966674686e-01 4.384362349920556881e+02
9.958456301921106979e-01 4.335355747924115235e+02
1.002136210743837408e+00 4.317354107401483816e+02
1.008404825335135424e+00 4.279788587232653754e+02
1.014694149836243398e+00 4.278140763070202297e+02
1.020992555437297167e+00 4.221575115864930581e+02
1.027273980437394485e+00 4.219503099459733448e+02
1.033559181896017254e+00 4.180959527182654938e+02
1.039847557392594934e+00 4.177267050991127917e+02
1.046126974943305088e+00 4.126118747499971846e+02
1.052403436811028659e+00 4.120532079456169754e+02
1.058680704651608684e+00 4.071410549816612843e+02
1.064964333065789193e+00 4.056061340262118051e+02
1.071256777440835473e+00 4.036471368471454184e+02
1.077544048801078125e+00 4.012976808242014499e+02
1.083824820188043603e+00 3.999381220249351827e+02
1.090108023942816695e+00 3.978735849178201534e+02
1.096389665956643222e+00 3.946888394047750808e+02
1.102681132058841440e+00 3.932431214795629444e+02
1.108963047594879958e+00 3.910085381276201701e+02
1.115225428463759272e+00 3.887730132195830492e+02
1.121502127614767863e+00 3.862088701636181440e+02
1.127792573824792033e+00 3.849188835451737987e+02
1.134089552668382961e+00 3.830854005503292683e+02
1.140364049650405942e+00 3.804942628783948066e+02
1.146639180320979445e+00 3.790270001515786475e+02
1.152942412991649901e+00 3.769096330444342016e+02
1.159228906751078814e+00 3.744632464624328350e+02
1.165508721887268173e+00 3.726044703648158816e+02
1.171793076256210320e+00 3.710732819269802008e+02
1.178087436369658958e+00 3.679237504378296535e+02
1.184367654251526902e+00 3.676863428770842575e+02
1.190634642299266632e+00 3.670276044685286934e+02
1.196912208834400859e+00 3.635800540907682716e+02
1.203201577354146234e+00 3.617700237608826228e+02
1.209486844441705733e+00 3.592351031898343763e+02
1.215763902074809888e+00 3.583491344332755375e+02
1.222049755171146668e+00 3.576927535295109237e+02
1.228340616621486969e+00 3.543051103745348769e+02
1.234632986576932767e+00 3.557778446542272377e+02
1.240902247176856488e+00 3.513121206342266305e+02
1.247174839144687519e+00 3.494323595299291583e+02
1.253465459933442272e+00 3.494258011243576334e+02
1.259749951892178421e+00 3.465912689475562161e+02
1.266032143127253873e+00 3.460972462189301382e+02
1.272316288472006507e+00 3.464311255997960188e+02
1.278604155058621350e+00 3.431069157162439751e+02
1.284886588933593865e+00 3.412045335456248836e+02
1.291175420066583257e+00 3.404804273296883252e+02
1.297465726373772332e+00 3.397735043379511239e+02
1.303741827011944299e+00 3.383136293038074882e+02
1.310017322922761851e+00 3.364939803253171249e+02
1.316301447662886703e+00 3.347353204090048280e+02
1.322586760363303249e+00 3.342798025595222953e+02
1.328865492452874664e+00 3.333717802810403441e+02
1.335144804954555564e+00 3.326808777394847425e+02
1.341440516272275119e+00 3.302249998228161871e+02
1.347730868417094552e+00 3.295673156035693978e+02
1.354001589994877630e+00 3.283537502846538700e+02
1.360282609297778444e+00 3.277345349946396027e+02
1.366565686457597906e+00 3.262446486239675778e+02
1.372851498482432708e+00 3.240071877007357557e+02
1.379135372929401804e+00 3.252759375156404076e+02
1.385409567149057164e+00 3.249839320052950029e+02
1.391698641219299315e+00 3.237303159033264137e+02
1.397984451439470810e+00 3.229690893912883780e+02
1.404267883409181961e+00 3.221626283560851220e+02
1.410554779484869181e+00 3.203472163875003957e+02
1.416837833547465397e+00 3.196165958713708619e+02
1.423118177187137068e+00 3.190155124816914736e+02
1.429397801164240089e+00 3.197334307764183450e+02
1.435686921822787232e+00 3.176237623444704354e+02
1.441977121769299597e+00 3.177432057812011976e+02
1.448253667853332427e+00 3.168733814365814965e+02
1.454532348972172651e+00 3.170683667103182302e+02
1.460819319151879903e+00 3.172065914959952693e+02
1.467110364402026468e+00 3.164929657519284660e+02
1.473392908948962132e+00 3.147961527868279745e+02
1.479669965243598950e+00 3.155554089711654342e+02
1.485956144602843532e+00 3.172490582016499729e+02
1.492233610763115115e+00 3.148841382654706536e+02
1.498502470379980078e+00 3.163218224400752092e+02
1.504785752051182701e+00 3.155371615899144331e+02
1.511075991894575976e+00 3.162807829226210856e+02
1.517361634985162189e+00 3.158677654126057064e+02
1.523648570969130533e+00 3.161780440225264215e+02
1.529938035715892264e+00 3.160102413630760907e+02
1.536230176913891965e+00 3.172428493117917014e+02
1.542510718779388279e+00 3.168472329465760708e+02
1.548783963082980275e+00 3.174641142262640301e+02
1.555073069779651318e+00 3.177129526287280896e+02
1.561357324927233892e+00 3.178370466244822978e+02
1.567629121053141006e+00 3.196836586392662980e+02
1.573913697404382583e+00 3.186361556518178872e+02
1.580203545230874029e+00 3.205234002398995017e+02
1.586485393434537983e+00 3.206102657452569247e+02
1.592760014263005841e+00 3.225330744017957727e+02
1.599046436394670812e+00 3.224496130630232074e+02
1.605342136637478934e+00 3.244376177887839958e+02
1.611619768363549809e+00 3.235101601484275875e+02
1.617897168352387949e+00 3.229922978598693248e+02
1.624182708540047093e+00 3.207777388269564653e+02
1.630464079945962874e+00 3.198425149552263065e+02
1.636748246831683851e+00 3.190737143005218854e+02
1.643030138268463114e+00 3.185241074144341269e+02
1.649308080633229201e+00 3.182187849661412429e+02
1.655592248634412789e+00 3.167793730674129051e+02
1.661878275983170727e+00 3.154625558272590524e+02
1.668168239935277741e+00 3.146100551114402606e+02
1.674449561104452755e+00 3.142807592935114371e+02
1.680721385631070985e+00 3.126957194034900454e+02
1.687012154238812345e+00 3.131374853229993391e+02
1.693307480798934117e+00 3.105504807609010527e+02
1.699580643034865002e+00 3.104074919611651353e+02
1.705861793443984364e+00 3.097309314463897749e+02
1.712151724187932489e+00 3.089014788423276627e+02
1.718435386170170664e+00 3.077957490755049434e+02
1.724718446936044813e+00 3.075065791193637210e+02
1.730994918436048469e+00 3.064385777429822042e+02
1.737286360319066025e+00 3.056493134970511392e+02
1.743566302575459970e+00 3.051995294233895493e+02
1.749836007777002989e+00 3.051709425844469479e+02
1.756123278691395839e+00 3.044649128484828680e+02
1.762410616056256707e+00 3.034866738734202158e+02
1.768693578959050994e+00 3.028937281394810270e+02
1.774976748387105507e+00 3.024092144998364233e+02
1.781263621606411052e+00 3.020807905858399067e+02
1.787545747605800095e+00 3.022293627545914205e+02
1.793827292298742604e+00 3.018698293310476970e+02
1.800107721741653455e+00 3.006667499571094595e+02
1.806390913906787299e+00 3.008706413269504196e+02
1.812674514274333903e+00 3.010814192056721481e+02
1.818953635235055710e+00 2.994965289777350677e+02
1.825238502908660410e+00 2.987566258145536722e+02
1.831523686200810186e+00 2.988664834140615199e+02
1.837810408980658394e+00 2.986500969670432823e+02
1.844096426121078824e+00 2.973492833097528774e+02
1.850376921502978167e+00 2.976902635165832862e+02
1.856660745938628176e+00 2.967338463045774120e+02
1.862943598087625219e+00 2.972421537225106931e+02
1.869222049173964395e+00 2.972990761188351598e+02
1.875507813572979465e+00 2.971962407563375450e+02
1.881794995065835252e+00 2.971755642672931685e+02
1.888077813137499783e+00 2.980144941498493267e+02
1.894352445015744957e+00 2.965508414045067411e+02
1.900637968851026871e+00 2.964291828028752320e+02
1.906928337228587456e+00 2.966670938159556385e+02
1.913202215858527566e+00 2.968373498031978102e+02
1.919482234454096270e+00 2.978326733323692110e+02
1.925770105747180994e+00 2.974061668522915625e+02
1.932064910351863007e+00 2.972023282869052423e+02
1.938340711512041237e+00 2.980889278321192819e+02
1.944608286125935281e+00 2.970265722468039939e+02
1.950896861402446447e+00 2.982854191636795349e+02
1.957188119732283127e+00 2.971709934608569483e+02
1.963475092073817097e+00 2.986238763933859559e+02
1.969755328101933545e+00 2.990065670147790797e+02
1.976041377496545737e+00 2.994821674620301337e+02
1.982332603364925117e+00 2.990198627526299902e+02
1.988611719305602099e+00 3.001824860268270072e+02
1.994887928688424683e+00 3.004278673990686457e+02
2.001173041344467052e+00 2.997610173834196985e+02
2.007452622487558624e+00 3.011342028853621855e+02
2.013727218620064097e+00 3.027159441253040768e+02
2.020011080385253344e+00 3.033627733403105253e+02
2.026304052830807390e+00 3.029558940239315348e+02
2.032587358277269107e+00 3.043774943758660925e+02
2.038861003769014246e+00 3.051400107273751701e+02
2.045144899510501713e+00 3.066258866616001342e+02
2.051436836261672614e+00 3.077819700156405816e+02
2.057723822034342565e+00 3.071589955749606702e+02
2.064004463404049083e+00 3.095084583285263307e+02
2.070292784210506110e+00 3.108086056367245646e+02
2.076584718525942286e+00 3.103546817663832371e+02
2.082854243067815858e+00 3.120773180191907272e+02
2.089122591378737237e+00 3.127712953460095946e+02
2.095417301778394581e+00 3.152267681150728436e+02
2.101703044638240314e+00 3.148861943540640027e+02
2.107972733366004547e+00 3.174553445681688117e+02
2.114255796756956407e+00 3.155298458118362532e+02
2.120537889849697155e+00 3.195363052044406231e+02
2.126820750792177694e+00 3.212004047354722616e+02
2.133106702041460689e+00 3.222954975887639648e+02
2.139400119231094521e+00 3.227553417790362573e+02
2.145689398585973073e+00 3.258506721848494294e+02
2.151957896824229888e+00 3.271673417084212474e+02
2.158240333469351846e+00 3.286065932294876575e+02
2.164530480920390687e+00 3.292679723096988482e+02
2.170817168287632715e+00 3.297866961715985212e+02
2.177099129930493149e+00 3.325109141369156873e+02
2.183376740266626204e+00 3.337372429788690624e+02
2.189654526460603101e+00 3.361511363942991011e+02
2.195938141837894708e+00 3.356487262638779612e+02
2.202217228669947513e+00 3.405587942205455079e+02
2.208498500848848689e+00 3.377893353384484385e+02
2.214793724646247686e+00 3.414516284089519331e+02
2.221075818343805519e+00 3.421742709436726386e+02
2.227338121992679110e+00 3.411039276125116544e+02
2.233627922635037066e+00 3.451257746918843736e+02
2.239928789703292900e+00 3.438395865837010774e+02
2.246200842227205285e+00 3.457732495340941341e+02
2.252481072203589285e+00 3.448689543147109475e+02
2.258759933010332510e+00 3.440611717282426412e+02
2.265037766677289177e+00 3.439326637833488576e+02
2.271303911444438217e+00 3.432438821182612969e+02
2.277589728220026366e+00 3.414718783193451941e+02
2.283898305422423114e+00 3.423918378256308301e+02
2.290170012251879328e+00 3.389952206024995007e+02
2.296453574018142874e+00 3.412909632556057886e+02
2.302753728520766430e+00 3.399119872583667643e+02
2.309033259857642850e+00 3.414105841672848669e+02
2.315306740491765325e+00 3.413010951245418028e+02
2.321584903055799121e+00 3.415734616619145640e+02
2.327875848798342862e+00 3.435894530419237753e+02
2.334155437994457571e+00 3.447434576087956088e+02
2.340419368711216475e+00 3.460067588907675145e+02
2.346707100682973834e+00 3.468849617052448480e+02
2.353003291599214730e+00 3.455211619703129031e+02
2.359289894449348779e+00 3.447682333262742986e+02
2.365553876991155491e+00 3.460279174575184129e+02
2.371825785713308488e+00 3.498217975010342684e+02
2.378140903200434142e+00 3.491751095819129205e+02
2.384428092586834413e+00 3.545566616552102914e+02
2.390692582433301183e+00 3.578583695058402441e+02
2.396988138385640621e+00 3.559166924318772658e+02
2.403303548427469849e+00 3.598053477797733422e+02
2.409573073654087239e+00 3.614893189268349829e+02
2.415830801384979853e+00 3.610640897682661148e+02
2.422143856762908776e+00 3.641405996639596196e+02
2.428430057553700561e+00 3.666602331289489598e+02
2.434677768778117368e+00 3.678840943151779470e+02
2.440970212577721288e+00 3.723149150462332955e+02
2.447298981268473117e+00 3.762332482883297189e+02
2.453569118455958264e+00 3.739822757905748176e+02
2.459800038144367651e+00 3.773137230268535518e+02
2.466109234904750203e+00 3.784941721029922519e+02
2.472414307289629409e+00 3.841935220767248325e+02
2.478663551689684663e+00 3.813028951406745932e+02
2.484934316279260536e+00 3.892269188557824009e+02
2.491242831113378742e+00 3.918161812834473494e+02
2.497555376258368653e+00 3.999372003385949483e+02
2.503803790207671298e+00 4.016536681186113356e+02
2.510050453360885392e+00 4.013365040718256864e+02
2.516388153357114632e+00 4.069363821210704941e+02
2.522696949289361168e+00 4.150446550550367988e+02
2.528912117977447416e+00 4.167344651354702592e+02
2.535194950977304629e+00 4.127458387889944902e+02
2.541553015092142598e+00 4.217108724180336594e+02
2.547833598840075986e+00 4.296288609232893805e+02
2.554027726231925310e+00 4.384649194020568643e+02
2.560335719957266054e+00 4.364317922299944712e+02
2.566723817468057334e+00 4.438961116573532308e+02
2.572947513405368536e+00 4.488019246537892286e+02
2.579112525306413772e+00 4.564860719847044379e+02
2.585475496121880212e+00 4.633885739597686779e+02
2.591850195047052718e+00 4.735728161462625394e+02
2.598059321481768880e+00 4.697552773082988438e+02
2.604297159892888569e+00 4.903047442967726397e+02
2.610674497511633607e+00 4.973894302338538296e+02
2.616932834183210321e+00 5.027307315622351211e+02
2.623008545019559268e+00 5.140865373089918648e+02
2.629397530948575756e+00 5.210444877978421800e+02
2.635910575707928860e+00 5.286565205200154196e+02
2.642029786242797940e+00 5.392371965259221724e+02
2.648039512191036060e+00 5.403313862484014862e+02
2.654540962294306805e+00 5.457150685923428455e+02
2.661180282576058875e+00 5.681002153245627824e+02
2.667195147458841564e+00 5.880644875678676726e+02
2.673090901005259479e+00 5.948620104421908081e+02
2.679731764445488995e+00 6.104219934916378634e+02
2.686466931023228533e+00 6.266617867421210804e+02
2.692198356469838849e+00 6.006896383324622093e+02
2.697964677213461115e+00 6.517561005760004491e+02
2.704891939369282738e+00 6.739388635148814046e+02
2.711820263148968291e+00 6.865564397427891663e+02
2.717097903386913149e+00 7.272608002327127679e+02
2.722786446599397614e+00 6.950060429633203967e+02
2.729947846869378303e+00 6.977781169689181979e+02
2.737065287805485081e+00 7.812494378712214029e+02
2.742488203908707067e+00 7.485808515258112266e+02
2.747873318371959694e+00 7.984013524527640584e+02
2.755043138344902331e+00 7.840858303862967205e+02
2.762199344371416565e+00 7.767168230782936007e+02
2.767892788187410247e+00 6.297980070648684432e+02
2.772831982468270340e+00 7.912590999715157523e+02
2.779655811721179592e+00 5.955797514545289459e+02
2.785995823463758736e+00 8.736510350211439402e+00
