1.738211204512761163e-02 2.518070330986609928e+00
2.945141206410798254e-02 2.109539877284656750e+00
4.189043426060978098e-02 1.546118761919721862e+00
5.436837606323070837e-02 1.230646995397714383e+00
6.709179474813181665e-02 1.056002076079205709e+00
7.906029034168161884e-02 8.829866751711419326e-01
9.134212390678685123e-02 6.932684459337373761e-01
1.036762740919000836e-01 5.537358818373558922e-01
1.161203638865397486e-01 4.809523362379807820e-01
1.284418929702930146e-01 4.356234340060266552e-01
1.405592391961615062e-01 3.824076255529129109e-01
1.528879143562413834e-01 3.208901548446132512e-01
1.654374846088009499e-01 2.716721472655527769e-01
1.776729443817273990e-01 2.433359281250207506e-01
1.898591782008197670e-01 2.248201592835654128e-01
2.021021650674771353e-01 2.041859741976819187e-01
2.143704059761030734e-01 1.801664726623636303e-01
2.266685746852545591e-01 1.588974050239592706e-01
2.389979880971628001e-01 1.439906548240893203e-01
2.513315027420615633e-01 1.335324393277828869e-01
2.635743834303616029e-01 1.236339132063580259e-01
2.757714049283470081e-01 1.128267544903902714e-01
2.881120323268035466e-01 1.023237789551654925e-01
3.003642817203516779e-01 9.391946681804216879e-02
3.126284332764821539e-01 8.742700567981059878e-02
3.249982808288275904e-01 8.166357979556319868e-02
3.373429099698267986e-01 7.587738551667495834e-02
3.495635283624552447e-01 7.026961436738926592e-02
3.617878412179377778e-01 6.531133351600890147e-02
3.739857115225381223e-01 6.115113446322686247e-02
3.863066258986853074e-01 5.745776305113720062e-02
3.986206606301063715e-01 5.397930841420545828e-02
4.109256578244661062e-01 5.063590875581690937e-02
4.232245655456485234e-01 4.753709207093202022e-02
4.354883510192325557e-01 4.477837249478786724e-02
4.477773618515445975e-01 4.229781095250258194e-02
4.599885903973864876e-01 4.003776583151939794e-02
4.722481765309811674e-01 3.787862221882087876e-02
4.845423032090063198e-01 3.585616696863297426e-02
4.967758419901825429e-01 3.398536970690309300e-02
5.090496726262303540e-01 3.226828699641089149e-02
5.213393459973235666e-01 3.069562997984449579e-02
5.336764515809359066e-01 2.919648416185453496e-02
5.460019077520040787e-01 2.780158766085429056e-02
5.582746788338668331e-01 2.649214495439475639e-02
5.704836588526608354e-01 2.527317305438356657e-02
5.827050628875978244e-01 2.415351093617093547e-02
5.949966261260961620e-01 2.308500777280064059e-02
6.072810970026001343e-01 2.207690541227150596e-02
6.195641138211566146e-01 2.113429130538609785e-02
6.318725909241229566e-01 2.024402927393875382e-02
6.441734965778191935e-01 1.940115640933466612e-02
6.564797894961378333e-01 1.860947710129896501e-02
6.686914929796821117e-01 1.787502579902902622e-02
6.809527893726128323e-01 1.717251751255758838e-02
6.932444725786992556e-01 1.650226884048667034e-02
7.054525470905848028e-01 1.587165153314361310e-02
7.177279646031660132e-01 1.527870127703728764e-02
7.300093567625280944e-01 1.471545020419825871e-02
7.423152589350650032e-01 1.417731581187907722e-02
7.545976543671308878e-01 1.366447802387023985e-02
7.668242736309552887e-01 1.317880842746868390e-02
7.791532429173236851e-01 1.271637603603663694e-02
7.914205781278266238e-01 1.228021933083234783e-02
8.036946471889406807e-01 1.186409377284980589e-02
8.159793690377137310e-01 1.146480246030556760e-02
8.282032717995754245e-01 1.108512237898816831e-02
8.405128489456621388e-01 1.072012961734023981e-02
8.528044235981327992e-01 1.037295893468310679e-02
8.650383425504041268e-01 1.004248035594992004e-02
8.772723753339952690e-01 9.728661674266397483e-03
8.895340321420209806e-01 9.428127743638155950e-03
9.018817618365986277e-01 9.136892544293973364e-03
9.141883520666792551e-01 8.858196021769399256e-03
9.264619888246796719e-01 8.592739270852557676e-03
9.387414586625268953e-01 8.337087582650311648e-03
9.509803448018084859e-01 8.091846808386600476e-03
9.632221134977815291e-01 7.858056851931752990e-03
9.754896314977136162e-01 7.632712754213941998e-03
9.877264067106145129e-01 7.417954654955517813e-03
9.999851844861834538e-01 7.212097089070370649e-03
1.012329339168382747e+00 7.010834230936091940e-03
1.024626907347453875e+00 6.818906001089797102e-03
1.036866689471437342e+00 6.634816144082187998e-03
1.049135487527864008e+00 6.456075068298494819e-03
1.061441354492477229e+00 6.284777241288248134e-03
1.073716958242755926e+00 6.118257081719842040e-03
1.085925311725509657e+00 5.959963719223563064e-03
1.098213833495794933e+00 5.805526239240509437e-03
1.110549154774624014e+00 5.656578822568530431e-03
1.122813426886622556e+00 5.514715250502226496e-03
1.135068430671317463e+00 5.377096335175946505e-03
1.147342703947374032e+00 5.245240878223824364e-03
1.159604759492050663e+00 5.116301138900143305e-03
1.171869554121423906e+00 4.993222871331216665e-03
1.184117043636903954e+00 4.872632505949664981e-03
1.196380808473640034e+00 4.757439554944715640e-03
1.208687090056549174e+00 4.643942779718381736e-03
1.220959130578168628e+00 4.535904978679177954e-03
1.233208524119171701e+00 4.429957238275110572e-03
1.245508543932532852e+00 4.328369936076143128e-03
1.257784757305784762e+00 4.228717161201528581e-03
1.270055775740428938e+00 4.133826967144234657e-03
1.282341075690068832e+00 4.040396937483381641e-03
1.294603412909409723e+00 3.952021121885231948e-03
1.306872192362329876e+00 3.864812051992994133e-03
1.319154366677192103e+00 3.781540694066694210e-03
1.331413222210922065e+00 3.699427631056884623e-03
1.343670459103085024e+00 3.621033514383940888e-03
1.355926661325111748e+00 3.543735951343458552e-03
1.368198362306287663e+00 3.469454532429294517e-03
1.380493198358981433e+00 3.396608625666310607e-03
1.392777181745514348e+00 3.325935542337987369e-03
1.405062196910951799e+00 3.257639480808076620e-03
1.417350389671748312e+00 3.190380819847104740e-03
1.429619703122777752e+00 3.126209627684382788e-03
1.441896130395259989e+00 3.062496746377097335e-03
1.454153528625109715e+00 3.001819949186120082e-03
1.466381113760885535e+00 2.942019223139934626e-03
1.478663798537000362e+00 2.884289360125157943e-03
1.490945590056615089e+00 2.828611030477910532e-03
1.503215467901839242e+00 2.773667825224582304e-03
1.515506856276889414e+00 2.721143738291225984e-03
1.527798704103739080e+00 2.668903053841921186e-03
1.540100615359619285e+00 2.618723351554822897e-03
1.552323594607271318e+00 2.569939915960126140e-03
1.564549078286756156e+00 2.521838551464739529e-03
1.576828957669637710e+00 2.475706901318136706e-03
1.589107367637560886e+00 2.429764516781230711e-03
1.601397118763717042e+00 2.385521907210027843e-03
1.613662668137236356e+00 2.342461141609413974e-03
1.625956510086740581e+00 2.299669868511856029e-03
1.638273353518620468e+00 2.258822509056138128e-03
1.650514624911034955e+00 2.218529106330968670e-03
1.662750613141406264e+00 2.179203391184711142e-03
1.675038763356534233e+00 2.141269593843223625e-03
1.687316157434399555e+00 2.103425525189630413e-03
1.699577919034019002e+00 2.067340409757637085e-03
1.711844019198244693e+00 2.032195834964486102e-03
1.724121889976205191e+00 1.997197970675187832e-03
1.736393169926629509e+00 1.963898125830382951e-03
1.748649316593648084e+00 1.931054066826694325e-03
1.760929058575410933e+00 1.898490287035653782e-03
1.773209682934749454e+00 1.867449703492366333e-03
1.785496948406629647e+00 1.836575975753585799e-03
1.797779508081463584e+00 1.806194289743515754e-03
1.810045833062560616e+00 1.777219863852983524e-03
1.822328995141098806e+00 1.748287727966325302e-03
1.834622279524171340e+00 1.719878662943914813e-03
1.846870127325623168e+00 1.692793114739175571e-03
1.859113337231853569e+00 1.665763633973211611e-03
1.871369828971394922e+00 1.639222077754062378e-03
1.883662336941608340e+00 1.613749266506031045e-03
1.895967949490765081e+00 1.588289671143975571e-03
1.908218963624774167e+00 1.563372042204306828e-03
1.920473361096422416e+00 1.539560866934200573e-03
1.932728508001044121e+00 1.515805737628764336e-03
1.945011049581989448e+00 1.492312666864201859e-03
1.957297342392070760e+00 1.470027204299410774e-03
1.969540729633649123e+00 1.447939690724257822e-03
1.981824563452103227e+00 1.425928447533420396e-03
1.994126144882194751e+00 1.405012902365312000e-03
2.006394537955421775e+00 1.384387682313563883e-03
2.018670334343899864e+00 1.363778253451802249e-03
2.030952316497373289e+00 1.344020181794300991e-03
2.043216798362256004e+00 1.324696175491872543e-03
2.055475510122651617e+00 1.305381254516834247e-03
2.067735799890346726e+00 1.286560620493705205e-03
2.080008516254567397e+00 1.268437174019396629e-03
2.092298443663116014e+00 1.250293650702040621e-03
2.104578287136098957e+00 1.232329698332693211e-03
2.116845418601210227e+00 1.215241167467524157e-03
2.129117295843077962e+00 1.198269276781843825e-03
2.141386119469398608e+00 1.181306884866540306e-03
2.153674144242317734e+00 1.164952568804762537e-03
2.165943509394002930e+00 1.149058572677725881e-03
2.178174723454857631e+00 1.133213988887756072e-03
2.190433903448424591e+00 1.117508884449459113e-03
2.202719931868166281e+00 1.102518881562213234e-03
2.215018711620012848e+00 1.087598047446711657e-03
2.227273593520805672e+00 1.072730640315207578e-03
2.239529706996110647e+00 1.058376772640798758e-03
2.251840710091987496e+00 1.044444526752982870e-03
2.264119014215441705e+00 1.030549287123852216e-03
2.276384279003433875e+00 1.016737228986619576e-03
2.288658423418587606e+00 1.003641750037429729e-03
2.300952091017892887e+00 9.907221428126790873e-04
2.313218143961406348e+00 9.778315528287569169e-04
2.325458350675993380e+00 9.651406354096596406e-04
2.337719218738625759e+00 9.530209634458059430e-04
2.350003147866706943e+00 9.409290953171474750e-04
2.362279058175797530e+00 9.288451194399377324e-04
2.374538937598235311e+00 9.170562208612732498e-04
2.386816000033005647e+00 9.057295677766645254e-04
2.399102824518786203e+00 8.944021976093668915e-04
2.411392629484657046e+00 8.830720768824570433e-04
2.423637270133701449e+00 8.721315587823881468e-04
2.435888431421263434e+00 8.615553950305263704e-04
2.448174802894025337e+00 8.509489045558793355e-04
2.460449199376890217e+00 8.403531614890672992e-04
2.472719088229479834e+00 8.301212494149944792e-04
2.484992831186476625e+00 8.202011919342592876e-04
2.497273806662959394e+00 8.102752909350634247e-04
2.509544184074824269e+00 8.003579719182488117e-04
2.521827062063934477e+00 7.907524134954392039e-04
2.534112812322843578e+00 7.814570602337564008e-04
2.546370817755073013e+00 7.721826999015878046e-04
2.558627656962102925e+00 7.629092219895457607e-04
2.570901337570405953e+00 7.538660550339046883e-04
2.583177336304471883e+00 7.451779783504100963e-04
2.595440486720578921e+00 7.365020642911753465e-04
2.607704762491110717e+00 7.278253541194840397e-04
2.620001080686306771e+00 7.192892192900972748e-04
2.632286922231434456e+00 7.112194314523236516e-04
2.644534427140472932e+00 7.032027258907179706e-04
2.656802040265521470e+00 6.951728551800123940e-04
2.669073687515052029e+00 6.871879083334732352e-04
2.681350663644082921e+00 6.795802880341640607e-04
2.693623847875446398e+00 6.720572987315076227e-04
2.705878137328059818e+00 6.645458901459467540e-04
2.718161480124765106e+00 6.570179312987823152e-04
2.730438457898014093e+00 6.497661853838687098e-04
2.742710787932656658e+00 6.427245569576313898e-04
2.754989883536780759e+00 6.356790482151447640e-04
2.767261470157902359e+00 6.286378460149302360e-04
2.779527771137290770e+00 6.216870971758591555e-04
2.791792657323202587e+00 6.150687889379695059e-04
2.804076091151673555e+00 6.084721345213069468e-04
2.816361645196279184e+00 6.018743386135634761e-04
2.828620519698351377e+00 5.952923967125765044e-04
2.840883569190919111e+00 5.889530547694750038e-04
2.853162813112358975e+00 5.827818500932307154e-04
2.865450010721949603e+00 5.766066474042335363e-04
2.877720591785824400e+00 5.704397955318342602e-04
2.889980478242957229e+00 5.643201271215912392e-04
2.902258175496396753e+00 5.584887413031810544e-04
2.914518854472965437e+00 5.527235080737658663e-04
2.926762721606932960e+00 5.469661856708878112e-04
2.939034749745344843e+00 5.411956228234811143e-04
2.951320369754638406e+00 5.355192188022683299e-04
2.963597026501346932e+00 5.301051457558388297e-04
2.975876194561613453e+00 5.247028110386757179e-04
2.988160315109058551e+00 5.192982967884559676e-04
3.000449644660864834e+00 5.138914900800748732e-04
3.012716332634865157e+00 5.086655283588947720e-04
3.024968759761666348e+00 5.036737644622297930e-04
3.037252171006531665e+00 4.986705216163013618e-04
3.049526120964057618e+00 4.936711352383436327e-04
3.061775712289526830e+00 4.886816915422699872e-04
3.074050272894680358e+00 4.838503864863330332e-04
3.086335131672947263e+00 4.791773764422970492e-04
3.098604365236381053e+00 4.745103106153822467e-04
3.110859489026789326e+00 4.698486120239781330e-04
3.123137658326072597e+00 4.651781464513804389e-04
3.135433948671655369e+00 4.606509729527942347e-04
3.147695129457003915e+00 4.562864700796511234e-04
3.159956328254873270e+00 4.519219616224252282e-04
3.172232976043315666e+00 4.475519534132172154e-04
3.184501257851794165e+00 4.431849222566334795e-04
3.196775435955213851e+00 4.389268382040184199e-04
3.209044865222644205e+00 4.348389419049026520e-04
3.221307079525221884e+00 4.307552028241574309e-04
3.233581408312706795e+00 4.266674292273057566e-04
3.245858629450829369e+00 4.225786921573261969e-04
3.258143378674136947e+00 4.185477959439552384e-04
3.270410557577971389e+00 4.147121593969994207e-04
3.282661665213619351e+00 4.108954746760379935e-04
3.294949090802971714e+00 4.070674743851025951e-04
3.307244200655479638e+00 4.032370810963286831e-04
3.319496480125943449e+00 3.994357131046178495e-04
3.331765223362041173e+00 3.958098062974300859e-04
3.344051721244690523e+00 3.922296894316019923e-04
3.356325050698430346e+00 3.886534094950672841e-04
3.368596307392438316e+00 3.850777334645701122e-04
3.380854472437640812e+00 3.815058729709745614e-04
3.393138905317619081e+00 3.780275278153924306e-04
3.405406306535367467e+00 3.746843478655028075e-04
3.417657680989456548e+00 3.713460520584130732e-04
3.429938663402217092e+00 3.679996894565583441e-04
3.442214032587430417e+00 3.646548546755172711e-04
3.454484843056887300e+00 3.613304328890016475e-04
3.466756647980139938e+00 3.581832619161431073e-04
3.479034376591896738e+00 3.550778939162978383e-04
3.491307566462293899e+00 3.519736738474543974e-04
3.503582350785310773e+00 3.488690500588145392e-04
3.515849804558033309e+00 3.457662804921454703e-04
3.528113199069885297e+00 3.427259880326478806e-04
3.540379188868042704e+00 3.398325924073728669e-04
3.552650333566175433e+00 3.369444704249699115e-04
3.564930099127972429e+00 3.340543191419567551e-04
3.577201769827548006e+00 3.311660721453122194e-04
3.589475285534829307e+00 3.282773921073877657e-04
3.601759315099353209e+00 3.254792571886830485e-04
3.614032945244215256e+00 3.227769684379450587e-04
3.626301000303521871e+00 3.200759069671481002e-04
3.638569887417207216e+00 3.173746622547272273e-04
3.650838632506976822e+00 3.146734505166947650e-04
3.663120446880168135e+00 3.119707529456646486e-04
3.675392231131059617e+00 3.093770934138156937e-04
3.687654129504458478e+00 3.068522385254163600e-04
3.699910200907845059e+00 3.043285844065637545e-04
3.712192899007472846e+00 3.017994470711035551e-04
3.724479589655305123e+00 2.992694861854724260e-04
3.736733640063575113e+00 2.967477302920477921e-04
3.749005728100832435e+00 2.943234527520326225e-04
3.761283023631708744e+00 2.919595878840218462e-04
3.773563485184610933e+00 2.895951153729058036e-04
3.785825516964203885e+00 2.872341886867561963e-04
3.798082802949320325e+00 2.848741766859686007e-04
3.810363893373462041e+00 2.825096255078934351e-04
3.822645720709119566e+00 2.802254891036480935e-04
3.834921229715159363e+00 2.780156481636176136e-04
3.847188317665898971e+00 2.758073228877279859e-04
3.859469575550916964e+00 2.735964468377567109e-04
3.871753985767769191e+00 2.713850034535633541e-04
3.884018640962858981e+00 2.691771167736794318e-04
3.896281982801185872e+00 2.670146519890229261e-04
3.908553995714485030e+00 2.649461893716986683e-04
3.920819940236625278e+00 2.628818448311982911e-04
3.933080957844246495e+00 2.608183292558840139e-04
3.945346259001160760e+00 2.587540928287643521e-04
3.957637313618597830e+00 2.566855228721821695e-04
3.969923042548726411e+00 2.546314631509582951e-04
3.982175629228108971e+00 2.526897221903393834e-04
3.994441680205387257e+00 2.507687516385657955e-04
4.006728047574338980e+00 2.488445989541253020e-04
4.019004858472411179e+00 2.469219435565832787e-04
4.031277336217974572e+00 2.449999666191831097e-04
4.043554573420149012e+00 2.430772431763653736e-04
4.055839410316336213e+00 2.412166381558235025e-04
4.068096764528600140e+00 2.394365654240309901e-04
4.080340929220048984e+00 2.376585760532706434e-04
4.092625520834049624e+00 2.358747167206706177e-04
4.104896838065174691e+00 2.340927847958242005e-04
4.117161186094653758e+00 2.323118646665598070e-04
4.129437242236893013e+00 2.305356620373022860e-04
4.141704639004231581e+00 2.288442225189746206e-04
4.153978514844194336e+00 2.271776036029313738e-04
4.166254106252230471e+00 2.255107515281916484e-04
4.178538610145275278e+00 2.238426892256575873e-04
4.190814707343741397e+00 2.221757685778398463e-04
4.203073452331837601e+00 2.205112039768477043e-04
4.215351491768677406e+00 2.188627121725284213e-04
4.227627847837150732e+00 2.172947993326679642e-04
4.239903836936770531e+00 2.157362491306946261e-04
4.252176174544948672e+00 2.141781625951645542e-04
4.264429117117187751e+00 2.126225386124644824e-04
4.276699880393182163e+00 2.110646516611999204e-04
4.288984777500015610e+00 2.095049704959437863e-04
4.301255117606400447e+00 2.079722169754024688e-04
4.313518958654457336e+00 2.065121737706694617e-04
4.325790419391779551e+00 2.050556699155356368e-04
4.338071573855772911e+00 2.035980153077173989e-04
4.350337804712862244e+00 2.021421320688759535e-04
4.362611775147850146e+00 2.006853303939753422e-04
4.374889726767814402e+00 1.992280540495011730e-04
4.387156715049502331e+00 1.977942736782853806e-04
4.399426645293336158e+00 1.964284053268939396e-04
4.411686492803647219e+00 1.950684664110347499e-04
4.423963183132842758e+00 1.937066596168804356e-04
4.436231333416778000e+00 1.923458002349749804e-04
4.448504024620786090e+00 1.909844365235031623e-04
4.460786102766904904e+00 1.896220321678128960e-04
4.473052605097511680e+00 1.882734397367854552e-04
4.485333680898416553e+00 1.869904118104514861e-04
4.497601237084061232e+00 1.857190911822992211e-04
4.509866070174105346e+00 1.844480529238083546e-04
4.522145635346641157e+00 1.831754876532029684e-04
4.534428519381624945e+00 1.819025787025246291e-04
4.546703018242844507e+00 1.806305387606833477e-04
4.558957625766161925e+00 1.793625126651663087e-04
4.571226642211251523e+00 1.781497570118956652e-04
4.583509777054324275e+00 1.769618344473920454e-04
4.595790059827854712e+00 1.757741870223599888e-04
4.608061949813968106e+00 1.745873520423865894e-04
4.620318584818105201e+00 1.734019917855995582e-04
4.632589805876371258e+00 1.722152215217308128e-04
4.644869853213136501e+00 1.710275969224615204e-04
4.657136883942349925e+00 1.698675392261948965e-04
4.669407249318447306e+00 1.687685789154375277e-04
4.681668364815647188e+00 1.676729810465440811e-04
4.693936637293424141e+00 1.665767435102101718e-04
4.706220932875434748e+00 1.654790742493489710e-04
4.718499554358994708e+00 1.643819122894245701e-04
4.730782650520382937e+00 1.632843503231138380e-04
4.743047316918455714e+00 1.621893679671955067e-04
4.755307692139830955e+00 1.611402489456234121e-04
4.767583057675158109e+00 1.601149479895381796e-04
4.779863394372367402e+00 1.590892315028179271e-04
4.792132641916739821e+00 1.580644410530495747e-04
4.804399941113462802e+00 1.570398135794634682e-04
4.816678316286075123e+00 1.560142606556841577e-04
4.828949285393635549e+00 1.549893266076690407e-04
4.841208182326298903e+00 1.539709763357731789e-04
4.853478345205306077e+00 1.530013864443345887e-04
4.865760528755814995e+00 1.520425799965688309e-04
4.878024554178364447e+00 1.510851907534942662e-04
4.890296377151694962e+00 1.501271931459962749e-04
4.902574231215205636e+00 1.491687244356345329e-04
4.914845323572139435e+00 1.482107838497868826e-04
4.927125567488364055e+00 1.472521283686655837e-04
4.939397986818531372e+00 1.463019178361971216e-04
4.951664280457524825e+00 1.453992419269178654e-04
4.963940592502508409e+00 1.445036408656792996e-04
4.976216953277528887e+00 1.436080363055080634e-04
4.988477996474629528e+00 1.427135493505709608e-04
5.000736047494441117e+00 1.418192802505842463e-04
5.013022640065464053e+00 1.409229293137072357e-04
5.025302982194676638e+00 1.400270341901429919e-04
5.037566103908967641e+00 1.391378938499170223e-04
5.049844207396282592e+00 1.382914846911764304e-04
5.062119542870266109e+00 1.374547139576853870e-04
5.074383105131830440e+00 1.366187454779527232e-04
5.086641552088245533e+00 1.357831264747154636e-04
5.098920420017480026e+00 1.349461140314534610e-04
5.111195199258650845e+00 1.341093811722586190e-04
5.123449562989547346e+00 1.332740399105260948e-04
5.135725975397288146e+00 1.324383273519238557e-04
5.148005044968195776e+00 1.316388620175967100e-04
5.160275585351876693e+00 1.308574631191775669e-04
5.172546707875350869e+00 1.300760271894747311e-04
5.184827951212304775e+00 1.292939467679237950e-04
5.197107563567055166e+00 1.285119704388361318e-04
5.209372262483340954e+00 1.277309438277475636e-04
5.221649174658606007e+00 1.269491392692398380e-04
5.233932550562378161e+00 1.261669230040435687e-04
5.246207608362158936e+00 1.254022173130002666e-04
5.258474246095205196e+00 1.246717346862029330e-04
5.270738469237462809e+00 1.239423113000140463e-04
5.282999075966164249e+00 1.232131029027509642e-04
5.295265148876008077e+00 1.224835694767514264e-04
5.307538878972787089e+00 1.217535807012412683e-04
5.319816023849368136e+00 1.210233887695555123e-04
5.332106425194989008e+00 1.202924083041326573e-04
5.344371217832380339e+00 1.195646446487895318e-04
5.356624881905982072e+00 1.188757196724736493e-04
5.368905907939013566e+00 1.182010208478160565e-04
5.381178681067710912e+00 1.175267755192737441e-04
5.393451198524775059e+00 1.168525441435489573e-04
5.405726878719107731e+00 1.161781390809401898e-04
5.417999076018534588e+00 1.155039253619494151e-04
5.430270917047597123e+00 1.148297311665277083e-04
5.442534276784082969e+00 1.141560029956134104e-04
5.454800894502979780e+00 1.134880493794757230e-04
5.467077870139476659e+00 1.128534868437956089e-04
5.479355737083116296e+00 1.122242474001888785e-04
5.491631123293435834e+00 1.115951349728936656e-04
5.503885461799915113e+00 1.109671014222413159e-04
5.516150871778835452e+00 1.103385003672039961e-04
5.528443541640725378e+00 1.097085022502685970e-04
5.540720369487344144e+00 1.090793158762862452e-04
5.552988485023032439e+00 1.084505762599305954e-04
5.565261674970053640e+00 1.078291196476286243e-04
5.577534275054667035e+00 1.072381724268860209e-04
5.589802466245866519e+00 1.066506536216132854e-04
5.602075290374081362e+00 1.060629130310221678e-04
5.614350464861192158e+00 1.054750598729569907e-04
5.626623423538474000e+00 1.048873129042689699e-04
5.638893167212405189e+00 1.042997199348993194e-04
5.651161305429462267e+00 1.037122035413366841e-04
5.663425285909801765e+00 1.031248865380205500e-04
5.675691479571933762e+00 1.025426110691901165e-04
5.687971082709079695e+00 1.019887151014361689e-04
5.700246234071071783e+00 1.014395354999290022e-04
5.712517806570711620e+00 1.008905160579262551e-04
5.724796874665427637e+00 1.003411611223747267e-04
5.737066926053280724e+00 9.979220976465167584e-05
5.749336020301031525e+00 9.924330102922017188e-05
5.761614331000809663e+00 9.869398017288328630e-05
5.773882296547530046e+00 9.814512203318911249e-05
5.786153448888407880e+00 9.759723945847715676e-05
5.798430888328152122e+00 9.707394581705177782e-05
5.810698718707794974e+00 9.656131427725894723e-05
5.822968649516642614e+00 9.604859491660225432e-05
5.835247741956022693e+00 9.553549275410607236e-05
5.847517818375936649e+00 9.502276740789357846e-05
5.859777924360419554e+00 9.451045863819009039e-05
5.872043469733759125e+00 9.399792261022884426e-05
5.884316208247446944e+00 9.348508592679549483e-05
5.896588339242491372e+00 9.297227446712902756e-05
5.908862253089940175e+00 9.247000622886604286e-05
5.921140273745074012e+00 9.199012739297297977e-05
5.933416110825472600e+00 9.151107787513538877e-05
5.945693655629928465e+00 9.103196163302614138e-05
5.957960216997184588e+00 9.055327415291500846e-05
5.970224694105725760e+00 9.007466773500313276e-05
5.982501212736559104e+00 8.959559174148217463e-05
5.994773016381848230e+00 8.911669946934177330e-05
6.007052309174411242e+00 8.863751504424499032e-05
6.019323996014493972e+00 8.815896922038604254e-05
6.031591083960865518e+00 8.770044843986512031e-05
6.043864685712702745e+00 8.725320069926928294e-05
6.056140762083756179e+00 8.680586327850063893e-05
6.068414447141080359e+00 8.635861290776532782e-05
6.080682390425510064e+00 8.591157179832069899e-05
6.092950687706149893e+00 8.546451763647805412e-05
6.105222847777539208e+00 8.501732259234490228e-05
6.117498704959920985e+00 8.456999304885675121e-05
6.129764184834314733e+00 8.412304177809290138e-05
6.142038972320288615e+00 8.367732942338531764e-05
6.154304765200349081e+00 8.325549744179724151e-05
6.166569788653463391e+00 8.284158204717536505e-05
6.178846494966856895e+00 8.242727189110179813e-05
6.191116693006394556e+00 8.201318176846142307e-05
6.203394119564271669e+00 8.159884737621609795e-05
6.215666041891435789e+00 8.118469899268671692e-05
6.227935347627760798e+00 8.077063876043420905e-05
6.240216034129863587e+00 8.035619454921778771e-05
6.252491040510594011e+00 7.994194216051605302e-05
6.264748912887735166e+00 7.952934557617412576e-05
6.277022083960849486e+00 7.913660642588076649e-05
6.289302104888057521e+00 7.875134291611106678e-05
6.301575577258628158e+00 7.836628476450754877e-05
6.313842739442879548e+00 7.798142470289628895e-05
6.326111758774734639e+00 7.759650607085451398e-05
6.338388371629334550e+00 7.721134963142099977e-05
6.350653504839701924e+00 7.682655312319245700e-05
6.362925521019373143e+00 7.644154069263509651e-05
6.375199703367512960e+00 7.605646031899925875e-05
6.387469226768377695e+00 7.567154232796454729e-05
6.399745155096550953e+00 7.530000532274933565e-05
6.412021048691203262e+00 7.494024658928994601e-05
6.424291589113733103e+00 7.458064473071779592e-05
6.436561860313417149e+00 7.422105073672293494e-05
6.448839981748705874e+00 7.386122673053174565e-05
6.461108547751658548e+00 7.350168275628691822e-05
6.473374451307642552e+00 7.314221678374161839e-05
6.485648452683405729e+00 7.278251356026009576e-05
6.497912794912579670e+00 7.242309336300143329e-05
6.510188675064301655e+00 7.206333513068885650e-05
6.522469883466725626e+00 7.170763661239872510e-05
6.534740035532724534e+00 7.136985978955628354e-05
6.547014109070398824e+00 7.103391718562427953e-05
6.559280453511415310e+00 7.069818606229012043e-05
6.571544309808293960e+00 7.036252315311227650e-05
6.583821092479313464e+00 7.002650637039123892e-05
6.596089921004116619e+00 6.969070725562696682e-05
6.608365544053812712e+00 6.935472223443831180e-05
6.620644703812256893e+00 6.901864031068581640e-05
6.632912942264358236e+00 6.868285742757831004e-05
6.645177683617404796e+00 6.834717011245012869e-05
6.657442543711369787e+00 6.802136640626953363e-05
6.669722534938342662e+00 6.770748278337039062e-05
6.681993318463547382e+00 6.739386924356270496e-05
6.694261204019748668e+00 6.708032972982004159e-05
6.706541488313978228e+00 6.676647328270644626e-05
6.718813955717831021e+00 6.645281689062745509e-05
6.731080972576989119e+00 6.613929978592973473e-05
6.743359824121949231e+00 6.582547985794836719e-05
6.755631353408082518e+00 6.551184728939407197e-05
6.767898304576293711e+00 6.519833163790280327e-05
6.780174663240607913e+00 6.488464222418486780e-05
6.792450332450066242e+00 6.458291220790122902e-05
6.804726074812886161e+00 6.428999322736241018e-05
6.816986550199255923e+00 6.399743862172316126e-05
6.829262858100193512e+00 6.370450603544179256e-05
6.841539361448875312e+00 6.341156905382415606e-05
6.853798339181921051e+00 6.311905003581415904e-05
6.866070662062549346e+00 6.282621290340413285e-05
6.878342039442563838e+00 6.253339789487372569e-05
6.890609277951348588e+00 6.224068189995651779e-05
6.902882119035200326e+00 6.194783200005514955e-05
6.915161583719115157e+00 6.165482431311150602e-05
6.927430680718094536e+00 6.137173903009939771e-05
6.939709919086802792e+00 6.109822666983282294e-05
6.951990815117643052e+00 6.082467760836283825e-05
6.964254035975310231e+00 6.055152216017016076e-05
6.976522773357487495e+00 6.027824393633920801e-05
6.988800533124341463e+00 6.000476459313967316e-05
7.001071106094600260e+00 5.973144545429472205e-05
7.013333865652984223e+00 5.945830031790398721e-05
7.025600402972400182e+00 5.918507099576031301e-05
7.037876815905639738e+00 5.891162174278445298e-05
7.050143162335931635e+00 5.863839668507650038e-05
7.062413118975667814e+00 5.836976158998079392e-05
7.074690835034955327e+00 5.811485764142933035e-05
7.086953823365687910e+00 5.786118636113855770e-05
7.099228383676583043e+00 5.760727577526854646e-05
7.111513847242655117e+00 5.735313956452176189e-05
7.123796124336221780e+00 5.709906936815744145e-05
7.136061299463858809e+00 5.684535284526541813e-05
7.148327355427038121e+00 5.659161819526132620e-05
7.160609574504935182e+00 5.633754911795292385e-05
7.172879532441566397e+00 5.608373368640136503e-05
7.185145013609509412e+00 5.583001089363021492e-05
7.197419400246670484e+00 5.557634961741842161e-05
7.209686158792262489e+00 5.533473116871146891e-05
7.221957944822181119e+00 5.509958716680021611e-05
7.234230264056627391e+00 5.486443294774901049e-05
7.246500669247545545e+00 5.462931546920348934e-05
7.258778712036681569e+00 5.439405154662530010e-05
7.271045876620886972e+00 5.415899617251052821e-05
7.283317379378636325e+00 5.392385771948536696e-05
7.295585645099416539e+00 5.368878103841903741e-05
7.307853272958525714e+00 5.345371679131711554e-05
7.320126745335258533e+00 5.321854047044458736e-05
7.332403784514088585e+00 5.298329585816490944e-05
7.344684206752194910e+00 5.274923102713066641e-05
7.356944630619157266e+00 5.252703560120933852e-05
7.369203505154014344e+00 5.230766055591615758e-05
7.381489563580306168e+00 5.208779900376172433e-05
7.393767997341700315e+00 5.186807386261460464e-05
7.406035012783036109e+00 5.164855299716049168e-05
7.418310408017617874e+00 5.142888229880002919e-05
7.430583523958874004e+00 5.120925224719158315e-05
7.442848698749097380e+00 5.098976439466684226e-05
7.455115140482812208e+00 5.077025390704240808e-05
7.467393400753554289e+00 5.055053185274933008e-05
7.479670706718533957e+00 5.033082692918678844e-05
7.491938287174950695e+00 5.011246938881173154e-05
7.504211718186098778e+00 4.990479338496481716e-05
7.516487524916406926e+00 4.969968596031511346e-05
7.528756717252752750e+00 4.949468889038463506e-05
7.541025073247601185e+00 4.928970580754475617e-05
7.553289932926945838e+00 4.908478118426916087e-05
7.565561465824747422e+00 4.887974497569227744e-05
7.577833530066534706e+00 4.867469996617712402e-05
7.590111647225785241e+00 4.846955380911461512e-05
7.602381972987688030e+00 4.826453779259067673e-05
7.614655952603478717e+00 4.805946074609940364e-05
7.626936654011594818e+00 4.785427141362914703e-05
7.639201077174127441e+00 4.764953483439476650e-05
7.651464677559008720e+00 4.745348042731255771e-05
7.663742408944604456e+00 4.726198344343457127e-05
7.676018682205153709e+00 4.707050921681139210e-05
7.688277897293473551e+00 4.687930097569649663e-05
7.700553029590799348e+00 4.668784456289448893e-05
7.712841539575106431e+00 4.649617941538971395e-05
7.725115900344815323e+00 4.630473497368696868e-05
7.737377467933403530e+00 4.611349015243535349e-05
7.749649077377426032e+00 4.592208861984521163e-05
7.761925140087297059e+00 4.573061766420048448e-05
7.774189133048908573e+00 4.553933492845981608e-05
7.786454493502858121e+00 4.534803089151776467e-05
7.798729952904426277e+00 4.515951093875932509e-05
7.811006225976846906e+00 4.498012608957664558e-05
7.823273097295126988e+00 4.480153636416211679e-05
7.835544041210333432e+00 4.462288741771318703e-05
7.847819977077952203e+00 4.444416581791081074e-05
7.860089479685364644e+00 4.426553778015909925e-05
7.872351698554277633e+00 4.408701580710990014e-05
7.884626620084905113e+00 4.390830896728945004e-05
7.896910675867973239e+00 4.372946910197523558e-05
7.909185804878801740e+00 4.355075917208832729e-05
7.921449240942633807e+00 4.337221954464561712e-05
7.933712714466360616e+00 4.319367936395641889e-05
7.945992141775624518e+00 4.301490683621468668e-05
7.958263943266027596e+00 4.284156204793775779e-05
7.970529202206244612e+00 4.267488154528073442e-05
7.982815072190602379e+00 4.250793837185087637e-05
7.995091666618705517e+00 4.234112128049428048e-05
8.007352534518663134e+00 4.217451789034101745e-05
8.019627496013539414e+00 4.200772303824268773e-05
8.031903657762798687e+00 4.184091171049644499e-05
8.044177829663981427e+00 4.167412752809964029e-05
8.056443469555411241e+00 4.150745930099182605e-05
8.068702238919343017e+00 4.134088443537757638e-05
8.080979834332703504e+00 4.117405369362550996e-05
8.093254128705954287e+00 4.100726791659292523e-05
8.105527172113761836e+00 4.084049901703718037e-05
8.117799824830797206e+00 4.067899492649276066e-05
8.130070746172389562e+00 4.052374644459421645e-05
8.142347574779897457e+00 4.036843358906117040e-05
8.154613735759548732e+00 4.021325570968463744e-05
8.166891969913633531e+00 4.005792507466593043e-05
8.179177536943971205e+00 3.990250169389286894e-05
8.191440517885343553e+00 3.974736399803814954e-05
8.203698614659973742e+00 3.959228815356184635e-05
8.215977151523059518e+00 3.943695366048290574e-05
8.228243676889508862e+00 3.928177119670150236e-05
8.240504435001721362e+00 3.912666167700946636e-05
8.252785707216327538e+00 3.897129259194220114e-05
8.265065671816016035e+00 3.881594006823056210e-05
8.277324557407441219e+00 3.866382087074366484e-05
8.289585748629670903e+00 3.852009773382504483e-05
8.301876533943493897e+00 3.837654340946229821e-05
8.314155975094262629e+00 3.823312156542899265e-05
8.326420353875711555e+00 3.808987570820842233e-05
8.338685510668618406e+00 3.794662074834564161e-05
8.350960538704741865e+00 3.780325042311064417e-05
8.363227608907420674e+00 3.765997310601702357e-05
8.375495329190206562e+00 3.751668817804974072e-05
8.387774699174400439e+00 3.737326721772120630e-05
8.400050511116273100e+00 3.722988780646945949e-05
8.412324122887586242e+00 3.708653405707245429e-05
8.424591878007328560e+00 3.694324872964436574e-05
8.436851759049160293e+00 3.680022754911952771e-05
8.449126411638403056e+00 3.666327511848762742e-05
8.461409711470588846e+00 3.652934946363654503e-05
8.473680804149562817e+00 3.639555688323659971e-05
8.485956002545906429e+00 3.626171949281733895e-05
8.498224272441392557e+00 3.612795774210001825e-05
8.510487954240929298e+00 3.599424591635011700e-05
8.522772412692955157e+00 3.586030762372635676e-05
8.535053796640809765e+00 3.572640281063568009e-05
8.547317748051932895e+00 3.559268812255468595e-05
8.559569273047319626e+00 3.545910888418486528e-05
8.571845887373589434e+00 3.532525611736865112e-05
8.584118781488212946e+00 3.519144387851202635e-05
8.596382973081230006e+00 3.505772651552793397e-05
8.608649465365420639e+00 3.492470629338522065e-05
8.620929667616577419e+00 3.479813330785307948e-05
8.633209558916400184e+00 3.467314151205985382e-05
8.645469584347553749e+00 3.454835196716574846e-05
8.657746282655869763e+00 3.442339276840263945e-05
8.670026385849459061e+00 3.429839887170710305e-05
8.682297386725101873e+00 3.417349762880810769e-05
8.694565164370990473e+00 3.404862922065197154e-05
8.706839111581698987e+00 3.392369794264401406e-05
8.719120369574609342e+00 3.379869233642181204e-05
8.731387350995687413e+00 3.367383172527105392e-05
8.743648761245099266e+00 3.354902835782463358e-05
8.755929919930125038e+00 3.342402376430704086e-05
8.768209851493411477e+00 3.329903160573257189e-05
8.780467259624447962e+00 3.317475755091994804e-05
8.792716897867451920e+00 3.305658972056804273e-05
8.804990788692478532e+00 3.293998880129959901e-05
8.817278480690440290e+00 3.282325677679628505e-05
8.829539106754184630e+00 3.270678181554286911e-05
8.841804501929178883e+00 3.259026164253363912e-05
8.854088314059325171e+00 3.247356646940705911e-05
8.866365466353054003e+00 3.235693455395351138e-05
8.878627519001241808e+00 3.224044606646701047e-05
8.890896645518441943e+00 3.212389038752962004e-05
8.903187831684247655e+00 3.200712515088083602e-05
8.915456225116132671e+00 3.189057650923591338e-05
8.927709781126756283e+00 3.177416868791249274e-05
8.939990152027949222e+00 3.165750624713845350e-05
8.952272270807998922e+00 3.154082711217853140e-05
8.964541107018792587e+00 3.142815930364695225e-05
8.976809356349257030e+00 3.131940914320349814e-05
8.989080468384209155e+00 3.121063366120822256e-05
9.001360866934389193e+00 3.110177582887083212e-05
9.013628467605453665e+00 3.099303153146843517e-05
9.025896643178507261e+00 3.088428205619137543e-05
9.038179937995256097e+00 3.077539859367604624e-05
9.050449765342662545e+00 3.066663445897645945e-05
9.062703389140500221e+00 3.055801398614820539e-05
9.074965207442557968e+00 3.044932088189481899e-05
9.087254563502222382e+00 3.034038361505652043e-05
9.099528168298895991e+00 3.023158609256350508e-05
9.111784657965019463e+00 3.012294024839476514e-05
9.124064072285285931e+00 3.001409114905461361e-05
9.136356442171548409e+00 2.990562334473608730e-05
9.148620768239394963e+00 2.980273189793773673e-05
9.160876544471626914e+00 2.970137125196739626e-05
9.173170706417419495e+00 2.959969309420841527e-05
9.185440601819509610e+00 2.949821563431869411e-05
9.197674402580403807e+00 2.939703672344574627e-05
9.209944845369468780e+00 2.929555474859140359e-05
9.222235240478099172e+00 2.919390776746330334e-05
9.234498421270382451e+00 2.909248583459817699e-05
9.246753046439533108e+00 2.899113472809002002e-05
9.259037423527585631e+00 2.888953747807485815e-05
9.271318620244818121e+00 2.878796660881031101e-05
9.283583735052717500e+00 2.868652866901226359e-05
9.295857464896441158e+00 2.858501949294870644e-05
9.308129938852692575e+00 2.848352073574192934e-05
9.320409396199853092e+00 2.838262813492340540e-05
9.332685982394551161e+00 2.828684154779353095e-05
9.344943288712755702e+00 2.819227288948913661e-05
9.357241097457126955e+00 2.809739172382665022e-05
9.369539418685082666e+00 2.800250661842186312e-05
9.381779229270216902e+00 2.790807292043004086e-05
9.394040987290516398e+00 2.781346990581572170e-05
9.406338762356838856e+00 2.771858901030935230e-05
9.418612061369849187e+00 2.762389696222926271e-05
9.430853312326764382e+00 2.752945215094785092e-05
9.443145451901411747e+00 2.743461472310875906e-05
9.455452709694613489e+00 2.733966065951529828e-05
9.467696364511542839e+00 2.724519728897613512e-05
9.479945819457697098e+00 2.715068937306711405e-05
9.492244655254580721e+00 2.705580015691940888e-05
9.504520965108966379e+00 2.696126413729459163e-05
9.516771803388767381e+00 2.687187259451375985e-05
9.529051481510224519e+00 2.678452658142883809e-05
9.541350025665284562e+00 2.669704637273968213e-05
9.553614768156799997e+00 2.660980659419405668e-05
9.565852790388564841e+00 2.652275690022190264e-05
9.578130809331275586e+00 2.643542265672137583e-05
9.590421864960230636e+00 2.634799569472634921e-05
9.602686181770573981e+00 2.626075893896950641e-05
9.614937662773536786e+00 2.617361352485913953e-05
9.627210560705263376e+00 2.608631574463898212e-05
9.639520699396086911e+00 2.599875303100194181e-05
9.651794241248827788e+00 2.591145068995959533e-05
9.664021032207420703e+00 2.582448083817766345e-05
9.676318634298157306e+00 2.573700732445371078e-05
9.688615674018457469e+00 2.564953780293564650e-05
9.700826852982181947e+00 2.556407259521397023e-05
9.713081166884682816e+00 2.548253052974847014e-05
9.725420455621609506e+00 2.540071334764889584e-05
9.737699645480059729e+00 2.531929468900073659e-05
9.749902593026686048e+00 2.523838151476385358e-05
9.762190849728799691e+00 2.515690273646482568e-05
9.774524940846697874e+00 2.507512002332508633e-05
9.786774990485199055e+00 2.499389455482215055e-05
9.798979237984754675e+00 2.491297279593008776e-05
9.811278410684318274e+00 2.483142160445699713e-05
9.823611365372379112e+00 2.474964643375463218e-05
9.835856550733424797e+00 2.466845321960068870e-05
9.848110951745821851e+00 2.458719889290280207e-05
9.860407999080017305e+00 2.450566177545304044e-05
9.872697756535982805e+00 2.442417307280157228e-05
9.884901659674879326e+00 2.434325354083240973e-05
9.897163985466415070e+00 2.426388323773851614e-05
9.909521851063152198e+00 2.418733936780499030e-05
9.921769663419794938e+00 2.411154245392631781e-05
9.933970968713669691e+00 2.403603338060707729e-05
9.946258349058943793e+00 2.395999163646384613e-05
9.958599731472778771e+00 2.388361568222753618e-05
9.970856168930207986e+00 2.380776539007427818e-05
9.983057062371893053e+00 2.373225889211268941e-05
9.995368158914336831e+00 2.365607035579705007e-05
1.000768766130018861e+01 2.357982980448651293e-05
1.001992053321067289e+01 2.350412537123973384e-05
1.003216821560764771e+01 2.342832930197271071e-05
1.004452721403794868e+01 2.335184430558732150e-05
1.005681735429030432e+01 2.327578548948386098e-05
1.006892582260663183e+01 2.320085093883116271e-05
1.008118098452082378e+01 2.312500860588227912e-05
1.009358755195854052e+01 2.304944679612472459e-05
1.010587134048773628e+01 2.297828137028028474e-05
1.011803703711579772e+01 2.290803198156222972e-05
1.013033056705357637e+01 2.283704436509986937e-05
1.014269263027678747e+01 2.276566107138347248e-05
1.015492120489713024e+01 2.269504857039047221e-05
1.016713759032503184e+01 2.262450644835645313e-05
1.017948266035775617e+01 2.255322127541496536e-05
1.019180049867154914e+01 2.248209329945138874e-05
1.020392979284387813e+01 2.241205407706168122e-05
1.021616753504563135e+01 2.234138864192537234e-05
1.022862669528350033e+01 2.226944464914916869e-05
1.024089245129418302e+01 2.219861744893442232e-05
1.025291723007928013e+01 2.212918174735378427e-05
1.026520932100148897e+01 2.205820244776276849e-05
1.027774506306910318e+01 2.198581627153844010e-05
1.028999589535894721e+01 2.191519251965990506e-05
1.030201632116065191e+01 2.184896834646349865e-05
1.031435683160246697e+01 2.178248535881117874e-05
1.032681210725006338e+01 2.171538409168257013e-05
1.033902832711680553e+01 2.164957068446945717e-05
1.035115261018229660e+01 2.158425260280953138e-05
1.036349925152719464e+01 2.151773659078658931e-05
1.037588452686740936e+01 2.145101240636127947e-05
1.038798882750531583e+01 2.138580191694067079e-05
1.040024061411546796e+01 2.131979698475985511e-05
1.041275466762403745e+01 2.125237907285266943e-05
1.042497437395719295e+01 2.118654686385257571e-05
1.043688539230566192e+01 2.112237771431452264e-05
1.044935704554474043e+01 2.105518819517482768e-05
1.046202522343027752e+01 2.098693994437385898e-05
1.047400785250685118e+01 2.092238502170157407e-05
1.048587764924572419e+01 2.085843789881368875e-05
1.049857477665452521e+01 2.079042545055705357e-05
1.051126978619461916e+01 2.072579206650752485e-05
1.052285386394314770e+01 2.066757294108849727e-05
1.053473993131735220e+01 2.060783602753828245e-05
1.054774671867871128e+01 2.054246659327281204e-05
1.056046331403275573e+01 2.047855568813237949e-05
1.057159342937813484e+01 2.042261798386404861e-05
1.058363554604334311e+01 2.036209677974597652e-05
1.059705223772767368e+01 2.029466725879245891e-05
1.060980007826281124e+01 2.023059930239062292e-05
1.062041006728784431e+01 2.017727568802083344e-05
1.063264563316425537e+01 2.011578220107822760e-05
1.064639384541436584e+01 2.004668662708887974e-05
1.065914814163454949e+01 1.998258599021989919e-05
1.066936599425687149e+01 1.993123320020639145e-05
1.068170647251649896e+01 1.986921251384677654e-05
1.069565989882602963e+01 1.979908551875741440e-05
1.070841615580203232e+01 1.973527950344457587e-05
1.071820812972623926e+01 1.968847630844571347e-05
1.073084847252518337e+01 1.962925573916947001e-05
1.074490552624379625e+01 1.956339780208938742e-05
1.075610992590358350e+01 1.951090481156988421e-05
1.076616814766807195e+01 1.946378198153561585e-05
1.078006968453032144e+01 1.939865265196970932e-05
1.079413827513433510e+01 1.933274067775939432e-05
1.080500555627140002e+01 1.928182708654253814e-05
1.081522922201470926e+01 1.923392893421715629e-05
1.082926366203709634e+01 1.916817686115360810e-05
1.084324133780694766e+01 1.910269103914728238e-05
1.085447970303622078e+01 1.905003905862527353e-05
1.086383196285792785e+01 1.900622315328551686e-05
1.087748622894287109e+01 1.894225215437472798e-05
